0 -0.420264530029 -0.862618569558 -0.952597121421 0.241483316397 -0.359244146268 
0 0.314456541071 -1.04146390889 -0.840281492828 0.519177774166 -0.453230076975 
0 -0.614526378618 -0.95441506656 -0.626375519479 0.818737099887 -0.160729313438 
0 -0.504150727463 -1.07871653392 -0.989719244892 0.577712492582 -0.465480593516 
0 0.0172350863231 -0.485923710912 -0.537513621958 0.39841522049 -0.734853543728 
0 -0.262585283286 -1.12625981936 -0.925863827658 0.756023053614 -0.677543775401 
0 -0.577687857536 -0.687020953266 -0.625784117127 0.345071463681 -0.937444735806 
0 -0.535918923075 -1.07591843706 -0.830641217631 0.536330775446 -0.829992536885 
0 -0.273647144583 -0.759386074339 -0.641251001842 0.744832674472 -0.514897263631 
0 -0.255971393294 -0.83449277072 -0.734169795001 0.593955235012 -0.843998741704 
0 -0.155053163624 -0.557667226315 -0.520450879314 0.713206598048 -0.642009227138 
0 -0.31239541399 -1.01928778322 -1.05815621578 0.571092907466 -0.314761482985 
0 -0.620483338819 -0.566037442565 -0.556251062761 0.284021656505 -0.745294991381 
0 -0.686318781376 -0.789696248192 -0.87989573452 1.00538689029 -0.594173341872 
0 -0.365343885261 -0.82765868745 -0.788286001384 0.937127108875 -0.724556308707 
1 -0.584440873265 -0.284550996141 -0.580801454701 -0.861814485014 0.466764736053 
1 -0.345068501139 -0.116095177991 -0.0373445820161 -0.646148665515 0.953894197494 
1 -0.256283699547 -0.393196021568 -0.14218529029 -0.72741502218 0.708258665935 
1 -1.07435560919 -0.481537162345 0.0109322244091 -0.389646641433 1.07497221451 
1 -0.0380917704666 -0.215046473963 -0.173628363697 -0.410682142319 0.864195533725 
1 -0.175450406383 -0.179413701219 -0.00313875047472 -0.742957588505 0.544919427619 
1 -0.172208574769 -0.370855109533 0.251729211072 -0.581539435252 0.419064512027 
1 -0.17464979624 -0.184719804782 -0.530692082966 -1.01986712667 0.861621661005 
1 -0.442996345964 -0.197547873241 -0.465186067804 -0.162727147589 0.782532302025 
1 -0.329064071521 -0.045169522378 -0.389729658081 -0.552151421567 0.808224483677 
1 0.0364125281599 -0.287699634703 -0.401768061899 -0.095927232192 0.801930893685 
1 -0.00879641822151 -0.00643176681914 -0.146653878103 -0.727439098436 0.421589888768 
1 -0.872190692458 -0.639515099656 -0.496581792814 -0.982368914914 0.865456508769 
1 -0.705173563915 -0.208266164173 -0.0939586464928 -0.663217253487 0.579659708636 
1 -0.149045463922 -0.519277102704 -0.176899802886 -0.675408198292 0.655221437088 
2 0.573176658611 -0.062699999438 1.00330256617 0.0721752807345 -0.918522530511 
2 0.805981832313 -0.761291118324 1.07952263996 0.312238564915 -0.51692919987 
2 0.744898876793 -0.811569343545 0.842574968142 0.133452009537 -0.658296556463 
2 0.940273317575 -0.532590713173 0.918656870883 0.306772577725 -0.550806690185 
2 0.996549069178 -0.404657876342 0.955137720797 0.25259935949 -0.492506643207 
2 0.574330329847 -0.574813726197 0.496954040849 0.420135818564 -0.482464866664 
2 0.542123902179 -0.993108783966 0.799885524517 0.39113443017 -0.265183548753 
2 0.637713318703 -0.536600355062 0.850626433626 -0.143412208985 -0.449139412063 
2 0.523287718922 -0.696111576503 0.776386503925 0.0186831220593 -0.231091472765 
2 0.82003635859 -0.345870012537 0.919597114041 -0.207548029477 -0.129036499919 
2 0.729272891043 -0.1513796538 0.678173306376 0.089896600172 -0.137110720755 
3 0.285674029337 0.329198453443 -0.71040666205 -0.203622475104 -0.0881472313469 
3 0.612909465557 0.554760308419 -0.429576702 -0.115451902235 -0.852714813843 
3 0.275181831241 0.723766863736 -0.614345536683 0.294830302912 -0.616638132768 
4 0.671286646757 -0.94311078983 -0.483377537205 -0.745664163568 0.251882451412 
4 -0.0993439620686 -1.07133595159 -0.327272817524 -0.521335681826 0.19697546266 
4 0.343409507473 -0.533295069675 -0.0122799304104 -0.290021496475 0.0344061280603 
5 0.919867901512 -0.28888836317 -0.817840644241 0.597209369807 -0.802060206106 
5 1.3050437688 -0.396942981318 -0.59050685672 0.249726782533 -0.779120809341 
5 0.976011036886 -0.729788769122 -0.958115734382 0.884386979722 -0.803298402577 
5 1.26003554241 -0.283119915258 -0.726489824444 0.198836671703 -0.597967471365 
5 1.11475100506 -0.752648317592 -0.704906115678 0.479362904762 -0.498999308812 
5 0.96816291848 -0.539183995198 -0.978527991919 0.614940390109 -0.717178802363 
5 1.19575661528 -0.241256196108 -0.677057791996 0.768811875292 -0.400091284427 
5 1.2919696804 -0.685450482942 -0.516133902526 0.658227015 -0.404318302246 
5 0.779804510274 -0.681194844421 -0.753558019865 0.332673788421 -0.608015116204 
5 0.813518321177 -0.299227725653 -0.0944349967833 0.877494447377 -0.322973092012 
5 0.976143290814 -0.135184276221 -0.876754660245 0.612626035223 -0.169896334327 
5 0.677440708793 -0.729595791261 -0.568197552275 0.525376195699 -0.604215767073 
5 1.16281481573 -0.368920754017 -0.99979677464 0.281543418403 -0.855878301887 
5 0.680028757382 -0.169868125532 -0.560392618877 0.249351658291 -0.795379245913 
5 0.773708887119 0.0552878816033 -0.497648391054 0.431554085223 -0.631378254164 
5 1.07961126153 -0.526623858545 -0.804093399513 0.634238804978 -0.311859292077 
5 1.19911492363 -0.372842815696 -0.794305622917 0.546688028807 -0.426841883455 
5 0.86889490415 -0.322488924253 -0.75517654041 0.580338968282 -0.649234901374 
5 0.780070004333 -0.483696296334 -0.55742384941 0.260728694167 -0.328831851207 
6 -0.669978618047 0.516946993661 -0.568666771152 0.164999304885 0.646506429156 
6 -0.806122309927 0.85900692083 -0.776183374035 -0.341250356967 0.437824562289 
6 -0.790446843634 0.373576825052 -0.446861634833 -0.0982626430509 0.384645303575 
6 -0.951788860738 0.285031886715 -0.776158873548 -0.112331409474 0.205992996253 
6 -0.83539036215 0.897069009856 -0.731428107473 -0.228459515746 0.216937576459 
6 -0.544754720348 0.879443956607 -0.58559111736 -0.323194151892 0.50444735198 
6 -0.945282347434 0.349541144925 -0.849911889884 -0.385595842331 0.310000008699 
6 -0.796042426809 0.559408174654 -0.596963706726 -0.0025462318016 0.171296488971 
6 -0.434014972315 0.41538851005 -0.791718588787 -0.177237819521 0.365005682886 
7 -0.407659645646 -0.815781350943 -0.0246174836735 -0.616507635898 0.257473697502 
7 -0.553585537889 -0.0476834230752 -0.0726651078063 -0.331748394263 0.0894261780625 
7 -0.308937535132 -0.106111984727 -0.0036106169585 -0.328851525767 0.365595274708 
7 -0.298005873345 -0.373310372563 -0.248756051026 -0.682832009593 0.237236969612 
7 -0.314224631906 -0.532897877976 -0.0588862308573 -0.158055386797 0.694804786811 
7 -0.983956879395 -0.214939438813 0.211061477325 -0.715236134557 0.30851913773 
7 -0.180323465549 -0.710885691942 0.0147082100946 -0.100746228562 0.277535810878 
7 -0.356265105825 -0.479104511087 0.259617760891 -0.496456229563 0.502029573386 
7 -0.395051624725 -0.284385432776 0.0573878250368 -0.43558752937 0.170942545104 
7 -0.135793844308 -0.350900406768 0.303014738756 -0.442832605153 -0.251964784555 
7 -0.529839978168 -0.147416631178 -0.39232365994 -0.482751229667 0.468186405919 
7 -0.509866879037 0.0736241936134 0.16761343453 -0.726968978801 0.302930961522 
7 -0.36330856341 -0.282656536839 -0.325288765207 -0.55280519242 0.241294961864 
7 -0.701954774136 -0.254475483912 0.0614816793748 -0.377214780355 0.785102992743 
7 -0.166069161902 -0.203187894302 0.010598588673 -0.315362375772 0.586908434148 
7 -0.654829459983 -0.668582143171 -0.178379383474 -0.0728305631141 0.446751690063 
7 -0.548951233802 -0.278147916351 0.0179808854448 -0.265641794047 0.287883655252 
7 -0.0901514827081 -0.198011402934 -0.214411200031 -0.521711775014 0.463954129995 
7 -0.499551713815 -0.384907779312 -0.0118473731977 -0.0565636469197 0.383453936471 
8 0.151581688657 0.942536940487 -0.661319211621 -0.755119998611 -0.814250003258 
8 0.264093354213 0.813668366264 -0.623848856699 -0.950855279796 -0.754128119517 
8 -0.572544562142 0.823112974789 -0.429253588254 -0.327325788669 -0.370683635655 
8 -0.0986196185622 1.12942746 -0.461329225298 -0.223993979826 -0.329289156327 
8 0.0379734269413 0.995210705778 -0.556765540324 -0.702114957746 -0.493002654591 
8 0.102714148576 0.575340273121 -0.141004220239 -0.29184982491 -0.752088094304 
8 -0.01822893758 0.86186528268 -0.74047436412 -0.257848931901 -0.331970676682 
8 -0.120939091092 0.759210114398 -0.66556459422 -0.64087884505 -0.615364372852 
8 0.129578822855 0.597515674013 -0.20580442257 -0.653696460179 -0.450038121084 
8 -0.136184141303 0.447558144391 -0.798882381863 -0.298475893946 -0.803393406139 
8 0.265749138868 0.411876308586 -0.428346373805 -1.05474876793 -0.565582493654 
8 0.0278693741446 0.743885396707 -0.663623632951 -0.276633477597 -0.356745420429 
8 0.125062889173 0.859231949381 -0.504584680846 -0.642574753184 -0.562882576067 
8 0.486657916781 0.653608679571 -0.885216374138 -0.720300624017 -0.756929888796 
8 -0.0095318371002 0.977418627166 -0.472458373951 -0.813562893464 -0.693253244172 
8 -0.533539280404 0.937442162334 -0.252071358547 -0.842990714233 -0.66622329756 
8 0.0400555979912 0.603804523169 -0.458625905956 -0.374992924318 -0.472033411322 
8 -0.304106233159 0.788270570145 -0.594162110591 -0.967069470635 -0.44653004707 
8 -0.071389563344 0.861724389789 -0.480914750746 -0.596919451033 -0.256689373702 
9 -0.343817479949 -1.06113508673 0.45737634915 0.192570789443 0.900025536316 
9 -0.110075965832 -0.690015280509 0.808351603198 0.114674014672 0.499583297651 
9 0.0432979986028 -1.00880619144 0.789501402429 0.0876676694127 0.619260781772 
9 0.0780709792596 -0.662880087804 0.289804902939 -0.275139404614 1.17109577048 
10 -0.280335968145 0.595739858543 -1.19098071394 0.706025474317 -0.381971875801 
10 0.0400886570342 0.727170124259 -1.10591575762 0.481891996018 -0.294362753414 
11 0.916354300297 0.901894850621 0.483543892404 0.477072568625 -0.670543791282 
11 1.09504571103 1.14461649255 0.348522135432 0.345017155549 -0.297475664955 
11 1.05249926712 1.00526668508 0.341863114898 0.474691394311 -0.537236852548 
11 1.14149511224 1.37330273157 0.23544459694 0.457956825302 -0.166016281776 
11 0.42757716687 0.938465788967 -0.00908206443547 0.789903116346 -0.431660331946 
11 0.929435000099 0.940939940413 0.229661051444 0.424933483391 -0.273115674685 
11 0.936059297212 0.716556494651 0.49440803285 0.706536136508 -0.495871778955 
11 0.721044720005 0.753251665368 0.576067281072 0.749728079483 -0.333349315782 
11 0.662891062779 0.688408792456 0.145742583758 0.493000238643 -0.199909281202 
11 1.30185247753 1.09249810478 0.356596465746 0.238737462513 -0.182965028754 
11 0.831467106706 0.82036584422 0.50335861167 0.718132692902 -0.171458996949 
11 0.958255366869 0.975383938366 0.592989665737 0.87073635302 -0.853622255207 
11 0.785386652776 0.54316441601 0.521955614091 0.757316321721 -0.338726826011 
11 0.678385935371 1.06974416811 0.25324322554 0.738561291528 -0.738358601213 
11 0.936501904479 1.18574961847 -0.269188086791 0.358264743683 -1.025560237 
11 0.985484960996 0.498928947129 0.17133907538 0.792487519498 -0.182350094457 
11 1.36873810188 0.989075968313 0.306068484185 0.623819673678 -0.408559551862 
11 0.800361968944 0.94367562559 0.207646829882 0.490097080311 -0.262342430306 
11 0.813210423002 1.27611589638 0.0918374114422 0.456982470863 -0.731404038805 
12 -0.365286928765 0.931484389128 -0.192991489525 0.0100219526557 -0.314952772618 
13 0.163569725267 -0.622125963937 -0.3443120044 -1.18440372601 0.286233523682 
13 -0.203822450593 -0.792806162856 -0.610613655489 -1.00237100293 0.400847449635 
14 0.112706631844 -0.764311640308 -0.524409770493 0.517821922784 -0.482139937414 
14 -0.0896628092038 -0.897900191543 0.258911292695 0.707735799184 -0.885276178505 
14 -0.419571656892 -0.551364396637 0.165932915324 0.93387775854 -0.482665995677 
14 0.0794136002175 -0.645742880232 -0.0679296836716 0.948934373552 -0.637223603058 
14 -0.0668031521996 -0.0926382656528 -0.165477474224 0.652719271936 0.39299837028 
14 0.0255788687995 -0.640114292491 -0.041670990715 0.944433790234 -0.506177778531 
14 -0.290247979953 -0.553039146053 -0.0491408806979 0.868474378658 -0.317156230029 
15 -1.03882450816 0.79189220539 -0.957409876709 -0.150325670503 -0.177524195194 
15 -0.912872778688 0.503394737363 -1.03278318887 -0.00589604855421 -0.18710517636 
16 0.534871713046 -0.435964988967 -1.35068208378 0.590394530915 0.558532463161 
16 0.427020084365 0.0672150649661 -1.05381613857 0.736436773197 0.262500304648 
16 0.15978933644 -0.428723001214 -0.736686811879 0.685257020136 0.278910852074 
16 0.872480801638 -0.429011749865 -0.989461783211 0.114207359283 0.817691485838 
16 0.427028523066 -0.517693128059 -1.18323703035 0.485045131934 0.173533817686 
16 -0.00018648722323 -0.559848647821 -0.891433641936 0.607689557005 0.483271796351 
16 0.150846152461 -0.483409316416 -0.607088313047 0.317077174591 0.389587769714 
16 0.59781305223 0.0504505188738 -1.23257220945 0.432351543236 0.277940185847 
16 0.181628844843 -0.693831541666 -0.898833759432 0.667635434664 0.395366656468 
16 0.10321021827 -1.06705105417 -0.93833893802 0.456529741968 0.434886427829 
16 0.181574985389 -0.658639964865 -1.19913610125 0.465273614309 0.201687772394 
16 0.117490283146 -0.172523198383 -1.1014276903 0.481995250535 0.303573718349 
16 0.328609879407 -0.430653858283 -1.16527723347 0.403516455534 0.108921300345 
16 0.52064224454 -0.337868407469 -1.2804105607 0.716824360822 0.463277644497 
16 0.011719589675 -0.277737526762 -1.04805268752 0.440044962285 0.678342870961 
16 0.208395684236 -0.218440721996 -0.938632983839 0.507276569106 0.781341472772 
16 0.059550073152 -0.611669929714 -0.792556239411 0.572133817574 0.330379429798 
16 0.0572339387932 0.016718887106 -0.912588551878 0.146758775395 0.213218849307 
17 0.947411128978 -0.776552609074 0.169994952121 0.481099634789 -0.0751235429703 
17 1.22283739863 -0.557259122164 0.245365354129 0.511983849672 -0.461405111066 
17 0.727959663862 -0.344006915253 0.44952049781 0.542494043993 -0.300647758648 
17 0.998638463922 -0.15998396627 0.376436112708 0.596508426989 -0.0406351376377 
17 0.746382963947 -0.786357471192 0.558236978576 0.424141048794 -0.117001388974 
17 0.716270552199 -0.26248803448 0.207171823004 0.514827696289 -0.466636302972 
18 0.6084389685 -0.47864316686 0.324865954704 -0.3398388569 0.525769538879 
18 -0.196973495009 -0.440383205321 -0.0784309277975 -0.144331795845 0.298520042994 
18 0.600511820214 -0.763967496652 0.00617818223354 -0.373439608559 0.692368929733 
18 0.290819020895 -0.709385447684 0.325336638199 -0.0910786028419 0.586489127578 
18 -0.0303711436063 -0.672098146584 -0.0447373136019 -0.461123039418 0.651521901666 
18 0.0302821368758 -1.14003773729 -0.203284253802 -0.235953627725 0.917514035032 
18 0.36767606973 -0.68962741553 -0.291514000045 -0.0439303558818 0.436964276795 
18 0.148570226976 -1.13407974298 0.155575909184 -0.0957118088149 0.946477067818 
18 -0.18663884261 -0.869548585518 0.435153633613 -0.453316121026 1.0683110714 
19 -0.181944449033 0.560436389426 -0.917278327426 -0.988830843028 0.372375683356 
20 0.623233518605 -0.49232966071 0.659734123447 0.868713994167 1.06938015165 
20 0.552453574881 -0.294922733553 0.503981924821 0.521636310325 0.899473944241 
20 0.672299820421 -0.0928638866863 0.811651694219 0.839319294072 0.697739002879 
20 0.790948759586 -0.0379055279592 0.869670902695 0.453641922929 0.67484099964 
20 0.730313592546 -0.131507739999 0.547911980376 0.2833474722 0.497701437102 
20 0.740853110786 0.269837871472 0.86892956792 0.970604744334 0.632241924303 
20 0.70295486564 0.0781607224354 0.861391649299 0.453216977608 0.449568799726 
20 0.773143853883 -0.0926458777757 0.876065152509 0.503647519031 0.378549465693 
21 -0.0984278919596 -0.534865778512 0.0797355659125 0.680931184844 -0.692177998249 
21 0.210162020161 -0.671745783391 0.147218334827 0.470212944835 -0.619251608824 
21 0.288570925578 -0.623844229925 0.054703304058 0.459389183266 -0.42643095283 
21 0.00217564934311 -0.381252041061 0.668709208685 0.370277979759 -0.323326646186 
21 0.501669754618 -0.270475250086 0.314831329936 -0.00378944326742 -0.37007303516 
21 -0.0481364205517 -0.831020010659 0.212993913957 0.388687553753 -0.450585743309 
21 0.405294439655 -0.440397709344 0.301740823429 0.464998330415 -0.193818760591 
22 -0.0892041416316 0.208651274231 -0.275326457902 -0.124285716292 0.0686795536941 
22 0.108913767467 0.492466558301 -0.212523201035 -0.416267889458 0.222057453238 
22 -0.072787709283 0.589192353048 0.078393564675 -0.607046516229 0.0577548309424 
22 0.227886338796 0.427602637834 0.185570069642 -0.440303601411 0.512376367323 
22 0.401139235633 0.53730646445 0.241045746941 -0.332777067708 -0.4177464169 
22 0.248358477549 0.819040739354 0.0900353552969 0.0676110644612 0.498312359418 
22 0.376915860634 0.544663424189 -0.285131546762 -0.056927252365 0.10254198062 
22 -0.135893916212 0.230309109292 -0.156022799799 0.232215806878 0.0889061922457 
22 0.220604676087 0.582686225211 0.256137834607 -0.341881423632 0.262602893995 
22 0.068924614826 0.912046671257 -0.178071526307 -0.284601183233 0.419074596122 
22 0.313460114801 0.449534657045 0.192096082588 -0.501797151626 0.398593294883 
22 0.175215508869 0.560365726391 -0.142979360978 -0.402523730204 0.0775547997212 
22 0.620583804847 1.00338651447 -0.0168508593167 0.0763272056376 -0.0336025862752 
22 0.0724127138435 0.232775850274 0.213417695451 0.411736804904 0.76959305631 
22 0.22505909074 0.972784847768 -0.0445893187306 -0.157005630832 0.269780002631 
22 0.748645574564 0.885012831506 -0.0577221669848 0.240981586095 0.541632476877 
22 0.581480761421 0.896991601719 -0.00966263135362 -0.282112352898 0.517699865784 
22 0.188813167803 0.592064362432 -0.108922533318 0.0757533627815 0.417860650089 
22 -0.305217864212 0.122036582786 -0.232515424157 -0.236034137544 0.115779569856 
23 -1.06588340948 -0.426963769072 -0.0863124691935 1.12297085803 0.155521626138 
23 -0.483213801449 -0.36366373377 0.0274516192558 1.02541026891 0.733036659971 
23 -0.67595091573 -0.165797668515 -0.250657865772 0.784433510637 0.451937139031 
23 -0.664370113671 -0.429884477247 -0.528430463664 1.03174810823 0.980292916941 
23 -1.11321415193 -0.256436124647 -0.357597102092 0.591699061352 0.389262844171 
23 -0.802860026283 -0.397239320517 -0.178547343361 0.817792101254 0.13300185039 
23 -1.07451016499 -0.566805917686 0.232056141494 1.05681269628 0.864752590815 
23 -0.717011271359 -0.596873562248 -0.0962839654203 0.671089515675 0.552137696489 
23 -0.494750002934 -0.775898779269 -0.370147064891 1.07165046321 0.483767087226 
23 -0.746117487178 0.103141357583 -0.457703705862 1.000363082 0.394268922601 
23 -0.877974050334 -0.759103553348 -0.157158329946 0.548189849536 0.491403611327 
23 -0.727980222608 -0.394598869797 -0.288895630682 0.853052358484 0.246220975243 
23 -0.65047289362 -0.301522028899 -0.394567121048 1.17645677564 0.731368393111 
23 -0.418181924405 -0.613065662633 -0.0142998113315 1.07842046996 0.807718582283 
23 -0.503293002936 -0.45248981409 -0.359846493704 0.867248112997 0.634703604924 
23 -0.997333409239 -0.340652357546 0.294059474272 1.01826634341 0.0368499237741 
23 -0.982133503328 -0.731780654206 -0.0408736793392 0.686152495797 0.320910663701 
23 -0.591769464161 -0.708146230921 0.224943425144 0.969131193095 0.713871126229 
24 0.689867420323 0.578845736639 0.230631345911 -0.612806334306 0.281684307207 
24 0.247438989017 0.427567752519 -0.0537901652381 -0.724839282861 0.00676639329668 
24 0.406910750951 0.288685922393 -0.392795975488 -0.331537576512 0.440056350814 
24 0.154152709893 0.280442219739 -0.95870749426 -0.7368580059 0.58405261358 
24 0.198269932813 0.474499491745 -0.243097313424 -0.4682979698 0.461764670978 
24 0.451858439145 0.791412945102 -0.4537913552 -0.618309224816 0.238726455652 
24 0.28554518375 0.3020203753 -0.35919703495 -0.187594484935 0.330575977493 
24 0.41072992604 0.269952217188 0.00132375067433 -0.276909113985 0.591907448404 
24 0.282540099147 0.462092431533 -0.342849476695 -0.668387373471 0.182946336253 
24 0.316733925537 0.401387376558 0.0077330513405 -0.472843383181 0.14868833356 
24 0.00110551081352 0.729119385165 -0.516209589926 -0.835450409371 0.560214026994 
25 0.169651007418 -0.333506753251 0.904678695029 0.249217472774 -0.647622959701 
25 0.176539219861 -0.545323823802 0.577652790821 0.662072956389 -0.102855469223 
25 0.226947546686 -0.620350418797 0.753849974631 0.693103587631 -0.42346387724 
25 -0.0132806032072 -0.34567362387 1.37753108691 0.619929852987 -0.433085795447 
25 -0.361332208707 -0.337053153479 1.14749136864 0.267190420253 -0.575333847937 
25 0.172404270181 -0.292903735547 1.06006536666 0.330883221217 -0.50607133295 
25 -0.108301830765 -0.70877249198 1.07127822049 0.193620946702 -0.637765806531 
25 -0.0833896789484 -0.508246493368 0.977983308897 0.515999251007 -0.539553948472 
25 0.199440530277 -0.628770193289 0.908402636572 0.324005973731 -0.787784108015 
25 -0.115108131533 -0.47976385866 1.09417986688 0.442770656281 -0.450609504358 
25 -0.0261413989249 -0.15648707998 1.16119510525 0.415095638393 -0.227426268982 
25 -0.19142831706 -0.827735493185 0.467585736621 0.594031588113 -0.564404307448 
26 0.322673369097 -0.43654388863 -0.707174498819 1.00563505566 0.779074311455 
26 0.673356344337 -0.513171154912 -0.495669191174 0.990839618789 0.865929716683 
26 0.528914286969 -0.169970842999 -0.72050120013 0.920097571769 1.07060621296 
26 0.37745388455 -0.157184394923 -0.784529474012 1.00862747864 0.945182179941 
26 0.67314940291 -0.277554835557 -0.520676383078 0.809153698703 1.06884876136 
26 0.45790474389 0.0902897588837 -0.896041769466 0.863552208555 1.18790676614 
26 0.530049833492 -0.4462775085 -1.10883598624 0.758672556878 0.85583420215 
26 0.741429487409 -0.503191502615 -0.744116886452 0.722357253763 0.92383740659 
26 0.211354706094 -0.401772156847 -0.474032248302 1.05660192392 0.743052020481 
26 0.412302135987 0.179804242126 -0.842300409535 1.3079024436 0.533475004349 
26 0.66849714233 -0.282116759865 -0.875083283915 1.04405397131 0.578278874271 
26 0.786574950898 -0.140338265691 -0.454815041707 1.19329576967 0.918783526399 
26 0.544394130896 0.433664862403 -0.814896211423 1.05959485884 0.500987382698 
26 0.600735520359 0.0549863693004 -0.552713186681 1.18962728981 0.737056076421 
27 -0.748888171831 0.761175305367 1.0518488851 -0.25095827982 1.03861417658 
27 -0.440145007495 0.321141865415 1.38773605385 -0.274501254931 0.589683171564 
27 -0.350092348559 0.33101906461 0.915990411865 0.0809887146978 0.796481217595 
27 -0.468802729968 0.35787816347 1.19479641687 -0.346573982382 0.893758475681 
27 -0.459427833012 0.731661924895 1.20979902767 -0.299048634323 0.849567881907 
27 -0.466352193176 0.372451680821 1.17758127625 -0.135086396487 0.955482826064 
27 -0.631284551734 0.238281595596 1.2225993554 -0.217181105072 0.707568947251 
28 0.620198518385 -0.65154090606 -0.448217267389 -0.723167590541 0.564552324115 
29 -0.957518647308 0.0982512981099 -0.728026345871 0.75103387521 0.344241075008 
29 -0.859574977841 0.257894695815 -0.0613962789184 0.849446465785 -0.195151229437 
30 -0.839385712757 0.670702599462 -0.186625969652 -0.229946417249 -0.127388168363 
30 -0.338901900418 0.420204958671 -0.260157038082 -0.622509160987 -0.410478092781 
30 -0.322534849957 0.653043725429 -0.387729770704 -0.572769232463 -0.21945877797 
30 -0.532076100802 0.293621684766 -0.40309360561 -0.262555230637 -0.39246353835 
31 -0.441909366073 -1.05380141912 0.432919252221 -0.340734587198 -0.0467956953011 
31 -0.886046722684 -0.990203440868 0.58772043098 -0.393745837922 -0.605472579778 
32 -0.0549192411783 -0.594456894405 -0.698929199112 -0.587637272325 -0.586927622592 
32 0.305025086121 -0.311903400825 -0.00501441998389 -0.37861069096 -0.530602123137 
32 0.199639460914 -0.530771238482 -1.00193280078 -0.377191357525 -0.798243753 
32 0.513382529374 -0.4392753056 -0.32188299538 -0.335225169644 -0.421994690248 
32 0.365142557948 -0.64407144316 -0.562490072889 -0.60999634133 -0.790983294331 
32 0.336569219728 -0.742263634661 -0.853709978565 -0.331452830609 -0.510897832712 
32 0.513691341368 -0.768481876813 -0.684284056134 -0.595146825153 -0.632915398969 
32 0.143181121077 -0.114681684301 -0.678837841126 -0.788285506363 -0.40650161365 
32 -0.00352779851541 -0.673366718145 -0.0980444394979 -0.20437082457 -0.507550650449 
33 -0.307285145049 -0.606962260988 -0.445299120826 -0.665570794588 0.376933430422 
34 -0.561288624721 -0.752603193698 0.532915966811 0.108375794232 0.405587593201 
34 -0.496635116119 -0.97469357007 0.759774405458 -0.13951006801 0.863744098551 
34 -0.547733537579 -1.0486656712 0.997887063325 0.0530046223112 0.157487197075 
34 -1.28158935557 -0.886015975742 0.81101879605 -0.252686659862 0.358870205909 
34 -0.482584824865 -0.744495355141 0.690306420327 -0.0484759832853 0.344639964986 
34 -0.499215057722 -1.02674628362 0.537112822986 0.0838339174565 0.729772516029 
34 -0.407878005989 -0.971046915297 0.66065023247 -0.107439034297 0.45561648903 
34 -0.305256029926 -0.699562869549 0.706230892136 -0.151885460957 0.460971575455 
34 -0.387993744694 -0.507711631624 1.23037319355 -0.0201864303619 0.272954240431 
34 -0.775249559066 -1.03970434317 1.22371689013 -0.657994433291 0.136932289362 
34 -0.108055785662 -0.885313138781 1.4186117754 -0.274467643271 0.452027990655 
34 -0.361065277908 -0.88353427404 0.935599444024 -0.215608526112 0.484376015431 
35 1.21578203265 0.348556946525 -0.474804962605 0.348623180093 -0.258941753321 
35 1.07210093764 -0.394752305966 -0.25594728579 0.162066397675 0.19068436254 
35 1.08018853451 -0.100449310256 -0.349279019363 0.349888333631 -0.0648386668964 
35 0.924236103617 0.0860341831684 -0.00143961196488 0.577339954455 -0.146477663686 
35 0.791357530418 0.0884352228661 -0.559883414789 0.141813636322 -0.351292558487 
35 0.899762012752 -0.0781237323583 0.0231737021032 0.104720952588 -0.302072279608 
36 -0.964876417773 -0.265003964628 -0.852575003343 0.383516748248 -0.0227320987822 
36 -1.19375237754 -0.195690792408 -0.830131490808 -0.029139069031 -0.431865106145 
36 -1.00073229343 0.0473868723979 -0.0643074633175 0.158881905826 -0.497591890708 
36 -0.967624347146 -0.688536531794 -0.596748844634 0.13296297066 -0.270155589325 
36 -1.04305312478 -0.722936806815 -0.381944280313 0.017523581648 -0.592900849162 
36 -1.13573280697 -0.592212471694 -0.502443725354 0.06204722732 -0.640517576776 
36 -0.852488984381 -0.675001049504 -0.593443514325 -0.0555974307972 -0.510652761774 
36 -0.559077660837 -0.00732396924785 -0.681447730366 -0.0290698304865 -0.621226491024 
36 -0.91644399548 -0.301038315193 -0.56602227817 0.202342602001 -0.572225224536 
36 -0.674146403615 -0.637486404517 -0.62682735802 -0.125796113912 -0.107390483329 
36 -0.700060287365 -0.673123992133 -0.697760969787 0.157606384004 -0.74994857358 
37 1.04118992116 -0.667819170418 0.9851819151 0.364235525918 0.295787425495 
37 0.759385635011 -0.778210408765 0.825977186413 0.174869482174 0.32541874167 
37 0.875254657159 -0.734776842283 1.1504401732 0.497083947021 0.427753479783 
37 0.614801655785 -0.670666627595 0.66848998349 -0.0548338199441 0.0118116560483 
37 0.63202530995 -0.5747632329 0.203854854615 -0.0117988255643 0.160031565302 
38 -0.888719745099 0.361359926083 0.771111308179 0.283390994789 0.510139564558 
38 -0.357596126396 0.152215048795 1.03459238365 0.378694616057 0.217062216554 
38 -0.504800295719 0.336442509823 0.302993171888 0.101434292614 0.416337254299 
38 -0.400334158982 0.177197440061 0.453473747715 0.284061564475 0.218189021882 
38 -0.405008038385 0.623175516641 0.804455588377 0.351164538271 0.293753950745 
39 0.130982854264 1.19299316959 -0.771730509403 -0.975289452884 0.921992430393 
40 -1.08166491787 -0.144364634002 0.771282920413 0.845061963302 -0.264788024901 
41 0.00721960941012 0.333297381503 0.414336041817 0.419940551463 -0.283474612026 
41 -0.200152353539 0.507038264134 0.412226615975 -0.337174958578 -0.0283747739807 
41 -0.304942095979 0.239247105173 0.269251118358 -0.162376215534 -0.288040695951 
41 0.0100133656217 0.142752147738 0.172230745787 -0.17281050499 -0.218673543605 
41 0.247363458325 0.322612180632 0.275831062687 -0.25104835721 -0.219421995643 
41 -0.109126631624 0.380378760495 0.486918175065 -0.171688061516 -0.256317866673 
41 -0.139558203679 0.0341321397142 0.350611489403 -0.350809074749 -0.0256733895739 
41 -0.157695080572 -0.241873413476 0.474102701731 0.0906340400177 -0.22097511221 
41 -0.120510899686 0.451572365358 0.172605326031 -0.145842651567 -0.38667443682 
42 -0.752268765809 -0.470863598313 0.745674110225 -0.051073172711 0.612285835167 
42 -0.718543691491 -0.372641785816 0.961015171819 -0.303478294462 0.773893133024 
42 -0.473928858478 -1.18755581123 0.79510093709 -0.269822082659 0.681755527869 
42 -0.572609886158 -0.51043520143 0.413379774941 -0.672253641396 1.10110486891 
42 -0.61891360831 -0.702989307349 0.0800792910181 -0.388782774388 0.884899072111 
42 -0.435857754964 -0.434897975728 0.494270797762 -0.200836787106 0.81855011697 
42 -0.554856337807 -0.506328807077 0.255734591999 -0.296040927301 0.908297575537 
42 -0.717802139663 -0.593163869656 0.652736923606 -0.249196724481 1.11726495707 
42 -0.615765964233 -0.862026666018 0.711294852958 -0.555000291394 0.898628967672 
42 -0.613927650095 -0.593599077659 0.614629502413 -0.592422649663 0.809069925498 
42 -0.703895226322 -0.927406153139 0.136664496273 -0.124165618887 0.845044416271 
42 -0.628108670004 -0.691184592964 0.496268720093 -0.0736359454196 0.618581794813 
42 -0.505927102753 -1.13775287557 0.709733546445 -0.253257009773 0.923280388231 
42 -0.629184206677 -0.395296535169 0.600780242263 -0.12015251217 0.929738273805 
42 -0.511136062417 -0.940980062783 0.381981402237 -0.0699095339847 0.531199514111 
42 -0.00755921314338 -0.904492664726 0.340036516734 -0.104424266805 0.636145241625 
42 -0.490746609402 -0.623203918356 0.781144642654 -0.359153882455 0.759277801329 
43 1.0278161166 0.28552256234 -0.62591973257 0.707586047444 -0.950035816938 
43 1.10332595701 0.505310388588 -0.656484617733 0.341085597326 -0.683961779672 
43 1.13091867711 0.143368875482 -0.341599509795 0.84254077785 -0.675110050889 
43 0.891482242776 0.863272822024 -0.591598079697 1.06647988552 -1.09505090107 
43 0.43302094779 0.576630550784 -0.717079594394 0.506039262345 -0.62572145294 
43 0.833396807797 0.0697376150563 -0.480403407219 0.794331990476 -0.958037751068 
44 0.112983338954 -0.205537688257 -0.159580636685 0.81704346748 0.890081525647 
44 -0.119723976642 0.352314607687 -0.0402629207108 0.423909734352 0.496896921516 
44 -0.142029123717 -0.147406591024 0.0863383658306 0.935198114721 0.675363218566 
44 0.0638183834851 0.354512586763 0.045839832775 0.9714572559 0.738436477934 
44 -0.133414881758 0.139813283503 0.140027228532 0.716007523003 0.751749236417 
44 -0.192303555658 0.0801485346546 -0.092859988127 1.04232449323 0.38546957393 
44 -0.0293544869506 0.182901675803 -0.248583596927 1.09287586563 0.622554410966 
44 0.197376152996 -0.297525180541 -0.14009151822 1.0675404848 0.493240200612 
44 -0.119085310421 0.487844184159 -0.205333393212 1.15638227645 0.384066916689 
44 0.220003353345 -0.121627713662 0.314252709283 1.17421433862 0.412492288345 
44 0.107232799859 0.129729162714 0.127129816017 0.774751810524 0.906661248187 
44 0.232206618334 0.220442729788 -0.0799718556921 1.24881561218 0.280956128591 
44 0.159198443312 0.223423113335 -0.193241906662 1.01339546321 0.335882289952 
44 0.0475569449899 0.0980129996363 -0.172414767239 0.258622471788 0.911337536706 
44 0.00169011781502 0.18473653609 0.136838891895 0.701515987113 0.677504133645 
44 -0.102214096161 0.192884834452 0.149224077244 0.784746557529 0.250606855848 
44 0.474620576277 0.159818453206 -0.0352257483617 0.944471690342 0.65458173553 
44 -0.113960711855 0.358573479147 -0.2682532894 0.953230467964 0.87645384612 
45 -0.030903674877 0.855693444768 -0.504747520561 1.07127784386 -0.544559138504 
45 0.0437081123204 0.137855224399 -0.539774545502 0.624859156365 -1.23903929256 
45 0.566624243413 0.564470314661 -0.814117718487 0.8808126825 -0.803464391969 
46 0.469662667005 0.744828849025 -1.31361898655 0.00131831153366 0.800950784103 
46 0.317833132199 0.636602476681 -1.3972389465 -0.0940822701496 0.795309100412 
46 0.370751188537 0.826595112969 -1.08996369903 0.104563185267 0.826981585389 
46 0.228194611137 1.13384077308 -0.972423371276 -0.212373793339 0.399632114793 
46 0.372034945508 0.658792634776 -1.18020749317 -0.276806656099 0.817087101902 
46 0.731320864299 0.716424194208 -0.82385170593 -0.155185939014 0.765599329124 
46 0.609440428134 0.784718540477 -0.750676218608 0.302021688668 0.504347965915 
46 0.543588283816 0.778351677912 -0.661350330817 -0.205505083087 0.426029646904 
46 0.294765693527 0.883582132561 -1.22261423019 0.248739447681 0.602752622587 
46 0.889350632927 0.868640372737 -0.869002654287 -0.121554348662 0.630461897921 
46 0.38188022763 0.378207402554 -0.953858055319 0.208649300178 0.386725561943 
46 0.779039784979 0.545193101564 -0.758825881746 -0.188249334112 0.748798302727 
46 0.601898340369 0.716169992957 -0.910086796112 -0.239629068547 0.470917310128 
47 1.12662318545 0.775888328339 0.804739067964 -0.45670340301 0.936047369366 
47 1.0437369817 0.635879050328 0.272306074663 -0.502104622628 1.03403394695 
47 0.932780868288 0.591430757074 0.210396003087 -0.267033212824 1.43573733945 
47 1.05269897067 0.420358729836 0.380138693464 -0.476081825207 1.17887408123 
47 0.412782750755 0.983580897235 0.168745699714 -0.385250225038 1.08363386044 
47 1.17930629635 0.359916460355 0.397197736888 -0.273428134756 1.12012359498 
47 1.07196854021 0.974202331484 0.898821008963 -0.412964515 1.09287192798 
47 1.0854337994 0.305114968731 0.597996925345 -0.652405086354 0.708770702872 
47 0.747291619813 0.594390486341 0.326473218077 -0.663672074083 0.917798213564 
47 0.671750933402 0.735218944809 0.816009592936 -0.665204168114 0.985663248486 
47 0.865062869095 0.755828603917 0.469039239124 -0.510923121286 1.05951486007 
47 0.731534559802 0.674654982621 0.584993694519 -0.255065080852 0.626906023798 
47 0.944459129106 0.460890687682 0.268308880488 -0.506200137127 0.913325989724 
47 0.994921817508 0.595467946091 0.937234438519 -0.18428688699 1.15994422756 
47 0.834227814032 0.46181765543 0.743409060767 -0.466134328975 1.09277095835 
47 0.836964705077 0.828122470714 0.612113482388 -0.471116176002 1.16481899196 
47 0.863196108168 0.546515989281 0.271994315369 -0.268744199512 0.72385257865 
47 0.999351623416 1.12329888641 0.61706883754 -0.416996448263 0.948975652048 
47 0.802542823791 0.461135007886 0.421290643143 -0.59992402563 0.578180034159 
48 0.00127857759106 0.140416183576 -0.948237221633 0.374713349976 0.343952087563 
48 -0.232246447077 0.2960063743 -1.08722957001 0.16587516286 0.684946979917 
48 -0.0891606216645 0.3523867047 -0.750079654288 0.0575608040667 0.789042868396 
48 0.250066727076 0.366785774337 -0.888608203326 -0.0622011339478 0.687331010647 
48 -0.371196829454 0.409456571227 -0.325100507707 0.360437559423 0.767521021759 
48 -0.278423284841 0.424195053984 -0.702868505041 -0.0998246794193 0.681548652201 
48 -0.196983371542 0.0612004366233 -0.708915496852 -0.252049992954 0.667015410247 
48 -0.036562821194 0.130720807487 -0.743930870724 0.104335338082 0.549740061454 
48 -0.0285953932341 0.303592446977 -0.955712709022 0.453142700333 0.646152566732 
48 -0.163732044656 0.332064301286 -0.541703696841 0.107945501856 1.13488173729 
48 -0.379355933471 0.325380795703 -0.89296329759 0.400276133726 0.99073232447 
48 -0.309072493319 0.356405925737 -0.706143818407 0.324730653813 0.709072568509 
49 -0.696774434536 0.301854107034 0.612137947044 -0.298924550368 -0.397245532593 
49 -0.42307663078 0.44777106907 0.62901698604 0.230088577449 -0.605161529705 
49 -0.48159284152 0.204797476929 0.33524422776 -0.428505496292 -0.923831504523 
49 -0.637091706844 0.453377323429 0.323837969839 -0.525343628937 -0.917733251996 
49 -0.08996756208 0.210319213903 0.640740592096 -0.294544010398 -0.655341280672 
49 0.205073444081 0.213356389168 0.65598437629 0.509396176117 -1.40742867584 
49 -0.666167805879 0.303258837869 0.787076546299 -0.0153274600588 -0.749305573679 
49 -0.249944425443 0.139415968413 0.650252513766 -0.0422497514794 -0.852634435073 
