0 0.745933981737 -0.0817173834136 0.468305002922 
0 1.07212350367 -0.207149790675 0.21769757589 
0 0.88572717368 -0.038623009584 0.556063143922 
0 0.840711155425 0.0406052255172 0.699473270045 
0 1.05065505822 0.0962413963659 0.564136210666 
0 1.09424766786 -0.087695138804 0.796295860027 
0 1.00269719084 0.115380328237 0.466923490405 
0 0.518226432838 -0.136925015279 0.267026373538 
0 0.719018252275 -0.0596543389429 0.0328647447719 
0 0.672218018953 0.113024041521 0.852574540338 
0 0.746489433555 -0.212287082618 0.456979313158 
0 0.840556065004 -0.665184925691 0.690179392165 
0 0.741247325067 -0.229582301269 0.912012983922 
0 0.96052062375 -0.0221495028529 0.726501691433 
0 1.03202647743 -0.4065769161 0.55345990696 
0 0.523755557765 -0.228143501467 0.464082178019 
0 0.644588797155 -0.526847910517 0.34361163566 
0 0.578798148963 0.0488284426518 0.556604518424 
0 0.797978664234 -0.121923530979 0.313571522928 
0 0.489578027754 -0.208539913794 0.585764810316 
0 0.772740459462 -0.0421483422204 0.549978605787 
0 0.897585019256 -0.0486872592332 0.320334945492 
0 0.984284748413 -0.374621335325 0.610034847304 
0 0.678579102961 0.207035023916 0.402197530558 
0 0.870890895621 -0.38408575695 0.589978036225 
0 0.777403076875 -0.122914053382 0.35082749661 
0 0.630442114289 0.0351845107983 0.181214440082 
1 0.485441769266 0.11768230767 0.254535683473 
1 0.390318462474 -0.157137773122 -0.108265449998 
1 0.602160131825 -0.172409327224 -0.351806786687 
1 0.59520375933 -0.34159960952 -0.328162312823 
1 0.426551882731 -0.576201818544 -0.141207701236 
1 0.577615572547 -0.308105555436 0.0347701564807 
1 0.336606822099 -0.265009456258 -0.220295636491 
1 0.332992474494 -0.264733261936 -0.31259636007 
1 0.508246311275 0.0264599697991 -0.595866621696 
1 0.481624961273 -0.347369748775 -0.23895339133 
1 0.741088285848 -0.1809566194 0.0022926058901 
1 0.271690104405 -0.00747396279834 -0.0450715378314 
1 0.335396180941 -0.381761102428 -0.450486532522 
1 0.602915573364 -0.419425526476 -0.793404824471 
1 0.948898238873 -0.552097729338 -0.5829630251 
1 0.526466102944 -0.126903307573 -0.434405251684 
1 0.215275289915 -0.0016768317779 -0.193740953314 
1 0.115681376407 -0.444868103173 -0.0727267351205 
1 0.352062957059 -0.105603145259 -0.508121128503 
1 0.534271493574 -0.16131329362 -0.0715616298899 
1 0.661324659564 -0.278161907636 -0.278926688684 
1 0.448469968127 -0.373422993507 -0.00893618144675 
1 0.648380428398 -0.212433099472 -0.136616027322 
1 0.240121960092 0.187189848019 -0.363663449615 
1 0.290049525186 -0.558807863933 -0.192992726145 
1 0.331075169587 -0.117991635701 -0.0839310707745 
1 0.408250510586 -0.104224376938 -0.146260087211 
1 0.544980226509 -0.261507373948 0.0127517212229 
1 0.610758959958 0.141443161112 -0.443692596996 
1 0.444061860496 -0.503102630728 -0.564371114356 
1 0.643484412343 -0.786242434154 -0.354070783603 
1 0.352096621817 -0.366000137575 -0.226428118714 
1 0.36799470017 0.0624751399249 -0.14218933375 
1 0.450248243095 -0.420102115327 -0.317360601149 
1 0.564767904815 -0.18128552842 -0.314246023058 
1 0.127088876664 -0.732034666432 -0.486805779107 
1 0.775499500036 -0.583509743726 -0.188000341552 
1 0.362419766371 -0.593088341917 -0.226312846036 
1 0.13664563796 -0.0786469759773 -0.241727804962 
1 0.533654615047 0.0936443186918 -0.474129428483 
1 0.385267435601 -0.267352918689 -0.15461797721 
1 0.672330493557 -0.493042364627 0.00072565141147 
1 0.52851173694 -0.278501656597 -0.168666287642 
1 0.593888333654 -0.654851707732 -0.283852626498 
1 0.311003156951 -0.00438595867763 -0.0150298067647 
1 0.567697921018 -0.206089631863 0.170825609711 
1 0.457911584608 -0.0596424352747 -0.0570420099681 
1 0.574470148361 -0.181921225326 -0.373527080651 
1 0.0421643127454 -0.407752645543 -0.123563832447 
1 0.0137865829952 -0.483961854397 -0.325091410118 
1 0.479466178926 -0.360939898479 -0.345477522782 
1 0.591884449458 -0.170836569769 -0.195968139753 
1 0.383671846115 -0.027324419842 -0.416777809099 
1 0.539719762491 -0.227998444037 -0.495060109849 
1 0.715997814778 -0.318921126766 -0.228583238686 
1 0.328852265138 -0.512816941683 -0.491138319312 
1 0.281440498378 -0.097969910501 -0.527885993972 
1 0.639273746508 -0.379628058164 -0.0699423269677 
1 0.373199889978 -0.328591358425 -0.951407647595 
1 0.371009907739 -0.437753997463 -0.513232831074 
1 0.317160327941 -0.265144458821 -0.122704086836 
1 0.620682719653 0.0409093792972 -0.0682704778883 
1 0.743199595311 -0.375297108642 -0.0836879098826 
1 0.59347613535 0.00497273539113 -0.317493139207 
1 0.867083122354 -0.180744867419 -0.382597013017 
1 0.46308740853 -0.506417993181 0.153034589812 
1 0.653742502092 -0.162564110097 -0.0129876798424 
1 0.406605576477 0.0313471586518 -0.307718523483 
1 0.754981015683 -0.200368909407 -0.166976210505 
1 -0.738411257747 -0.155134417484 -0.888576670793 
1 0.432382405454 -0.748496139496 0.0960176594173 
1 0.72639632155 -0.0162287598303 -0.424962107282 
1 0.174032207102 -0.366872496674 -0.384075763905 
1 0.285737013805 -0.119859353736 0.0754005543488 
1 0.118439396546 -0.504460115335 -0.375284605932 
1 0.234586311768 -0.11711600781 -0.188848974121 
1 0.356599745948 -0.111679258382 -0.609443356802 
1 0.81449659242 -0.415295511122 -0.0636968521958 
1 0.717983378283 -0.51485735824 -0.092887257931 
1 0.1650701975 0.127932984501 -0.269909978516 
1 0.687043989353 -0.263903264139 -0.43458969471 
1 0.382588926479 0.0307877302894 0.0979939916266 
1 0.736071673085 0.0149697832611 -0.412628616311 
1 0.780669931449 -0.255474558163 -0.187330454449 
1 0.598835326616 -0.601228814294 -0.378791185617 
2 0.58410362369 0.369564434079 0.511864738359 
2 0.217529228662 0.216840981988 0.193458088385 
2 0.162572718439 0.638009095608 0.195481821229 
2 -0.140110535907 -0.187659698716 0.0346422421835 
2 -0.212255784396 0.195702825923 0.308062070568 
2 0.267660312497 0.0174675312113 0.310959607296 
2 -0.00736970249937 0.309161937522 0.179952560001 
2 0.123732582797 0.327188208584 0.40008406344 
2 -0.0238376370024 0.124977877651 -0.007388213564 
2 0.0574572263075 0.103520664638 0.20836617279 
2 0.0406229563486 0.17779184008 0.381051958511 
2 0.441857455601 0.493485833963 0.384160646848 
2 -0.0812105243569 0.683270490961 -0.162650512547 
2 -0.0472212624535 0.708749097466 0.22253198774 
2 0.152274442294 0.51767672227 0.454965982017 
2 0.251448101702 0.309454670352 0.458316154681 
2 -0.182542270925 0.385810515723 0.44507709959 
2 -0.117151584642 0.402014632365 0.565581757509 
2 -0.504219335311 0.363646566961 0.672019017021 
2 -0.0347931976196 -0.0588142732143 0.781291099961 
2 0.0305134023829 0.152696387753 0.295186977121 
2 0.409172104485 0.0992340714817 0.419620140673 
2 -0.0963709581588 0.529251584992 0.128628492019 
2 -0.0521416414714 0.295952247462 0.174530969743 
2 0.139541187652 0.327669621146 0.251946126041 
2 0.1472488818 0.227771531518 0.158465193462 
2 -0.0610556507479 0.292639017416 0.287675865173 
2 0.0957766373891 0.0698000907947 0.173655918226 
2 0.361689462901 0.701068843786 -0.247391890639 
2 0.201691400165 0.52543643839 0.436125471393 
2 0.12968972925 0.313663559282 -0.00798544397837 
2 -0.241775714647 0.366419241747 0.277973801565 
2 0.121605280313 0.67402290701 0.0592547535913 
2 -0.00697298737972 0.693525842645 0.139552117377 
2 0.17342494307 0.531528777578 -0.109616053533 
2 0.163396058002 0.558811794105 0.570340079124 
2 0.238207746139 0.0214039514692 -0.089631986286 
2 0.0844486501614 0.538945317314 0.11912924635 
2 0.284240732938 0.0922769838473 0.0870058114148 
2 -0.0523476603272 0.529061506804 0.536710684285 
2 -0.0507526837168 0.369346725204 0.121776016216 
2 0.295371146716 0.354683202469 -0.152471277747 
2 -0.0400142788244 0.200620815696 0.426455334168 
2 -0.0423325476534 0.42545750907 -0.123788770826 
2 0.304454989491 0.512752885795 0.561271679564 
2 -0.0952883866749 0.100426139571 0.532613030497 
2 -0.0878909145245 0.266035060112 0.0473748059165 
2 -0.275374764512 0.211738275141 0.16984448922 
2 0.152904296641 0.0397267526068 0.277517603626 
2 0.105778367731 0.268704039286 0.385129671648 
2 -0.112353207477 0.532148923254 0.2256389959 
2 0.2695592384 0.470848489017 0.0259349181894 
2 0.031848630611 -0.00914786080083 0.772864980583 
2 0.356500115784 0.44649968617 0.305494933122 
2 0.353275983372 0.315418898259 0.648246645053 
2 0.110235599978 0.382339702643 0.00834799707531 
2 0.0662681252189 0.15717412354 -0.0475847496996 
2 0.0647284380507 0.346896295295 0.0776848551435 
2 0.375957953161 0.418549246264 -0.0239712326036 
2 -0.0925247675185 0.499934532098 0.286071868836 
2 0.196764535953 0.0760242531842 0.601293015815 
2 0.180633418833 0.153752894842 0.528177577194 
2 0.594175440739 0.00768837935949 -0.146147290634 
2 0.0263698063986 0.0914893305802 -1.0511354962 
2 -0.24185128643 0.00440572274184 0.395803191943 
2 -0.0483469094701 0.478838676868 0.00381322796033 
2 0.343604727854 0.0457006298024 -0.150958120106 
2 0.0760214257182 0.00522939853758 0.479493674426 
2 -0.195851591473 0.494600170349 0.324555599742 
2 -0.303628967669 -0.0687902318702 0.264931927501 
2 -0.386808230826 0.652083303669 0.412574675083 
2 0.0858827905267 -0.387793930142 -0.722877095856 
2 0.308109762503 0.249409023866 0.206427834452 
2 0.078954718346 0.235839923031 0.209129818352 
2 0.21988046106 0.351138399604 0.625709570084 
2 0.00143497496515 0.405517381876 0.418344953572 
3 0.0536206830188 -0.746161159038 0.869865736325 
3 -0.201888782482 -0.366544387104 1.19112835698 
3 0.379650888265 -0.45878101002 1.13814147379 
3 0.0892240831378 -0.721041914657 0.992749755197 
3 0.100954149361 -0.888922650873 0.922803417422 
3 -0.0745096645074 -0.672547984211 0.576510896124 
3 -0.394599987915 -0.509688379977 0.761574886104 
3 -0.199878634172 -0.804647886197 1.24508011491 
3 0.626223098018 -1.02600781665 0.595280831516 
3 -0.107209967291 -0.728770546385 0.510272815573 
3 0.107391133024 -0.954184294833 0.500884460675 
3 0.0105163542094 -0.340932194336 0.839431482851 
3 -0.153085757044 -0.942059445748 0.964802131935 
3 -0.0744392822874 -0.335797298795 0.517556434369 
3 0.137063814898 -0.212239711328 1.32204794492 
3 0.0969707885431 -0.163272044195 0.867884094919 
3 0.111067338091 -0.527546501824 0.931433369547 
3 0.0448648426627 -0.632509273889 0.931878150828 
3 0.327265726541 -0.620708268484 1.17997416648 
3 0.21975730726 -0.881676865843 0.819637240532 
3 0.067620764565 -0.511293163674 0.943335765685 
3 -0.275921626634 -0.486835349049 1.22472007545 
3 0.0475959673082 -0.482986142128 0.910530817353 
3 0.357117608946 -0.887068706377 1.18848873241 
3 -0.0975467335365 -0.970533297774 0.931010440204 
3 0.337976446843 -0.645453271927 0.828048281375 
3 0.108583209552 -0.993164436996 0.991432905932 
3 0.200372066499 -0.972417127258 0.444305314814 
3 0.251984176941 -0.777628305042 0.628275411483 
4 0.801216441445 -0.164017418875 -0.276684511137 
4 0.939404459012 0.039966413173 -0.288833006379 
4 0.459967475284 -0.54621085923 -0.355775552099 
4 1.2036313913 -0.0203321422327 -0.0566239861745 
4 1.06490948945 -0.255509641585 -0.714936271046 
4 0.778586470662 -0.0380569253364 -0.00839777473648 
4 0.715891881526 -0.250222559415 -0.283875543651 
4 0.490726220067 -0.314395241274 -0.13271609507 
4 0.988711155399 -0.145521732261 -0.374133704376 
4 0.826491897695 -0.00627061884147 -0.495306042489 
4 0.779988609619 -0.137119125481 -0.608450546918 
4 0.223209039175 -0.15455518546 -0.594513395604 
4 1.13649581615 -0.695264408979 -0.188505954686 
4 1.20109902118 0.100544355978 -0.254699451466 
4 0.819502807644 -0.31936897315 -0.293848137624 
4 0.746219418627 -0.0449429898264 -0.101396567538 
4 0.634542009971 -0.251365762097 -0.0422111885476 
4 0.575851703883 -0.163761522213 -0.417329244797 
4 0.587478065899 -0.340498303148 -0.135944065086 
4 1.1384194063 -0.363705813151 -0.0858923284759 
4 0.82413265322 -0.178479889656 -0.0690114670143 
4 0.608159381343 -0.379601124806 -0.395615425241 
4 0.832095743792 -0.486978678837 -0.511046218414 
4 0.873033329485 -0.0599332202727 0.0189304588814 
4 0.831147280199 -0.0753142744174 -0.0446718873434 
4 0.6891120792 -0.33026794969 -0.0616543187727 
4 1.05966487283 -0.387168915145 -0.382884556114 
4 0.831608743422 -0.631590467419 -0.694407939303 
4 0.827817135811 -0.236114149351 0.113585773299 
4 1.17880692311 0.068610155877 -0.415870095191 
4 0.677760870318 -0.0679473158024 -0.580730854388 
4 0.763880912029 -0.299299228485 -0.110310008026 
4 1.19546931482 -0.172876772947 0.193913832928 
4 0.737565510992 -0.0305359762592 -0.0924967506638 
4 1.1870055191 0.222402930152 -0.109608624661 
4 0.954918905907 -0.137236795932 -0.269312261057 
4 0.780380753494 0.0532229657154 -0.531556101423 
4 1.15805720915 -0.330215710888 -0.374087966242 
4 0.702668151169 -0.277327674209 -0.126251725661 
4 1.0275501195 -0.38345900263 -0.202627552986 
4 0.730698131218 -0.313469082125 -0.237831597328 
4 0.985822450769 -0.155245840939 -0.122645768032 
4 0.282917275513 -0.158563019622 -0.448045294162 
4 0.635419585277 -0.313894991584 -0.160370527053 
4 0.481960218793 -0.259699974043 -1.35824255634 
4 0.8020056149 -0.226942662029 -0.422920839558 
4 0.777333863495 -0.424694980544 -0.322275202638 
4 0.716876905275 -0.118998255897 -1.27057491819 
4 0.350043315032 0.0807954017325 -0.443937855526 
4 0.581915116429 -0.388627970805 -0.293286450947 
4 0.595902197644 -0.154082939318 -0.046407329675 
4 0.964279944841 -0.267850097932 -0.581683185625 
4 0.506542374264 -0.583416741814 -0.241410981646 
4 0.828001403273 -0.340697485781 -0.0357787924639 
4 1.266561437 -0.317071083068 -0.16974366572 
4 1.16702698239 -0.288153799201 -0.23338660991 
4 0.677786363649 -0.577409921496 -0.414727778457 
4 1.03355528715 -0.264088182933 -0.160194631549 
4 0.774164626322 -0.323105344104 -0.294066543231 
4 0.405470149288 -0.0496715385283 -0.473253446226 
4 1.00254861211 -0.263530372031 -0.190649066791 
4 1.71768193316 -0.578012947576 -0.145553159771 
4 0.453726699077 -0.332587197769 -0.0397161817675 
4 0.678902865954 0.117584315147 -0.633226154454 
4 1.10808370857 0.678265359629 -0.188767691711 
4 1.1664147605 -0.159278992573 -0.276802332604 
4 1.02969372566 -0.145801355828 -0.254392091792 
4 0.998733672893 -0.126041887473 -0.291169089958 
5 -0.20029392606 -0.213353118733 -0.188888727189 
5 0.460648328319 0.034892978573 -0.517542726663 
5 0.647127878028 -0.0763699608324 -0.615551001652 
5 0.395259028889 -0.241496855163 -0.512781533949 
5 0.239027786203 -0.363760804266 -0.275894760971 
5 0.610474427662 -0.208838889187 -0.119365205722 
5 0.0464801981112 -0.102076909074 -0.0407680927137 
5 0.322173203523 -0.358944740491 -0.0560753745901 
5 0.132921690681 -0.110504578597 -1.01247288415 
5 0.425720282962 0.0614416448989 -0.354498313027 
5 0.0798403613848 0.125679223807 -0.909390552054 
5 0.244788375496 0.163666699234 -0.313846337204 
5 0.547172990859 0.117159560661 0.0382553474885 
5 0.0756033247449 -0.095520901512 -0.467949430124 
5 0.352243431549 -0.260492670731 -0.463473850656 
5 -0.762889114806 -0.0803702385135 -0.531319558184 
5 0.250950976585 -0.566325324484 -0.50994324715 
5 0.291111646612 -0.0753473381477 -0.175846525175 
5 0.136866142608 -0.100179566021 -0.284911146084 
5 0.458904901902 0.0189243613767 -0.262177288805 
5 0.466600217874 0.35605550104 -0.306232006185 
5 0.380805438004 -0.439952394791 -0.0590965114062 
5 0.911703989382 -0.0654913258547 -0.364656091618 
5 0.00722579448265 0.218461192449 -0.209866038563 
5 0.245765453626 0.427499198543 -0.352830468657 
5 0.426065140115 -0.221446687668 -0.342415374519 
5 0.217010562669 0.0971984160368 -0.770865509914 
5 -0.0709752008877 0.16960827817 -0.00202452612263 
5 -0.103610918989 -0.356972143828 -0.14269638265 
5 -0.10450693529 -0.218704759426 -0.208015427281 
5 0.100031431432 -0.0661771075645 -0.201287169968 
5 0.210353245217 -0.627155092471 -0.479396234516 
5 0.463106301475 -0.186412282496 0.0295232251328 
5 0.772887214073 -0.75935971178 -0.413514271199 
5 -0.155076604786 -0.62083513595 -0.857468037743 
5 0.238926375055 0.149599081873 0.200899524206 
5 0.59524050642 -0.0492900351477 -0.298583926743 
5 0.571947397928 -0.119912727318 -0.57221536919 
5 -0.11125367571 -0.179221915474 -0.455654715887 
5 0.0737880400028 0.0298766097673 -0.761517760951 
5 0.27959492772 -0.391197067092 -0.702226324033 
5 -0.0617950394174 -0.312115783443 -0.499782212366 
5 0.274108933593 0.0111529423821 -0.196380910708 
5 0.540570802013 -0.271023553497 -0.18358716578 
5 0.148249796172 0.00563974056525 -0.270630516241 
5 0.193756604724 -0.381448331232 -0.395940185921 
5 0.279705678892 0.186680889295 -0.105479807738 
5 0.679932944169 0.188564876874 -0.29426880558 
5 0.140626029569 -0.102024535032 -0.417807775325 
5 0.396068832738 -0.113298187809 -0.211472944859 
5 0.197975560995 -0.184543315792 -0.295761524414 
5 0.598098294552 -0.27390796175 -0.430407449596 
5 0.0490980232191 -0.710847649847 -0.392728958746 
5 0.359614950426 0.0891991515336 -0.374798498079 
6 -0.124507062755 0.349685229323 -0.522311105582 
6 -0.467697562622 -0.191666376425 -0.705327850221 
6 -0.489769137329 0.0221805038595 -0.619780626024 
6 -0.32856393164 0.226141392324 -0.701054221632 
6 -0.30530844899 -0.00708366575268 -0.753786611576 
6 0.169262500065 -0.0680140361164 -0.202120987991 
6 -0.356771534101 0.0411050956464 -0.643392248555 
6 -0.47686206228 0.337407128603 -0.678289772343 
6 -0.229314877995 -0.187371989144 -0.361227325836 
6 0.178410495713 0.380354911392 -0.900816033549 
6 0.193426725954 0.26497038952 -0.699154095643 
6 -0.260423244378 0.416006238884 -0.7529576491 
6 -0.425061685897 0.0102532514977 -0.35427376398 
6 0.0489142289749 0.375044440454 -0.784341309237 
6 0.190761253262 0.217411884523 -0.494579840414 
6 -0.194943911176 0.162160399942 -0.58944236175 
6 0.324563620903 0.191183370146 -0.928749016316 
6 -0.499256535648 -0.0390976034071 -0.791056262522 
6 -0.461672620041 0.293204363562 -0.441068644479 
6 -0.164636398617 -0.0399820104335 -0.760091593281 
6 -0.207849857419 0.421371878166 -0.713401707822 
6 -0.063134213701 0.30261038477 -0.675385387289 
6 -0.279967755926 0.0482015961674 -0.630605607784 
6 -0.592133383073 0.282008694554 -1.13837952251 
6 -0.0823246059175 0.448378271642 -0.926760503821 
6 -0.128479906382 -0.324820742954 -0.108773761466 
6 -0.244208631836 -0.0540885383143 -0.947965543223 
6 0.057151583399 0.543192538306 -1.10626270025 
6 -0.649837091184 0.377376090294 -0.593634203956 
6 -0.123525142224 0.335689885414 -0.616279166826 
6 -0.623610809517 -0.0852927848426 -0.887047815209 
6 -0.348431368813 0.32512463296 -0.515721342816 
6 -0.045380378409 0.237444132859 -1.15584755579 
6 -0.575684628576 0.117225267695 -0.85716330194 
6 0.059642894313 0.308991114915 -0.300485738243 
6 -0.503806188196 0.266803144416 -0.577412273115 
6 0.104765531458 -0.126288992259 -0.74264353197 
6 0.338122307931 -0.0644522908274 0.469119824796 
6 -0.100207624265 -0.0480875175539 -0.52128257285 
6 0.205977777019 0.152026892924 -0.849821215691 
6 -0.0944902386354 0.347889406337 -0.743671077843 
6 -0.250334031715 0.0414021359067 -0.691343610639 
6 -0.609918827339 0.123269864775 -0.417453919105 
6 -0.264653064547 0.434782910934 -0.611375696574 
6 -0.401514495736 0.0851736333644 -0.171553673967 
6 -0.42161844075 -0.153106740702 -0.608812032616 
6 -0.262228255923 -0.228936585804 -0.589240090249 
6 -0.311809995599 -0.351213909571 -0.368549716834 
6 -0.184957524834 0.276765542162 -0.94641661288 
7 1.08787582631 -0.0271535455463 0.61603541063 
7 0.778437361304 0.369753695765 0.61720908714 
7 1.09204406725 -0.283229467774 0.819409302204 
7 1.02036704561 0.125836132753 0.402023758402 
7 0.711362138563 -0.378494383811 0.483062840553 
7 0.641685384881 -0.377993102314 0.807263964622 
7 0.728793075541 -0.093338270076 1.00899389252 
7 0.620099700467 -0.139783856469 1.12006604539 
7 0.836613763916 -0.324817693175 0.578783249159 
7 0.984337704386 -0.304526473258 0.393596629871 
7 0.568589317628 0.299743674561 0.73311318412 
7 0.813315536889 -0.343944778474 0.465006655264 
7 0.476185560522 -0.0704344166837 0.408267575248 
7 0.411081069223 -0.443662197211 0.737129608428 
7 0.675247328461 -0.101862542528 0.914728317517 
7 0.357536858243 0.3729665913 0.531222788768 
7 0.522594835624 0.0905700762066 0.37911643146 
7 0.811029545094 -0.0974800080918 0.542583118265 
7 0.760707410726 -0.21861644542 0.427829625082 
7 0.693073822282 -0.273109690282 0.52968991771 
7 1.26158141616 0.0461191174293 0.787503891847 
7 0.590451259107 0.101299062696 0.25082284223 
7 0.778235148252 -0.254092025169 0.476432034177 
7 0.881001478949 0.125485715304 0.54799392923 
7 0.597059852194 -0.0926684623725 0.85630709867 
7 0.941330825283 0.184667905466 0.390044324578 
7 0.796065825931 -0.158101998756 0.857875426109 
7 1.17831042445 -0.0496203178611 0.809433216705 
7 0.919716337842 0.598145917488 -0.0199302537085 
7 0.748143780658 -0.145527169417 0.842871090288 
7 0.956942556141 0.0771424887622 1.21572689802 
7 0.750170387036 -0.0667494055757 0.406451437412 
7 0.540485701369 0.150948198662 0.661948529898 
7 0.460435202331 -0.164353091232 0.721483901523 
7 0.893942617963 -0.121227496916 0.809376924566 
7 0.867820829561 -0.490720399346 0.357389773633 
7 0.595995233965 0.043984928133 0.867726377025 
7 0.972830947234 0.140754486446 0.895753979581 
7 0.917335703723 0.0639605330955 0.657554011155 
7 1.20497116426 -0.175796819746 0.969634396782 
7 0.832577692164 -0.26621555523 0.40467614949 
7 0.910507068293 0.0769490013636 0.586982319329 
7 0.705744800559 -0.218089257664 0.764408254512 
7 0.90632773113 0.0960763609156 0.540516327204 
8 0.0762116070005 0.133086324851 -0.0622074547392 
8 0.0975687984397 -0.382405513871 -0.272951939116 
8 0.0463726336881 -0.153406202882 -0.839265855627 
8 0.270638788934 0.178805798982 -1.0152980872 
8 0.38441465229 0.182998179961 -0.820134621536 
8 0.248906468652 0.377542629774 -0.24130311154 
8 0.249354238013 0.0759748137267 -0.84262059569 
8 0.122467669942 -0.131969734748 -0.256791016269 
8 0.353074480371 0.153571803396 -0.883680530735 
8 0.670749815525 0.43870151165 -0.650390721843 
8 0.492754921837 0.274276135525 -0.75598618805 
8 0.122457482919 0.0847869795439 -0.667273326018 
8 0.647700322397 0.217515328895 -0.842171633624 
8 0.354971699872 -0.0550423686119 -0.784785246996 
8 0.524810387597 0.122041929024 -0.745867358392 
8 0.338368807589 0.177916629077 -0.637586198272 
8 0.240124866189 -0.0422572418897 -0.655545640611 
8 0.183198874393 0.204364503083 -0.668482240016 
8 0.275952260809 0.492494945108 -0.901081055089 
8 -0.135952350785 -0.085237481236 -0.389783799572 
8 0.430994472451 0.107062063668 -0.272123599228 
8 -0.00138933972952 -0.0298036108272 -1.1664628487 
8 0.171578234713 0.198406878028 -0.897028469631 
8 0.503708243231 0.170309924929 -0.725403763347 
8 0.361490748084 0.0301238965032 -0.546162144863 
8 0.0397737693315 0.417671372322 -1.0811803973 
8 0.194772720293 0.181802747762 -0.419370373554 
8 0.379386988482 -0.0402329548918 -0.765574262889 
8 0.424298354567 0.0461503066915 -0.486716611333 
8 0.310444213639 0.382048455585 -0.887417834529 
8 0.339141710605 0.0648883858264 -0.658201914652 
8 0.525429070835 0.128860481386 -0.666326480054 
8 0.297999291834 -0.0211081760151 -0.285870105889 
8 0.597884671068 0.0860367007504 -0.436998163302 
8 0.0418280425255 0.335518444541 -0.809014778917 
8 0.0561495865169 0.222561317933 -0.304420885831 
8 0.30353772809 -0.213310442628 -0.759604242511 
8 0.420775979899 0.327424003389 -0.677330587421 
8 -0.0442461974358 0.202347058922 -0.905699182381 
8 0.400731437647 0.135541965969 -0.516733234401 
8 0.176528904706 0.0959631387427 -0.780949662498 
8 0.617294017827 -0.241135318374 -0.394455920905 
8 0.0625140674976 0.147604041398 -0.864252827334 
8 0.351277620261 -0.222506724137 -0.738026175479 
8 0.375283353004 0.172923350735 -0.738071686424 
8 1.23087660265 0.310263435711 -0.553295685517 
9 -0.224391085431 -0.235443208398 -1.13434837851 
9 -0.0813825442801 -0.97221161681 0.218790871517 
