0 0.835162441522 0.630718056073 0.434388950108 
1 -0.746824495708 -1.02730012637 -0.0994583995254 
1 -0.411313499725 -0.789615962596 0.375055077182 
1 -0.600498117997 -1.13622861783 -0.0513137220124 
1 -0.154749500268 -1.08720425257 0.132420238292 
1 -0.432312635254 -0.633553448479 0.356640300206 
1 -0.427764349225 -0.860011130267 0.25525378726 
1 -0.157450562756 -1.05962788038 0.19707678966 
2 0.595289684289 0.0776946907311 0.328920836777 
2 0.650809183476 -0.0482606246318 0.0821206022717 
2 0.956394843455 0.483963423367 0.410798949764 
2 0.733880314544 0.19259845619 0.348398567943 
2 0.876357798342 0.0635630792394 0.351819114942 
2 0.813901363201 0.450496312921 0.0773959242106 
2 0.658807836843 0.187178089088 0.208749064978 
2 0.134681029447 0.156721776105 -0.13657610903 
2 0.741802618065 0.800327290358 0.467943440674 
2 0.433349789841 0.317061929968 -0.220233795681 
2 0.349623128224 0.33118997873 0.098776848861 
2 0.3989940098 0.418128437837 0.057366857278 
2 0.448023859804 0.354683945522 0.222592009677 
2 0.786772571643 0.231021741089 0.157533170138 
2 0.237968432067 0.00382143579802 -0.159978094971 
2 0.195626458745 0.312494719306 0.40502323906 
2 0.930532243677 0.221877550555 0.299348487514 
2 0.979249572855 0.307301621161 0.0145246174889 
2 0.709880665815 -0.176810731344 0.18290544033 
3 -0.0262320550991 -0.945351697967 0.716869896415 
3 -0.573772444879 -0.67146802358 0.331471997018 
4 -1.08074204821 0.20622478482 0.13090075882 
4 -0.804877586482 0.41089766647 0.439359376625 
4 -0.859232158866 0.335765343093 -0.135868019709 
4 -0.78177211614 0.322849277483 0.22048860833 
4 -0.777606676281 0.252574124266 0.0194070144707 
4 -0.535390553789 -0.147586956553 0.305234495355 
4 -1.04111613421 -0.209996110437 0.244459852296 
4 -1.23296662467 -0.224327128904 0.0768737153525 
4 -0.773381734372 -0.0125216873284 -0.305356065777 
4 -0.83395871681 0.527598462205 0.263005096885 
4 -0.93191198578 0.704939884881 0.687391123166 
4 -1.02172732195 0.294878998071 0.251689945172 
5 -0.243501069423 0.040067667996 0.0177221157656 
6 -0.648361306283 -0.327570763566 0.862008259282 
6 -0.16062919409 0.145899177369 1.07005008131 
6 -0.195384086873 -0.379465802444 0.930276193005 
6 -0.318401644834 -0.339177395694 0.756953390713 
7 -1.02470635085 0.265424087575 0.871826225981 
7 -1.35543600537 0.547916384011 0.981523113322 
7 -0.726849390622 0.98017218712 1.08763849599 
7 -1.30406397373 0.90633854348 0.522099770702 
7 -1.02241907539 0.100801252654 0.783499962972 
7 -0.933032633883 0.447743158233 0.270776309837 
7 -1.0532586347 -0.225659674702 0.56302652472 
7 -0.556039490234 0.528676716936 0.91247231094 
7 -0.882539549058 0.620791732712 0.486969070512 
7 -0.806148395449 0.360723689552 0.364415283162 
7 -1.17430902973 0.164723133863 0.526909021106 
7 -0.732902821668 0.0971733740793 0.902543034821 
7 -0.749857090335 0.415515526282 0.668403030218 
8 1.17909327265 0.0794394794261 0.332406595581 
8 0.832863814388 0.105969104234 0.406354829658 
8 1.0600457082 0.0679217728328 0.9416475444 
8 0.984961001985 0.268720447903 0.570307271681 
8 0.943634618976 0.0463160673916 0.715766322669 
9 -0.477360490855 -0.485130553611 -0.746206141601 
9 -0.257929531087 0.256201014519 -0.887449619923 
9 -0.389330626785 -0.321016307769 -0.585213550166 
9 -0.613354069862 -0.284895055215 -0.764249275718 
9 -0.552203605939 -0.252730057295 -0.540883409673 
10 0.201906968682 -0.607408434149 -0.157807580753 
10 -0.330010688949 -0.0192300618757 0.48205774171 
10 -0.408535456246 -0.486047759968 -0.145513124408 
10 -0.190272413493 -0.335731833403 -0.0929321090556 
10 -0.465239531909 -0.560669007968 -0.109382193766 
10 -0.112558825952 -0.686182043733 0.0870826398003 
10 -0.109055900845 -0.923349547992 0.16450360372 
10 0.131483371922 -0.495858820284 0.115114152805 
11 -0.501833754634 0.493006048618 0.405448459547 
11 -0.285843138208 0.370242238325 0.449887812126 
11 -1.06822979535 0.262564413054 0.0774301799325 
11 -0.711974409968 0.524464441003 0.676235598323 
11 -0.596794410245 0.537096325343 -0.39606205486 
11 -0.468928758603 0.648009227558 -0.182233121646 
11 -1.08951032272 0.469244188691 0.447505764742 
11 -0.780754179352 0.405763179914 0.211180768255 
11 -0.82706691978 -0.0510669823596 -0.197983597456 
11 -0.520038366737 0.902523760958 -0.0917952966808 
11 -0.690979378965 0.287070206271 0.117025745604 
12 0.463784369431 -0.020409193503 0.0603640766253 
12 0.855881288774 0.410291616592 0.329063405309 
12 0.670426598729 0.45836908945 0.294248029732 
12 0.900970820205 0.0981280624782 -0.120342169141 
12 0.380273338868 0.0721890681884 -0.0526055855508 
12 0.420932102748 0.285311147788 -0.121522551257 
12 0.537326347494 0.38815892992 0.0842469872984 
12 0.18307748467 0.52427076617 0.198970822974 
12 1.24216165683 -0.790503709609 0.171574581749 
12 0.457979871342 0.168477622333 0.226489368039 
12 0.35957495662 0.523891151077 0.380200054432 
12 0.616246230078 0.260908358611 0.363678603589 
12 0.554101096717 0.195082643552 0.0259876499444 
12 0.782526394275 0.700573339923 0.0114427831911 
12 0.836190998767 0.463892532375 -0.196434243826 
12 0.754292706845 0.453300707187 0.0368150904684 
12 0.414023638261 0.296661495765 -0.292797913498 
12 1.13122134612 0.626738847437 0.4571098474 
12 0.386872852272 0.0987331095415 -0.388850803704 
13 0.106383984339 -1.09006848722 -0.785600748428 
13 0.169432645909 -0.990834896974 -1.0211647665 
13 0.403067931994 -0.92066260326 -0.800895922681 
13 0.315341558113 -0.588257635043 -1.4090382383 
13 0.30558727829 -0.726607888091 -0.417328709981 
13 -0.0739252318541 -0.995505803188 -0.889407679991 
13 -0.0142189093245 -0.775030745847 -1.03493399889 
13 0.197643752478 -0.731350274133 -0.693073524177 
13 0.167702037726 -0.972314572972 -1.29594799637 
13 0.254280138966 -0.0722009509452 -1.46415471178 
14 -0.344784453481 0.57362209097 0.18710178285 
14 -0.421357070329 0.713470466179 -0.0709744252058 
14 -0.171536430302 0.772672676002 0.26017621415 
14 -0.337934691225 0.736014463426 0.184794497201 
14 -0.991125933219 0.451143739066 0.372749829961 
14 -0.899169367517 0.835479539385 0.221860133294 
14 -0.480478662925 0.439197754903 0.370242979982 
15 -0.233084150635 0.0513958350106 -0.0260155204672 
16 0.475430838135 -0.705813158884 0.723233538227 
17 -1.57560216577 -0.400920169115 0.297549553736 
17 -0.94807096849 0.559677171782 -0.258423193588 
17 -1.06561458076 0.738420621263 0.349825621497 
17 -0.880981014937 0.219883500675 0.0876287940704 
17 -1.12715218287 0.556430859567 0.586853197376 
17 -0.830368807541 0.402733168946 0.303060268288 
17 -0.572852201417 0.654019036816 0.102090798469 
17 -0.821417352286 0.416461161557 0.510955045629 
18 -0.290005699145 -0.125681937483 -0.761613676956 
18 -0.577614581003 -0.222903469836 -0.51522488101 
18 0.0377155190168 -0.504411205496 -0.839440686313 
18 -0.489601086321 -0.25044722157 -0.570733268131 
18 -0.100696584049 -0.433636363508 -0.753455645154 
18 -0.503594673784 -0.165902453421 -0.850418164957 
19 -0.281591131153 -1.23617024705 0.299926429051 
19 -0.222941134901 -1.26285752433 -0.125701443926 
19 -0.720177736032 -1.08239970069 0.297299615654 
20 1.29800496192 -1.08169404582 -0.0200336985513 
21 0.883546795267 0.352202734548 0.62575238184 
21 0.591756734626 -0.153899383291 0.463738905012 
21 1.19741295756 -0.146944525947 0.563447873819 
21 0.786936683664 0.0248955888804 0.401752000248 
21 0.569073371196 -0.112731386823 0.381156654492 
21 1.04660480769 -0.250452410566 0.762811164311 
21 0.737127079476 0.129966410934 0.351702859765 
21 0.685231001811 -0.259845108981 0.127272851182 
22 0.484306132776 0.501455415032 0.55242758706 
22 0.357982351547 0.150152623197 0.545748982061 
22 0.670691949137 0.528192926983 0.651829265111 
22 0.620855126438 0.847297972718 0.246865268161 
22 0.58762698427 0.535152195368 0.743424507487 
22 0.141155430829 0.69564743219 0.261901548711 
22 0.531660659249 0.259553982995 1.02742275195 
22 0.324150119499 0.510729588314 0.0918639849969 
22 -0.104121350279 0.50671335212 0.324609722668 
22 0.607234027016 0.231975108137 1.07449751044 
23 -0.0868373100656 -0.803206805842 0.59198415054 
23 -0.0263130478829 -0.799659518696 0.544477432937 
23 0.4895687862 -1.08752097715 1.28943350525 
23 0.397355635928 -0.893011648563 1.00531875597 
23 0.443980877462 -0.883301316724 1.16281726056 
23 0.404261543661 -1.15613684019 0.792275838759 
23 0.1994748703 -1.30400175407 0.976786692216 
23 -0.0457206160422 -0.899624702359 0.747230474759 
23 -0.2043823093 -0.915801883485 0.638259932476 
23 0.379442753358 -0.712800887427 0.656101489084 
23 0.508827890079 -0.959436975023 0.831513572836 
23 0.163838712353 -0.980137012037 0.520542241684 
23 0.19274026105 -0.714298018356 0.898190560443 
23 0.276975503928 -1.35114731789 0.82754125154 
23 0.104273877658 -0.939767190439 1.02541679805 
23 0.490651332248 -0.825333600488 1.05216972787 
23 0.745841464132 -0.92542957631 0.746199152737 
23 0.146490515106 -1.21901206932 0.944254108741 
23 0.154589831061 -1.13373673723 1.10274747341 
24 -0.714099906674 0.693536264547 -0.48009334441 
24 -1.02111144506 0.758994854293 -0.0264910038192 
24 -0.953564129526 0.49795687696 0.0732340936941 
24 -0.644862128701 0.254838376075 -0.278321005231 
24 -0.597428742944 0.608706144599 -0.332462111122 
24 -0.518491628938 0.37838273783 -0.610373462113 
24 -0.867117699065 0.904528787629 -0.973404667699 
24 -0.688933523582 0.770956577739 -0.480260807016 
24 -0.401075045819 0.908711983501 -0.759100914231 
25 -0.694053852616 0.0842881421246 -0.259886353577 
25 -0.22669920528 0.0509425087805 -0.353064356266 
25 -0.142619862663 -0.0643211435073 -0.64517688511 
25 -0.209179129629 -0.0857832006115 -0.154618875959 
25 -0.146853616185 -0.00938991272745 -0.0228658845852 
25 0.0164912581425 -0.111262097664 -0.684129080648 
26 -0.372582096546 0.116082882978 -0.603964667331 
26 -0.409648193987 0.0146167466698 -0.579942471653 
26 -0.416036141064 -0.207559907579 -0.991587999585 
26 -0.322187901413 -0.343783300544 -0.572837224175 
26 0.222430860204 -0.345634736683 -0.945103133336 
26 -0.659486371981 -0.297648437556 -0.987443465541 
26 -0.482998640766 -0.0502642938198 -0.927043106309 
26 -0.303120666438 -0.239580104253 -1.29623638232 
26 -0.0699710361729 -0.224486503833 -0.803874333928 
26 -0.193360234074 -0.109907884559 -1.03012537862 
26 -0.283725872342 0.254335517161 -0.553914067834 
26 -0.500898352027 -0.30338754272 -0.981834125261 
26 -0.210012338168 0.186356398645 -0.938896785636 
26 -0.332495686709 0.130636021033 -1.13172080817 
27 0.674830944948 0.5533705473 0.069016774431 
27 -0.010059938635 0.587084320852 0.061017234416 
27 0.470228246994 0.310081998048 0.450310699685 
27 0.111467952535 0.438622422246 0.606738421321 
27 0.305449435845 0.743569501194 0.0833136151656 
27 0.48409858828 0.401532888286 0.259013336677 
27 0.634611134978 0.206602901203 0.176038406401 
28 -1.31014480646 -0.0756978857239 1.14594301222 
28 -0.852130054775 -0.657005677499 0.821675576329 
28 -0.959465806058 -0.696632571186 0.530012003865 
28 -1.1170228745 -0.755125374262 0.737701820856 
28 -0.566947705657 -0.411329237801 0.688253693662 
28 -0.716587651212 -0.561132332415 0.747583459198 
28 -0.258605371285 -1.92996099516 0.980472353937 
28 -0.959521562617 -0.439505309117 0.453238351579 
28 -0.780239818302 -0.974650892997 0.802429778126 
28 -1.38822605492 -0.621491455212 0.495589059597 
28 -1.50305891608 -0.760477229976 0.652865348712 
28 -0.823309752405 -0.642638187166 0.896719310716 
28 -0.350648449047 -0.387369763433 0.773941399694 
28 -0.85707433124 -0.265309428011 0.430033515416 
28 -0.844735910677 0.00749708297738 0.462695241107 
28 -0.95554669427 -0.56815492328 0.533945872575 
29 -1.18584165357 0.482224651575 -0.616706482012 
29 -0.539901270743 0.511592307421 -0.919868605586 
29 -0.737933103278 0.575670226708 -0.595422857763 
29 -0.580463070472 0.514850523414 -0.715891576951 
29 -0.718823361071 0.312196169285 -0.506896311636 
29 -0.890763239442 0.481076494934 -0.658691973475 
29 -1.39735862204 -0.020259533831 -0.941153973805 
29 -0.926407967021 0.373487907331 -0.859531386141 
29 -0.745216882651 0.469207608761 -0.972696971482 
29 -0.637858434847 0.271075769469 -0.968902233663 
29 -0.878169894826 0.518230732105 -0.812778956866 
29 -0.760203430693 0.65767849879 -0.892439030243 
29 -1.0123557606 0.483114144645 -0.766570481659 
30 -0.51242266528 0.658404872176 0.467244564961 
31 -1.0350495829 -0.0854478020664 0.770118596889 
31 -1.35002410491 0.0105288276458 0.680591614259 
31 -1.00871138466 0.0969796513268 0.649047441542 
31 -0.787384776997 -0.145293490708 0.990672324595 
31 -1.1868868372 0.0252034151662 0.85144051771 
31 -0.783811508185 -0.104138486674 0.83728204247 
31 -1.07721388298 -0.00625282967959 0.715493175772 
31 -1.25399911048 0.118399175823 0.873800490647 
31 -0.834165671958 0.161917304953 0.644872867219 
31 -1.21841284352 -0.396396414405 1.0902190624 
31 -0.968103334648 0.141692125735 0.596012919558 
31 -0.727257860379 -0.111185189994 0.654497811593 
32 -0.270254407177 0.0776415935254 -0.122133022316 
32 -0.107196833268 -0.221559942852 0.553419746937 
32 -0.468384747111 0.241392635425 0.686278235372 
32 -0.316125399396 0.146207333161 0.508425042198 
32 -0.0156061473232 0.105624883043 0.541725443 
32 -0.431600656675 0.152609884816 0.525972733433 
32 -0.126374220855 0.00319159750007 0.435917687769 
32 -0.220765715822 -0.00671433675352 0.276163053754 
32 -0.322997707483 0.134734714947 0.46625949097 
32 -0.58546246858 -0.336203646464 0.559855045346 
33 -0.468713599376 0.582327406747 -0.404856627167 
33 -0.80098465178 0.287372350227 0.131786397908 
33 -0.432236257617 0.677013847624 -0.105402000172 
33 -0.93168298183 0.389857554696 -0.151072224777 
33 -0.936356570749 0.300941744774 -0.0361117642986 
33 -0.49479415856 0.864723886793 0.143084150217 
33 -0.409597306595 0.588766055962 0.172951107724 
33 -1.19389775278 0.663631655123 -0.115162410176 
33 -0.535278782185 0.485638626505 0.0983890601357 
33 -0.439265362323 0.618781587415 0.168896802811 
33 -0.361130188098 0.512431906709 -0.446005637305 
34 0.358057857819 -0.750212711118 -0.595100402489 
34 0.701130869599 -0.549937940525 -0.512013836154 
34 0.633828365817 -0.773195453912 -0.0931624356542 
34 0.593961328855 -0.675771125067 -0.647077102858 
35 -0.0847364278737 0.601987657148 0.891323735417 
35 -0.43473269802 1.02082760707 0.68851952418 
35 -0.040648586585 0.895648251964 0.814850814244 
35 -0.400426398139 0.215943682848 0.622639298208 
35 -0.351952881747 0.508265060818 0.533980821168 
35 -0.147059941735 0.181848433717 0.659903980724 
35 -0.325822943624 0.729897707197 1.07985526741 
35 0.0447292147223 0.842492942285 0.435131337863 
35 -0.254371730622 0.82342967216 0.316583342296 
35 0.0319467595367 1.05204812025 0.77115411264 
35 0.142189202549 0.814872478546 0.491678141062 
35 0.238969337938 0.158421113676 0.382958904817 
35 -0.166130659186 0.60506301075 0.732245972942 
35 0.0357028354614 0.979306207195 0.4433608513 
35 -0.334769600169 0.734790566054 0.520343478558 
35 -0.398779814212 0.814291892976 0.0939715889695 
36 0.384273633661 -0.591546847692 -1.17364278662 
36 0.294877734826 -0.612413050768 -0.873328138521 
36 0.445257211738 -0.859827270126 -0.780033930514 
36 0.135042511965 -0.513514166392 -1.21974588898 
36 0.398268408035 -0.525540627072 -0.876650420108 
36 -0.455798723635 -0.671500512122 -1.0971627264 
37 0.171413836386 -0.268066338122 0.343138570177 
37 -0.154136499599 -0.894053831549 0.338494350627 
37 0.245879426966 -0.189159182774 0.205120422676 
37 -0.0468687379125 -0.304208569274 0.267232011589 
37 -0.453171547694 0.00695393205182 0.0307313463103 
37 0.237942549221 -0.154561381305 -0.15689372026 
37 0.228607394362 -0.384505641963 0.185159964336 
37 -0.196389503103 0.608352669325 0.0895120283084 
37 -0.270314249023 0.221223730339 0.375574974084 
38 0.143438860642 -0.114517260311 1.00687986181 
38 -0.282878841542 0.00215138558748 0.64098869111 
39 -0.661681780682 1.55782901859 0.798938833023 
39 -1.17458360551 0.954828180342 0.63293604556 
39 -0.693848802328 0.951885800766 0.936734206208 
40 0.737485633115 0.184592745604 0.572553974252 
40 0.669377094795 -0.0904035074084 0.295075091493 
40 0.867434139494 0.004731656715 0.210545364986 
40 0.950643253663 0.217008955422 0.497710152779 
40 0.437617467023 0.15289615401 0.417485589666 
41 0.659560797368 0.212987133386 0.578204965048 
41 0.90245811438 0.363728374953 0.173961698595 
41 1.29723128296 0.717100532896 0.0839851154794 
41 0.700482492969 0.515347718745 0.178995091815 
41 1.02913722916 0.991727265027 0.466202850494 
41 0.243467201699 0.768267637922 0.460462228637 
41 1.07051724681 0.841360771154 0.528026410546 
41 0.203820222031 0.833913425709 0.503561685841 
41 0.307671647644 0.501725603987 0.777497177204 
42 -0.256968459151 0.132707458655 0.560399310109 
42 -0.483985048787 0.698553373584 0.431251631745 
43 -1.28040569 -0.418576085471 0.303170975052 
43 -0.982914420781 0.262701789452 0.633174154157 
43 -0.747621208845 -0.357112093009 0.498706437125 
43 -0.695130735703 -0.122604265046 0.48288825902 
43 -0.835084288475 -0.269679375847 0.818176128483 
43 -0.804872072914 0.0366595080208 1.00318837505 
43 -0.896623481902 0.0454609904578 0.574460430759 
43 -0.876005322821 -0.405697802282 0.564525820634 
43 -1.03113768844 -0.345489930727 0.632334420345 
43 -1.03987343169 -0.137337887203 0.70838662402 
43 -1.1164489937 -0.0197588691957 0.473021938651 
43 -0.583727051814 -0.292427593377 0.418853150034 
43 -1.08076360008 0.00217055034866 0.62841721562 
43 -0.869586560089 -0.09458033409 0.382215659446 
43 -1.06477512774 -0.010870439027 0.385243056641 
43 -1.1719526081 0.0130700150276 0.331116969484 
43 -0.866636187204 -0.0764523378799 0.893328338176 
44 0.407585718267 -1.11083696675 -0.882890509187 
44 -0.00734337986847 -1.05107046795 -1.0231424346 
44 0.0258567621665 -0.651011457017 -0.758301871223 
44 0.236282814052 -0.964686517279 -0.969724916667 
44 0.409510096405 -1.18858543213 -0.838778424954 
44 0.174982655942 -0.944286904867 -1.23408098636 
44 0.191751053807 -0.7942450138 -0.799694698641 
44 0.738139271856 -0.871015679236 -0.852544758691 
44 0.404308496675 -0.965980280062 -0.819617310853 
44 0.736522469372 -0.841984515546 -0.769941040782 
44 0.143218698748 -1.26069829219 -1.03291050946 
44 0.784442903594 -0.595626412474 -0.4971410496 
45 -0.787847601502 0.780375072707 0.175990382972 
45 -0.428450779668 0.311301150993 0.761116578532 
45 -0.921170541477 0.540961966049 0.614538907949 
45 -0.811343434986 0.789243073023 0.198817969325 
45 -0.890051949799 0.354118073157 0.413795743751 
45 -0.739912341051 0.303536788613 -0.317494288381 
45 -0.889474343231 0.611898953164 0.274078154095 
46 0.941757152863 1.33489029379 -0.0434086372346 
46 0.126884987517 1.30473027806 1.01462952023 
46 0.571558410593 0.896608242103 0.881259024119 
46 0.77110355902 0.682717574041 0.671196581793 
46 0.945641959767 0.493894195684 0.286587448773 
46 0.737624276099 0.78355746252 0.846013007567 
46 0.783253896697 0.821391717889 0.782000205573 
46 0.4178573731 1.23330236084 0.79554807744 
46 0.233952862478 1.08314715004 0.738312332328 
46 1.30013632909 0.646586592278 0.561387230543 
47 -1.13048098708 0.0253850170213 0.471202873156 
47 -0.814404189779 0.555976881457 -1.62149025379 
47 -0.560768724525 0.868544983988 -0.963501622103 
47 -0.399970813884 1.23918077974 -0.654972480332 
47 -0.809804636311 0.764324810709 -0.723925306585 
47 -0.28484852451 0.592118151435 -1.34330624838 
47 -0.205524186802 0.363060701244 -1.12341441624 
47 -0.529106794856 0.751178405606 -1.03694675658 
47 -0.208100762793 1.4150873015 -1.24766686642 
47 -0.328478732683 0.769627232743 -0.948397049038 
47 -0.646686464317 0.501049598423 -0.938177654795 
47 -0.377217726586 0.570523742589 -1.00280975481 
47 -0.0973805449671 0.966821043546 -0.830362988935 
47 -0.265902757055 0.796349749965 -1.2308368045 
47 -0.243057027215 0.744606148353 -1.044350666 
47 -0.492219299725 0.766833956677 -1.08571281298 
47 -0.604386086949 0.565578835563 -1.15918057705 
48 0.738884128174 -1.11546419982 0.246057271797 
48 0.188362927674 -0.952478857263 0.105200847362 
48 0.459586455119 -0.633991843027 0.593597923414 
48 0.138723286964 -0.604960366906 0.455420780336 
48 0.670133726935 -1.18336321203 0.379885933776 
48 0.180188292219 -0.657897784213 0.230405347028 
48 0.528548007705 -1.05354226057 -0.226681600479 
48 -0.000184890855649 -0.713716641279 0.47442261357 
48 0.728829286665 -1.08964413107 0.0126208125759 
48 0.517646616799 -0.732802550231 0.21256117563 
48 0.244034388451 -1.08658418742 0.0198762384385 
49 -0.622341840061 -0.845338111737 0.18459223154 
49 -0.648017546667 -1.04195736426 0.7900337249 
49 -0.383623262355 -0.233327333416 0.372603148947 
49 -0.19678636303 -0.533844819225 0.532037623219 
49 -0.405594326 -1.07664423722 0.635367174314 
49 -0.496836469555 -0.904346019308 0.181494648952 
49 -0.508548171625 -0.713818902711 0.667139828395 
49 -0.601326255197 -0.676354142948 0.892044633223 
49 -0.396865011514 -0.82474428777 0.806963360852 
49 -0.232312826296 -1.09100732585 1.52592707892 
49 -0.452507169311 -0.964525770518 0.472052599934 
49 -0.219127503135 -0.832961629794 0.815564988721 
