0 -0.0314778548562 0.50849416276 -0.86140719359 0.478562367157 -0.410095073511 
0 -0.00198451618717 0.742716585718 -0.736196465599 0.607824912418 -0.364548587731 
0 -0.112848726767 0.528717627867 -0.604084977811 0.661901959162 -0.520789421931 
0 -0.24469090899 0.710031849773 -0.736362533168 0.776621894107 0.221787564251 
0 -0.192566565303 0.348404218578 -0.877545526378 1.02066542165 -0.121032703862 
0 -0.0382327454032 0.438979332996 -0.589715279576 0.62023621776 -0.428720640775 
0 -0.311416607582 0.704990732974 -0.695051671393 0.991565901107 -0.239877173782 
0 -0.178394818973 0.608852447179 -0.531438509953 0.935616472694 -0.220119904371 
0 -0.612135291397 1.48473741023 -1.33802144655 -0.193206465049 -0.142980431684 
0 -0.173840566561 0.364002801332 -0.762889642969 0.812299703616 -0.300430724069 
0 -0.276775820229 0.615966743442 -1.00051250634 0.25537675711 -0.102452426091 
0 -0.377455787214 0.311680575341 -0.861393965926 0.321381086127 0.0770435349124 
0 -0.234993387429 0.650525654998 -0.883044863989 0.0394953552713 -0.506321383507 
0 0.220165759479 0.546952706905 -0.621271983812 0.523712412111 -0.22327939851 
0 0.0142498464338 0.378980738464 -0.792332487517 0.600762846508 -0.0724192840023 
1 -0.20295817555 -1.20942680256 -0.362192935358 0.354872475655 0.567567095644 
1 -0.0868601767018 -0.970972026082 0.128331948846 0.898191477507 0.596275413001 
1 -0.383927642794 -0.930509586119 0.715341175266 1.47174858187 1.37781537976 
1 -0.06278212056 -0.893083750976 -0.0573361153102 0.790774873061 0.832989802383 
2 0.111714847588 -0.739076014207 0.179100993524 0.173485839875 -0.451286730666 
2 0.214054957009 -0.637564469535 -0.456940874379 0.202776666683 -0.287753303675 
2 -0.0110538730893 -1.02742804267 -0.198842048095 0.350503482844 -0.40802318633 
2 -0.0692449253623 -0.720210686595 -0.28244337729 -0.110001022673 -0.280674782477 
2 -0.0231106383559 -0.666610460842 0.129162793709 -0.117405808935 -0.452983719628 
3 1.20238217272 -0.718452075862 -0.767303556601 0.0721708453867 -0.462513599964 
3 1.13858124277 -0.518901879944 -0.959344122469 0.384492797179 -0.0321015655796 
3 1.00898838766 -0.585481938303 -0.604305147326 0.407728286361 -0.364184052955 
3 0.810700382381 -0.0211671476853 -1.17205233368 0.388680723374 0.318177059568 
3 0.886805520248 -0.57299575237 -1.06260776793 0.29253113184 0.0157316903219 
3 0.798522304797 -0.498382935903 -0.566588372579 0.200971421462 -0.38714271857 
3 0.547742954901 -0.800718545178 -0.866650582128 0.347577554711 -0.211149571107 
3 0.958154497964 -0.47528838698 -1.10247292781 0.51725412623 -0.73102793293 
3 0.779182675358 -0.876770761559 -0.715461381836 0.16779125788 -0.0517826929708 
3 0.847746889974 -0.864551654684 -0.613751454351 0.104846346118 -0.253455138356 
4 -0.399868102235 1.29492126177 0.678535235492 0.219591317314 -0.869000769238 
4 -0.40651767989 0.636700763801 0.531102246799 0.607216265433 -1.09760391942 
4 -0.693579442857 0.760694972761 0.343268841992 0.552083961564 -1.19975599155 
4 -0.112754081708 1.04626251923 0.394904849492 0.288096528781 -1.14388980489 
4 -0.605226788617 1.22531693032 0.321130169071 0.257255911348 -1.07855125187 
4 -0.434660195865 1.26621115591 0.755520155366 0.385082917651 -1.03849999494 
4 -0.0529026167519 1.18541475361 0.143297298078 0.76952596528 -1.04341612377 
4 -0.482916438329 1.1416341756 0.2278266342 0.264722394278 -1.04445190397 
4 -0.448876304432 0.996969318291 0.331547497185 0.189872328248 -1.2389610453 
5 0.655623374376 -0.0601673794455 -0.8625601436 0.942787178534 0.407477866858 
5 1.32426280585 0.340939516643 -1.15044708703 0.391254339906 0.929084521658 
5 1.24437579666 0.0569366957346 -0.960775549664 0.683412691716 0.665420549832 
6 -0.944969168004 0.67136352991 0.262598081506 0.575659476725 -0.7648478949 
6 -0.928399137003 0.436373919154 -0.169976848446 0.695926672011 -0.338526712418 
6 -0.723007399274 0.493826382968 -0.158819674739 0.224553498805 -0.258761445532 
6 -0.358737874069 0.75573546214 -0.00590470797187 0.445540992963 -0.531511608251 
6 -0.083813191741 0.277663727215 0.138413562393 0.839405236242 -0.632096058354 
6 -1.14107275321 0.590850682123 0.141987790808 0.600317842933 -0.788761233665 
6 -0.332867746652 0.472154441855 0.345984079813 0.0637062533034 -0.385450015692 
6 -1.11250736241 0.547677619639 -0.165800478254 0.374122631936 -0.175718739582 
6 -0.831841381688 0.330863780423 0.0996802942311 0.611141464411 -0.269521987391 
6 -0.669872933239 0.930930945243 -0.160110411969 0.47840845071 -0.693738305657 
6 -0.397606162035 0.642564906941 0.17171128505 0.399220482747 -0.540586987371 
6 -0.710236445822 0.64951191907 -0.0165100445793 0.663182822926 -0.519228374951 
6 -0.779667325577 0.542536132888 0.220315006518 0.698654156718 -0.380920317169 
6 -1.05984167143 0.503867992109 -0.11066200175 0.366308057223 -0.518728567035 
6 -0.692170137246 0.731293535642 0.100150268689 0.445624133416 -0.7193518205 
6 -1.20128940324 0.464783566335 0.283549344416 0.362368568169 -0.69968578644 
7 0.777597367076 0.530995627904 0.756507865859 1.03763335163 -0.120087169469 
7 0.63680393441 0.227408098621 0.650228167834 0.535134939388 -0.459442520856 
7 0.658667547652 -0.407123925435 0.463748653777 1.13133264016 -0.263493730913 
7 0.459558588604 0.17705119359 0.577308744481 1.01046022551 -0.650019154492 
7 -0.111839880546 0.230851013702 1.10489149247 0.654529175819 0.00494646781235 
7 0.711321647207 0.0988850874122 0.893956090236 1.11228121176 -0.401100586774 
8 -0.689034740604 0.314559468331 0.244927864874 -0.686064560822 -1.22315936706 
8 -0.875207106914 0.103964230443 0.099585321103 -0.581196672761 -0.965716594777 
8 -1.29895226734 0.211390059129 -0.198366372021 -0.3451236378 -1.37386876422 
8 -0.74652060739 0.339877845654 0.362944006601 0.00552279761914 -0.913401594669 
8 -1.58013384529 -0.628545556195 -0.0869326973764 -0.554186758456 -1.32190353103 
8 -0.7632390427 -0.144005023938 0.0427919859099 -0.826359816386 -1.26512309674 
8 -1.1819997855 -0.165499805756 0.00961783289787 -0.404056945746 -0.550206743049 
8 -0.612530812901 0.289744733507 0.540305614829 -0.418796173947 -0.43956136853 
8 -0.895890678913 -0.729520541025 0.118115738368 -0.437449369845 -1.10554662598 
8 -0.742470330965 0.084275227587 0.332116255331 -0.590859408765 -0.682403336813 
8 -1.03480422763 -0.0132823726817 -0.145977542644 -0.518378681789 -1.05518066964 
8 -1.08712868231 -0.0694159394969 -0.170027264536 -0.674237519171 -1.19421901424 
8 -0.813897279221 0.236452712151 0.356682975544 -0.961651031414 -0.592392424265 
8 -0.926365275856 0.227878795476 0.212946143781 -0.69726714105 -0.854005717026 
8 -1.07488356016 -0.0917439720826 0.040245428492 -0.43315003815 -0.860888375115 
8 -0.47957975722 -0.346120002848 -0.336069021685 -0.239251685535 -0.978395435217 
8 -0.657600487346 0.208910184442 0.159843543815 -0.849804283429 -1.12404033312 
8 -0.99756682769 0.147371745298 -0.0548347236369 -0.712505057675 -1.25668791781 
8 -1.02214875803 -0.157033143849 0.236487411461 -0.868096487541 -1.01929952994 
9 -0.834174042247 -1.09368049541 -0.534410474042 -0.00353837168474 -0.23479910727 
9 -0.587971379694 -0.717279549873 -0.733958853562 -0.184899705737 -0.419744646698 
9 -0.130490637316 -0.947801235906 -0.87024311849 -0.117878784611 -0.276138135836 
9 -0.48118484699 -0.763893046502 -0.956113108585 -0.0320700218602 -0.0348125246245 
9 -0.712271933966 -0.628032365772 -0.872908236311 -0.982007550826 0.414370082032 
9 -0.413511424179 -0.774790104494 -0.706290016303 0.191513025552 -0.399168046165 
9 -0.491174350415 -0.922454388914 -0.58179183503 -0.480643856103 -0.345220620311 
9 -0.787142449473 -1.07617939118 -0.825923142861 -0.0218489795955 -0.174246228807 
10 -0.654979367614 0.53826700335 0.039818916591 -0.0686912631407 0.241918231479 
10 -0.324429408943 0.397203584009 -0.136729050917 0.125810144949 -0.194563310617 
10 -0.491141509002 0.744452820176 -0.254798932318 -0.0370332592052 0.477791322515 
10 -0.737999610894 0.649046146848 -0.311167866334 -0.252925036338 0.114222018431 
10 -0.0648167408862 0.312337463219 -0.202912656116 -0.199318449316 0.332047559797 
10 -0.655532566806 0.67874995872 -0.0346327042626 -0.229743678713 0.0016239758433 
10 -0.488266361276 0.460634004832 -0.0743338364495 -0.143727864552 0.57575329336 
10 -0.605282680339 0.499536092703 -0.193344721817 -0.227549509654 0.167629930361 
10 -0.527017011189 0.363047355471 -0.0958898682973 -0.233722314567 -0.0302802034524 
10 -0.830117636932 0.558759438897 0.0514137048771 -0.251183596118 0.342835391138 
10 -0.740526357613 0.872917434431 -0.532007598559 -0.0738462148557 0.924642325696 
10 -0.257196423489 0.164505698366 -0.194810707115 -0.247503426296 0.347202178886 
10 -0.627455337374 0.101300610024 -0.0109337801787 0.17945517543 0.894420525479 
10 -0.526429178326 0.577911819177 0.0964382214933 -0.230716825527 0.531745915169 
11 0.984578263154 -0.149130297932 0.372333839231 -0.281123319105 0.77443382245 
11 0.993711951164 -0.368769471447 0.704047996094 -0.934376355139 0.65462999241 
11 1.15201545003 -0.987621592531 1.08785416714 -0.372789918915 0.432295942492 
11 0.698958391831 -0.585323526624 0.974938495022 -0.540013626977 0.529156679343 
11 0.907420879198 -0.430140805928 0.559241745889 -0.794654769983 0.718122013701 
11 1.01640779305 -0.657296022206 0.471284988447 -0.548130794589 0.44156689216 
11 0.39384941743 -0.129417351733 0.597991946747 -0.839709160353 0.580273438748 
12 0.739968604651 -0.738395757944 0.488417202707 0.447506965686 0.749525503217 
12 0.702521877508 -0.512561376033 0.382518501807 0.712412089094 0.950561553169 
12 0.463368287992 -0.429857721121 0.0287240824905 -0.109519589177 0.635454310425 
12 0.665333025556 -0.0898632130934 0.65925330334 0.063711844843 0.185532015473 
12 1.03208841151 -0.443749921327 0.514031017527 0.54917884098 0.594620123028 
12 0.671475571628 -0.453661528992 0.296832446935 0.443663423497 0.444215711115 
12 0.797528981877 -0.623952793498 0.349696596278 0.125372983464 0.467586479392 
12 0.848998787754 -0.565739957027 0.252689238128 0.632447123041 1.0257881391 
12 0.563421930855 -1.10417057557 0.501442089828 0.283255438783 0.814247958245 
12 0.803208145112 -0.137888073836 0.556355651338 -0.697320950663 0.15466180027 
13 -0.180157465258 -0.419453393058 -1.15948531437 0.309305438037 -1.37805733117 
13 -0.571964590387 -0.176442196688 -1.26666791912 0.633127211065 -1.13576798646 
13 -0.240409262424 -0.5505570083 -1.03128334989 0.781082882419 -1.08169286509 
13 -0.458387920687 0.10950673852 -1.08161891788 0.271535790089 -1.01317580991 
13 -0.536713825387 -0.338998993098 -1.29516648502 0.6157953495 -1.020974544 
13 -0.672112875425 -0.512609423052 -1.16113164566 0.533451001324 -0.825405530629 
13 -0.474563382306 -0.572568787528 -1.20358409636 0.335760952919 -0.591806846345 
13 -0.49358583762 -0.271537630075 -0.860855920228 0.617136051413 -0.886258962387 
13 -0.221237322571 0.234681387651 -1.21718761119 0.237130187559 -1.01711002094 
14 0.487651687285 0.956737143529 -0.822910976082 -0.180695817477 0.143246370011 
14 0.64821530733 0.77699042812 -1.06908293606 -0.112834024092 0.334090887801 
14 0.171475171839 1.04779964118 -0.540963100231 -0.305472756514 -0.23404571224 
14 0.27309205237 0.779423140707 -1.15125215241 0.0567557008853 -0.378818959239 
14 0.593759736863 0.801105795141 -1.00279276073 -0.303552030719 -0.0788728221817 
14 0.71641010295 0.735821083895 -0.858213265063 0.00201851674872 -0.545498719889 
14 0.38099655036 0.785916939878 -0.913016910696 -0.264601422503 -0.182967906644 
14 0.69267155231 1.4754600403 -1.19073790489 -0.13961557261 -0.00890958646181 
14 0.43875608928 1.00031080859 -0.911642727478 0.0430864410771 -0.00461974192397 
14 0.710560366579 0.693292589539 -0.842093098562 -0.40536876446 -0.120106478821 
14 0.226560653706 0.905892075236 -0.829480858216 -0.256693418278 -0.300922604718 
14 0.171741095108 1.07452000868 -0.82273295206 0.036943034665 -0.230856136072 
14 0.696617520916 0.690912379275 -0.67977047646 -0.768277448794 -0.519306846528 
15 -1.09785930699 0.24072278358 0.951005995458 0.401657653033 0.253920902163 
15 -0.890562343156 0.387525286929 0.912403728037 0.178779184641 0.675692614198 
15 -1.15984740006 0.152124885443 0.831397908065 0.267846368112 0.751173395475 
16 -0.312833516006 -0.627831878211 0.633956754158 -0.0826221471257 -0.239396485658 
16 -0.234195438882 -0.485213143663 0.871006638977 -0.201987293123 0.355150348245 
16 -0.20289534666 -0.635131863655 0.531275312727 0.110204435729 -0.057334877868 
16 -0.115751903862 -0.517081369033 0.820357710589 -0.0171748383515 0.188674072785 
16 -0.774580817097 -0.224878524686 0.77753891612 0.278286264694 0.0542908560549 
16 -0.113318701667 -0.424757443061 0.78073973199 -0.00152184389088 -0.0814723919446 
16 -0.270137095274 -0.0327374619906 0.768714942628 0.261119833988 -0.0192924608067 
16 -0.461888533398 -0.343324172189 1.21217506321 -0.0163393006457 -0.0429861574643 
16 -0.283497855972 -0.264595019101 0.894882284472 -0.171637007687 -0.355158140596 
16 -0.33068871854 0.128981073475 0.856506261081 -0.150123104684 0.120298711693 
16 -0.579174284357 -0.315461888782 1.15489538252 -0.112155489064 0.0128811970647 
16 -0.408288008724 -0.0568672309934 1.01349662915 -0.462242155474 0.127685818302 
17 0.823861647675 -0.184088587976 0.352974549049 0.15419546822 -0.114303202399 
17 0.906790956238 0.374724964088 0.621271856269 0.607332298937 -0.0835519064777 
17 0.910495827927 -0.0209622496735 0.499711284875 0.722271449325 0.252880428228 
17 0.845871585525 0.821497912463 1.15517892072 0.942648993896 0.0421867004941 
17 1.23432833849 0.508745671749 0.844453122822 0.844012298678 -0.229933025618 
17 0.697826977746 0.521488289852 0.362833555721 0.818960928302 0.363331729518 
17 0.756156046223 0.924964765049 0.572336560253 0.318117159997 0.22787196978 
17 1.05855739711 0.805640346555 0.737153789947 0.647405578991 -0.0340112604073 
17 0.641089707728 1.03582655446 0.736249696411 1.07252302547 -0.229006303069 
17 0.930099631468 0.75355636521 0.222570122949 0.619182465125 0.105472982504 
17 0.907428120964 0.496170433997 0.466751432279 0.777870807454 -0.482254733229 
17 0.7521812105 0.840601842985 0.524175245791 0.609568160848 0.192961784475 
18 -0.65351534211 0.0796156437019 -0.00731519755205 0.673609097617 -0.401743996072 
18 -0.996696849403 -0.283382803713 -0.35940167819 -0.0485509282597 -0.390432331627 
18 -0.580505850227 -0.576966811645 -0.469105535493 0.358414612806 -0.556581841956 
18 -0.589218139419 -0.653496501887 0.112524129146 0.348458866506 -0.166068894938 
18 -0.878211037172 -0.399188157306 0.119884192216 -0.168213135113 -0.548139705358 
18 -0.865052625922 -0.504136566923 -0.106221848165 -0.0113030645414 -0.491286824414 
18 -1.16404386144 -0.622139574246 -0.10635757241 0.19799747447 -0.618705856432 
18 -0.603929961172 -0.636536790782 -0.637652658614 -0.492789556172 -0.724842599832 
18 -0.773777707909 -0.583559471732 0.161462424254 0.285270447224 -0.739290225048 
18 -0.44936512663 -0.639825325983 -0.276418462023 -0.0019300711194 -0.646933004467 
18 -0.686437630955 -0.568802527774 -0.261478455428 -0.182784124195 -0.644092985923 
18 -1.24550195264 0.125366056857 0.0388115821108 0.207921673371 -0.516140588226 
18 -0.534497009897 -0.221576261996 -0.14168962229 0.0352237346524 -0.284471957055 
18 -0.915095736556 -0.691692347053 -0.352214676566 0.303944477987 -0.50113245827 
18 -0.622587731279 -0.764896692557 0.300046274429 0.0150148766617 -0.864892982663 
18 -0.927980245179 -0.868562592886 -0.353808686313 -0.0332590332442 -1.15830064534 
18 -0.297204205198 -0.724929461137 0.158569341332 -0.183972935949 -0.377521891637 
18 -0.937962896403 -0.683561983239 0.0353115680502 0.339547058372 -0.55291469912 
19 -1.01324295825 -1.3024163342 -0.612163511959 0.514926456921 -0.269697226964 
19 -0.930280284905 -0.842128163762 -0.907322710501 0.438848066517 0.0524352184956 
20 -0.188255761428 0.182453754317 -1.12141056158 -0.0567804014227 0.0152965717756 
20 -0.879654726642 -0.0288064370592 -0.847761552281 -0.139823907361 0.288854706938 
20 -0.312788705433 -0.270405665362 -0.936545691177 -0.805421510983 0.309806091927 
20 -0.164653070605 -0.0216186242278 -0.762820573496 0.304275792706 0.108522047003 
20 -0.411593643173 -0.347592517464 -0.372716479726 -0.357775138297 0.418191885093 
21 -0.671527913409 -0.761530028904 0.495026227408 -1.01213073673 0.492341906182 
22 0.374766252298 -0.641761309219 0.351074690277 -0.24821441822 0.783450529471 
23 0.851512885313 0.778028146782 0.46203514928 -0.059327824956 -0.131027279731 
23 0.707738448369 1.10792666334 0.380066123069 -0.0820109907027 -0.159174440691 
23 0.61573551696 0.966296146972 0.445233163342 0.154734931945 -0.110377071053 
23 0.751202803239 0.980074531115 0.251306555477 0.405778963183 -0.178556658834 
23 0.339426413155 0.906203117286 0.714997296115 0.457436616166 -0.559665601273 
23 0.485802124437 0.69833970588 0.759523595172 0.127578669392 -0.464178765606 
23 0.643232143541 0.790937930569 0.159726082691 -0.204929591388 -0.485313966913 
23 1.09681785415 0.992859475845 0.444249874905 0.0201578298609 -0.297626765191 
23 0.629312776577 1.02720793366 0.195104843346 -0.167323344878 0.222269622537 
23 0.686256407612 0.900791581243 0.672751775317 0.520254416618 -0.54380430219 
23 0.571768081801 0.542221154929 0.324737375903 0.196439870281 -0.63653903549 
23 0.434269553034 0.858212473138 0.187608266435 0.00670203270083 -0.2568271603 
23 0.810489263781 0.950779328727 0.230888623634 0.487254192799 0.0271662611256 
23 0.427606512228 0.801687735405 0.369766178249 0.127398343098 -0.00993726039968 
23 0.424770069498 0.747805328943 0.312498845507 -0.136824255394 -0.276766897858 
23 0.848086161225 1.04118175452 0.244244324446 0.185258421829 -0.460678806396 
23 0.34779719375 1.31753642457 0.401090143804 -0.329545268313 -0.321362855153 
24 -0.376465196232 0.55294500004 0.643881407185 -0.116244239025 1.23741541844 
25 0.334473236105 0.588506195122 -0.260411400325 -0.246084726162 -0.729212905633 
25 0.657098065048 0.299271546482 -0.762538423164 0.127436908327 -0.289534099546 
25 0.714178209719 0.568254926564 -0.597204047062 -0.486318526583 -0.374102255302 
25 0.512333495192 0.772448800755 -0.415791339388 0.345754579382 -0.250364882377 
25 0.434468238837 0.869389625693 -0.258954060693 0.101401997141 -0.0932605906076 
25 0.341630278514 0.755370888797 -0.809388241562 -0.0992256272848 -0.291273022004 
25 0.327346574131 0.642610015442 -0.193894836326 0.0430335700564 -0.0858244528001 
25 0.320887200812 0.40146796129 -0.63145469861 0.00647672112245 -0.124460851499 
26 -0.20174478394 -0.765148075858 -0.0442242541805 -0.508351116073 -0.662997598147 
26 -0.473411155997 -0.637428071841 -0.652142471048 -0.0779776576825 -0.362410763212 
26 -0.425222280436 -0.423856135529 -0.484273654967 -0.100245829781 -0.9064410445 
26 -0.060857056361 -0.851337403375 -0.649201690611 0.0409265524577 -0.818768537244 
26 -0.464456166012 -0.722789632342 -0.778830806074 -0.424947953513 -0.356550895357 
26 -0.476267725571 -0.242304557509 -0.184191830409 0.163338926395 -0.708800687153 
26 -0.203538877104 -0.970192616764 -0.259013958843 -0.0407422955575 -0.418473208969 
26 0.0191975016569 -0.515126715504 -0.391577520348 0.146353131853 -0.716065717778 
26 -0.492081068267 -0.132080940207 -0.226375559102 0.114211017746 -0.463841668639 
26 -0.239068750683 -0.334211639543 -0.625081067116 0.127118712924 -0.454079465384 
27 -0.178886624979 -0.130814139798 0.967051132698 0.695409533525 -0.51191814209 
27 -0.476890526365 0.0877127815377 1.06060096493 0.84674092871 0.138124597108 
27 -0.115353409797 0.195662995057 0.929853320503 0.920612556099 -0.383823763371 
27 -0.397496371608 0.292298620141 1.24427465321 0.862247557661 -0.0716445653067 
27 0.108739926114 0.156614270748 0.921073755478 0.270972098096 -0.0734805957514 
27 -0.31505639875 0.269435077616 0.787420953887 0.578647465323 0.0990066345372 
27 -0.511665776226 0.427398537121 1.08382114458 0.549588639206 -0.173293414014 
27 -0.442226767123 0.0977575158492 0.792778713165 0.650264917678 -0.216384401079 
27 -0.177704272429 0.25361772934 0.673641129175 1.15767299427 0.0960045860517 
27 -0.120319315995 0.446227289169 0.51209454434 0.282725043319 -0.313512401858 
27 -0.452412773974 0.249987220983 1.10136478199 1.03305070843 -0.256333474813 
27 -0.228369323562 -0.182857237707 0.777468920371 1.10051465719 -0.175305947782 
27 -0.412366415388 0.823606161052 0.387098256214 0.97343116054 0.0373199106989 
27 0.062264019758 0.365070287411 0.755729545429 0.768094914698 -0.206402818347 
28 -0.13490841303 0.598585639466 -0.488025699527 0.194221146916 -0.680012139069 
29 0.119269672796 0.667970185615 0.226894668106 -0.501294447726 -0.525274450242 
29 0.349215517051 0.793522752819 0.443297530739 -0.438662889257 -0.481803684747 
29 0.0144148824483 0.501630504297 -0.378424108453 -0.480691910562 -0.129026913866 
29 0.123994914104 0.725932426196 -0.136052712853 -0.349028380565 -0.471044587086 
29 -0.0175035232512 0.435035125255 0.0367665158638 -0.183401650733 -0.0253634588413 
29 0.278664897187 0.522050635216 0.185364132615 -0.445754531434 -0.567227600541 
29 0.234280982873 0.325661317176 0.303370774967 -0.392172581039 -0.628355994033 
29 0.00181666750944 0.621108209839 -0.19739292484 -0.650910074328 -0.484648464176 
29 0.298727927195 0.618248093406 0.18256845535 -0.469176311669 -0.353112493183 
30 0.271513548633 -0.314821422899 0.189761476214 -0.723233728046 0.693895621505 
30 0.155889231533 -0.275281833086 0.26603870022 -0.93765845561 0.763526882476 
30 0.439736880243 -0.516314757103 0.396137524895 -0.636881462702 1.04247671172 
30 0.274855151889 -0.546394698469 0.34533822021 -0.753771810488 0.599349326232 
31 0.72954717331 0.0767328672965 -0.195117270025 0.640550527219 -0.0730425649255 
31 1.09570691668 -0.292221512215 0.778727780387 0.425316766718 0.207041992547 
31 1.00836471126 -0.183254411768 -0.255357678493 0.279449076642 0.248449980437 
31 1.02575600031 0.217753714986 -0.570519456876 0.768459946896 0.333414798035 
31 0.610357906593 -0.182538968557 0.232890804973 0.182337670548 0.157281676951 
31 0.725296066884 0.0307647418371 -0.599615118175 0.084090485771 0.313601433704 
31 0.934446209972 -0.426378845408 -0.0637769559832 0.15839625199 0.273264784988 
31 0.930616355472 0.0241400885715 0.144824866304 0.632301637088 0.05272067145 
31 0.301260791398 -0.390984306787 0.0656658937157 0.424965945034 0.086504559295 
31 0.652886994339 0.0279574966196 -0.385633036623 0.702852220462 0.0214994284692 
31 0.526115941218 -0.0135182388675 -0.179631592114 0.445984480566 -0.0888496613283 
31 0.0378009192318 -0.0235950286594 -0.560564402464 0.320818021072 -0.0696323843678 
31 0.737079347419 0.153398889087 -0.343089481572 0.276104619425 -0.399275271458 
31 0.602809177133 0.113503813517 -0.40543693927 0.45741315353 -0.177302805287 
31 0.930012374798 -0.204531260169 -0.253135076084 0.235124275886 0.400705617429 
31 0.524888578101 0.113151680908 -0.143383647889 0.147542432745 -0.136452290639 
31 1.3712677458 -0.0685043829449 -0.323193025813 0.145051602231 0.271538404363 
32 0.427612532662 -1.03249796757 -0.273843422418 -0.905878024112 -0.777249998831 
32 0.346273601805 -0.898975297739 -0.0609078109632 -0.531237746028 -0.571602449326 
32 0.402724538336 -0.806002028821 -0.0973660553872 -0.324635634677 -0.487009236647 
32 0.329182385145 -1.17505174539 -0.296764965424 -0.549429384409 -1.263600934 
32 -0.43286152238 -0.334978377916 0.115379040236 -0.855935563517 -0.671694842448 
32 0.305759181249 -0.920462453125 0.307915938475 -0.63963877983 -0.894260629225 
32 0.380708096205 -1.2939616408 -0.450499291429 -0.443019047255 -0.298194468147 
32 0.501985492961 -0.711761381274 0.338327116736 -0.837621189306 -0.913187294621 
32 0.0551057461114 -1.12381485376 0.216546600299 -0.92992836555 -0.699351475341 
33 0.528875619895 -0.832201336232 1.08962621057 -0.537242348882 -0.314792900172 
33 0.0263019819727 -0.773129814527 0.62474085222 -0.57921627261 0.269232434249 
33 0.391526163654 -0.771809692037 0.568911674497 -0.713632157925 -0.0528136211207 
33 0.136060801307 -1.00215717383 0.907469297148 -0.227553016818 -0.0393390048069 
33 0.690919192644 -0.969497159435 0.593335323687 -0.333055924044 -0.0982994607393 
33 -0.0301717691429 -1.05289163292 0.783719979358 -0.668460312464 0.142473253561 
33 0.19795447562 -0.955286567633 0.784011406135 -0.756755700978 0.024328521283 
33 0.534061856595 -0.946814677079 0.91802704315 -0.672130404827 0.504222959016 
33 0.338552597105 -1.03835338319 0.795041046817 -0.677205820052 -0.108142646362 
33 0.725374453944 -1.15161134258 0.752858445078 -0.758721815133 0.24310629558 
33 0.26440169217 -0.782520439042 0.696340111864 -0.229028048225 0.233286647804 
33 -0.054568867478 -1.11578066408 0.664537970866 -0.974587280365 0.0836849157167 
33 0.37062958409 -0.719892109552 0.629082451285 -0.875620332997 -0.0429934284034 
33 0.386669320796 -0.852839301292 0.657150491877 -0.301639285355 0.0950229959785 
33 -0.0878966347737 -0.795142745606 1.3998786405 -0.889396707128 0.852813389496 
34 0.647648765044 -0.510669489234 -0.360454501582 0.463946302992 0.0738051676287 
34 1.08815619719 -0.771404615005 0.0311039659685 0.0232268111711 0.595266839212 
35 -0.601166664661 0.74324064715 0.576244335722 -0.368831663702 0.314769122108 
35 -0.724604044113 0.969410511675 0.428899737863 0.206474477502 -0.0892866848168 
35 -0.727985091643 0.729012029816 0.909995147866 0.0649384522119 0.422830321708 
35 -0.914206113023 0.534909791964 0.774359899736 -0.428911403423 -0.0130466412834 
35 -0.980702804872 0.67958488081 0.749610616748 -0.453985593774 -0.21592383599 
36 0.701419696636 -0.0302591359433 -1.50114435872 1.13375194406 0.829265766498 
36 0.757377418735 -0.0179752813705 -1.04488798225 0.649916070958 0.942936708057 
36 0.71790252487 -0.150177023438 -0.669689276078 0.46799325155 1.32249051233 
36 0.911446339087 -0.276387191861 -1.06097532555 0.416842778226 0.839074307146 
36 1.0334035118 -0.121378712889 -0.884688395402 1.01370371742 0.969759130389 
36 0.802834037482 0.0884141138782 -0.666170561956 0.926599628512 1.39687053673 
36 0.687556318199 0.100663593978 -1.03041960154 0.173806821768 0.974872016559 
37 -0.587679665393 -0.435374528442 0.876638396924 -1.26251875724 0.166304855464 
37 -0.986226986144 -0.590863361122 1.01331463342 -0.812069024407 0.348150992054 
37 -0.315347666143 -0.807792292233 1.30358427387 -0.588117626636 0.410621144167 
37 -0.693785886028 -0.71899539963 0.736104797665 -0.877160644178 0.501664916355 
37 -0.317366618332 -1.06372499219 1.24179845733 -1.14363975002 0.278988220848 
37 -0.206270474785 -0.321554817237 1.04398005735 -1.14176784263 -0.0143433466185 
37 -0.341470814455 -0.499191418536 0.814258015985 -0.858530951705 0.825469649278 
38 0.766969168352 0.39662102225 -0.527910511187 0.0187930116054 -0.541332041846 
39 -0.605859003549 0.0613422972742 -0.82109554012 -1.14127869127 0.939521820858 
39 -0.536044817289 -0.350665877997 -0.862462050733 -1.32315614634 1.22880464447 
39 -0.509049419225 -0.367664233812 -0.727261103096 -1.22884420742 1.20061673039 
39 -0.164901686562 0.0555815322538 -0.697061407661 -0.636337528983 1.22312983847 
39 -0.540739981294 0.312075978788 -0.861320929128 -0.853755570053 1.5801636363 
39 -0.388133041445 -0.117432328209 -0.835902209559 -0.711093993874 1.08738934754 
39 -0.0624831427268 -0.20667666123 -0.989556098633 -0.434093174792 1.03657060501 
39 -0.46840579474 -0.185341668048 -1.25078970663 -0.732989765246 1.08970453352 
39 -0.306826067238 -0.133666629679 -0.716934059966 -0.584768906753 1.14088006306 
39 -0.48844106915 -0.145878111372 -0.103411131589 -0.832281340147 0.444913003658 
39 -0.568198433558 0.0705445348168 -0.603390344293 -0.97708488006 1.413096262 
40 -0.478323516548 0.496771194076 0.269758035364 -0.374653391741 -0.238851551167 
40 -0.57307458668 -0.0958325225389 0.219259271912 -0.147628323536 -0.240428584843 
40 -0.586140242455 -0.068191529752 -0.042416483594 -0.383799668995 -0.347495521087 
40 -0.731496440817 -0.0281393573874 -0.0775336959568 -0.33456819076 -0.0891450105497 
40 -0.601466345506 0.215301827007 0.0530798197087 -0.482506129496 -0.283773841139 
40 -0.799754564636 -0.193455007603 -0.0246773307258 -0.118031757601 -0.287061949498 
40 -0.622893425328 0.313232922588 -0.0261230915689 -0.771376743703 -0.517728057623 
40 -0.962667331053 0.223871900995 0.165703929303 0.261529599904 -0.0263427235698 
40 -0.509302560471 0.429533585239 0.0575613254481 -0.413277169151 -0.212518332739 
40 -1.09611213048 -0.113584855755 0.355453878471 -0.926295523951 0.173035038109 
40 -0.191388514327 0.610826004933 -0.0519402793477 -0.633275631209 -0.729640949073 
41 0.768781092667 -1.34395896639 -0.34041083634 0.588726893431 0.803640695393 
42 0.719787215393 -0.339855760288 0.726374662009 -0.469596475721 0.300480489906 
43 0.120532166846 -0.969114157339 0.418326699299 0.0754765248769 -0.784489247432 
43 -0.00327317039622 -0.557712627506 0.486444002745 -0.381508271486 -0.820725334716 
43 -0.436224766959 -1.05778204553 -0.173389953961 0.145709654099 -1.33361780656 
43 -0.18769899268 -2.03908570462 -0.254791275442 -0.392721758498 -1.54505863602 
43 0.0706870956719 -1.27132241326 0.317694786593 -0.452099225884 -0.586634493181 
43 -0.00763965672566 -0.901807670829 -0.147552888505 -0.270023420964 -0.384707020834 
43 0.380106936653 -0.824351083618 0.113724841223 -0.507069919728 -0.416441266845 
43 0.277352781392 -0.797049231522 0.0524583262227 -0.15685402478 -0.777623853311 
43 0.349253968884 -0.754463511617 0.170822252781 -0.0719540281977 -1.11130973552 
43 0.157863085279 -0.882147314604 0.165351555041 -0.343075642898 -0.399577988672 
43 0.290802607165 -0.853908014336 0.0174335733237 -0.20675449738 -0.539191494778 
43 0.398999610068 -1.04098597685 0.587197802008 -0.225214539181 -0.7016026281 
43 -0.0648938491045 -1.00258065719 -0.0223294999237 0.0376440724777 -0.750051130969 
43 0.588643076688 -1.09617558215 0.190569502218 -0.387087056926 -0.348923140305 
43 0.105433102523 -0.90507850392 0.148368861963 -0.231270133628 -0.396310162386 
44 0.664365907517 0.325143994623 -0.0558291970541 0.398592765259 0.73051003798 
44 0.858333039382 -0.376782537066 0.576362891677 0.357101353081 0.500199789047 
44 1.02580978919 -0.712669064474 0.358087971269 0.486941632748 0.727866655778 
44 0.934737243383 -0.293191164912 0.436569185628 0.298200556171 0.721556126465 
44 0.364890740748 -0.21459825436 0.334296026834 0.201784492268 0.431532830003 
44 1.13440705938 -0.194828140962 0.359739077895 0.176160275073 0.835558729891 
44 0.637604896469 -0.373707715626 0.653431840277 0.417185546946 0.285134393885 
44 1.14405580073 -0.288158693542 0.346397530526 0.361364154525 0.0882562195485 
44 0.532860116575 -0.444383290425 0.494414199006 0.189939293468 0.501040639386 
45 -0.659224242787 0.0103817804123 1.16939993827 -0.851598683488 -0.696356500486 
46 -0.565198603159 0.233105957932 -0.805607416692 -0.365748786113 0.521664588496 
46 0.408629185018 0.054358485385 -0.354283982843 -0.297726729186 0.449178224078 
46 -0.344218594451 0.220502199862 -0.450023691626 -0.736057546133 0.706340480544 
46 -0.156922687551 0.438478813904 -0.841508177579 -0.215694875867 0.611627009641 
46 -0.277750848465 0.255333746771 -0.918425330589 -0.0947872288717 0.845654488335 
46 -0.521137580452 0.0890418907778 -1.09330678238 -0.625254471933 0.332038743127 
46 -0.216372169695 -0.37264771201 -0.947048055365 0.025658175901 0.499227728188 
46 -0.631992364284 0.74176499713 -0.641443510679 -0.722183780678 0.996344112415 
46 -0.617729869801 0.151673153274 -0.866293767339 -0.000882358497624 0.320792300015 
46 -0.63022196728 0.405128913086 -0.726240880332 -0.177679343772 0.340066394048 
46 -0.00200933863447 0.180286242255 -0.0227216606713 -0.0299934923046 1.27109054001 
46 -0.0299009918713 0.325765889621 -0.965273338339 -0.832949979929 0.98851485959 
46 0.853890398889 0.389117516811 -0.509426786978 -0.22321244727 0.771683693945 
46 -0.587830636604 0.140423915035 -0.667224348864 -0.434322375556 0.343286188978 
46 -0.253016278691 0.0603839594993 -0.948345944642 -0.486458981001 0.605625108105 
46 -0.339111212961 1.3417936589 -0.974258336154 -0.521255693849 0.586371767328 
46 -0.421761656619 -0.0202695531447 -0.79169030454 -0.550183560262 0.136375373058 
47 -0.90103053172 -0.464241402115 -0.60731720524 -0.141110567218 0.359117238065 
47 -0.653918291938 -0.260947731494 -1.00055038375 0.0237723152693 0.854734327973 
47 -0.912766920209 -0.23095150088 -0.803164974143 -0.0877770967985 0.847044060681 
48 -0.64473207692 -0.383253450823 0.834631002322 -0.503614119105 0.0437526713962 
48 -0.615487041338 -0.0817553442846 0.614027638977 -0.270742193356 0.40110694867 
48 -0.797945226602 -0.055692686878 0.990632360638 0.384982412065 0.41081807928 
48 -0.674723005587 -0.315552097468 0.695187770898 -0.0817460816962 0.360182054754 
48 -0.380165340153 -0.331204388112 0.879213472179 -0.733262565387 0.227626705964 
48 -0.869003840071 -0.104294673199 1.27011354497 -0.994619461251 1.35260017948 
48 -1.04271695918 -0.4391749022 0.771595051219 -0.166472588134 0.412690321108 
49 -0.48155753176 0.676239587305 -0.754853739726 -1.22450231759 0.349086057359 
49 -0.736193133035 0.451286468192 -0.836495521015 -0.863408847567 0.87853368047 
49 -0.404248628612 0.622401983542 -0.96848122044 -0.743845320218 0.543900050366 
