0 -0.300878920288 0.978370762303 0.891917134255 -0.537969930773 0.757088654689 0.387606571571 0.70480856173 
0 -0.554033050693 1.47940832808 0.57959705114 -0.791252666072 1.36037048613 0.859778363639 0.18159518006 
0 -0.256612670138 0.839936750592 0.618153525844 -0.855794246683 0.592465837776 0.803828010961 0.734347036499 
0 -0.109448946916 1.35995832549 0.787279081923 -0.94527440146 0.693374920687 0.39329180391 0.545493506965 
0 -0.497919777532 1.25057833699 1.14843742129 -0.290691864354 0.46605788214 0.907477914238 0.651862706656 
0 -0.423784380472 0.834032842934 0.647610747255 -0.605095154078 0.903090073079 0.460583908091 0.368193353712 
0 0.411800627626 1.41949970836 0.615824762625 -0.903846206606 0.694624102786 0.309028679205 -0.152709008807 
0 -0.261760233157 0.819932748632 0.740236362143 -0.581799725265 0.572928298889 0.443430943205 0.741322104188 
0 -0.28683923611 1.03399562881 1.03934571909 -0.694200017732 0.670730449733 0.586282577083 0.107511762429 
0 -0.459718702814 1.18405224815 0.360430746891 -0.336001234064 0.766718058075 0.318294179078 -0.164565492368 
0 -0.186655316139 0.511555509877 0.84860454344 -0.724180674493 1.08029861992 0.686943835653 0.750439938206 
0 -0.234077691441 1.17207491627 0.809808894473 -0.792729922627 0.423593227723 0.742775729416 0.276494529668 
0 -0.72675699444 1.04414202534 0.916410217695 -0.469639550513 0.687356288156 0.841485504244 -0.0439756814624 
0 -0.0304490654171 1.26765547876 0.749253815453 -0.690657087549 0.694871428139 0.631449059622 0.116388235949 
0 -0.390113923969 0.652090005553 0.331423782762 -0.608457003382 1.09144085528 0.46827932874 0.137211363542 
0 -0.762038373866 1.22222358868 0.676285592484 -0.356065825986 0.624733095789 0.30899882478 0.485577392827 
0 -0.109936907424 0.728316958826 0.704120333832 -0.902959891794 0.765573395531 0.936235417627 0.230064609973 
0 -0.193631207747 0.806289418521 0.825196143835 -0.784786879271 1.01734003366 0.420126877604 0.574299604725 
0 -0.354488748527 0.806086841147 0.418519310182 -0.784519452584 0.26465532152 0.819833057079 0.436549616419 
0 -0.487422277893 1.06317657631 0.931387203536 -1.09075082958 0.747911666962 0.0978920740311 0.47834505086 
0 -0.474297026603 0.88602288888 0.747807849079 -0.965724064336 0.66496228787 1.00430150721 0.436260373223 
0 -0.184307269609 1.20505544636 1.25469881793 -0.937882598459 0.546140295918 0.719233769966 0.117647492116 
0 -0.354121924848 0.775818641376 0.759272698583 -0.810217351908 0.957753254469 0.959169129607 0.377337063371 
0 -0.211326636286 0.952689175895 0.841624026555 -0.0719006035056 0.975036439568 0.538735590979 0.302156642967 
0 -0.644627312714 0.308468452392 0.555671259613 -0.539399064993 1.02619804063 0.766588872839 0.546149607704 
0 -0.460727432416 0.881234642935 0.983807033868 -0.650351056595 0.680886346304 0.851621433979 0.0199745807611 
0 -0.573809956621 0.991228465236 0.784633094739 -0.20116794748 0.941881432853 0.366702512538 0.136210155063 
0 -0.48002021313 0.773899378922 0.814698677479 -1.07561317378 0.98735076991 0.467518697491 0.701248708799 
0 -0.265385858124 0.719925958054 0.618921116086 -0.525572018639 0.437100876714 0.379132857202 -0.352842847269 
0 -0.293554023164 0.997552062577 0.924957526639 -0.707338290133 0.775228126684 0.403274313677 0.610874273918 
0 -0.270398289469 1.08059799078 0.538221117109 -0.713542872635 0.908983306746 0.392676199556 0.102492524323 
0 -0.207388498258 0.803896160445 0.879384691569 -0.70275630652 0.813457039766 0.356306877386 -0.084762166306 
0 -0.0898200324965 0.892574384677 0.57828887133 -0.373980403356 0.782329260995 0.679218176167 0.51782017293 
0 -0.324412922971 0.823454601074 1.13182289165 -0.349399513278 0.800689843462 0.903136074954 0.187033038342 
0 -0.468761269194 0.982791723732 0.637454591903 -0.732952991726 0.811428280071 0.728171268074 0.130780118223 
0 -0.0774286531251 0.530072701177 0.898684332927 -0.683173297523 0.861155122083 0.454851722202 0.29934813102 
0 -0.306500055208 1.14353891884 0.734914647034 -0.403167245446 0.635266288411 0.814514411731 0.665053443095 
0 -0.0809262197054 0.83899182454 1.13957941879 -0.67943158525 0.743533926217 0.474846234227 0.453740408333 
0 -0.255115799915 0.935947719734 0.747850337311 -0.514694812341 1.18354198649 0.558831256731 0.0335595870111 
0 -0.374091056191 0.589041437123 0.532502124605 -0.617231817641 0.897740633183 0.525662031336 0.260835142878 
0 -0.0810929563857 0.460782370478 0.968113275886 -0.562643436535 0.652345548574 0.414074115624 0.0384637418835 
0 -0.499781567125 0.888266584744 1.32817948871 -0.464041288639 0.885826938908 0.502803511486 0.494976329351 
0 0.323888648637 1.23580040557 0.0676926735135 -0.892355120651 0.646182783377 0.298193422467 0.498877378837 
0 -0.160639557171 1.25015663111 1.05021864429 -0.733680040641 0.734994516745 -0.0553780446206 0.0538462364801 
0 -0.190984462 0.580186819936 0.655876021447 -1.08131628563 1.01937787392 0.309665252419 0.376411058518 
0 -0.35648556354 0.639072384916 0.546980647855 -0.396996212781 0.386120133637 0.509681561891 0.491156082221 
0 -0.00509491850053 1.15529722301 1.19630080146 -0.45441310197 0.89861347845 0.541643500242 0.35496243534 
0 -0.391066534557 1.00235735156 0.840584559678 -0.838363306374 1.04460194095 0.0103760459875 0.0921236311714 
0 -0.538502863088 0.831487571281 0.920561330992 -0.907129660216 0.79014779832 1.06555529842 0.357938393468 
0 -0.190821566261 1.01410270897 0.359803216422 -1.00636560484 0.0731343374541 0.514868835484 0.323587488546 
0 -0.186377898906 1.06345785226 1.01195207961 -0.434782056095 0.756753614197 0.72179042217 0.16032694453 
0 -0.526921940505 1.15499322264 0.838048272955 -0.643787805813 1.11905387292 0.238110261105 0.290050873282 
0 -0.349851514459 1.04778026385 0.766781402988 -0.445679009139 1.3589355095 0.855124838361 0.464317026634 
0 0.216636227166 0.919234039576 0.634448153053 -0.392191838421 1.40621961116 0.893966040676 0.628888125593 
0 -0.487012689023 0.72663176463 0.674107543836 -0.563276849899 0.939852613696 0.648027784951 0.180258663537 
0 -0.412404254195 0.962434591259 0.744607859232 -0.868938678394 0.489348589698 0.527633153484 0.519709120686 
0 -0.205016108172 1.00882010246 0.224797013974 -0.413736598026 0.584588182029 0.163951211143 0.378630018502 
0 -0.381219279354 0.826951993019 1.0261850928 -0.617798516756 0.466563208913 0.455263902995 0.470539315452 
0 -0.0924985367039 0.590696097402 0.910383928602 -0.783488312882 0.27081831379 0.579665853492 0.205185981377 
0 -0.310287374768 1.18180215309 0.357261180153 -0.395491904613 0.742744985091 0.536666546946 0.123410291302 
0 -0.568913247175 0.845874117707 0.356023688893 -0.605410631111 0.64872361364 0.686646285199 0.566391454955 
0 -0.315619062687 1.10455660157 0.742746938057 -0.188219949159 0.508521348588 0.499549891711 -0.122521747904 
0 -0.274856204965 1.05448219026 0.885033433922 -0.429554383874 0.480987767091 0.592226810676 0.312633653452 
0 -0.507499805505 1.02485303683 0.607920074147 -0.822115649928 0.583437765144 0.303743571821 -0.0352763603344 
0 -0.507436746168 0.850773325119 0.811217554008 -0.554058023594 0.429229682822 0.291237157065 0.177202712629 
0 -0.33024452226 1.14800310369 0.655225533209 -0.984838912885 0.636054132412 0.788230751592 -0.0244153494684 
0 0.135675043119 0.471270149998 0.68632006343 -0.613891652022 0.554343936971 0.69540948729 0.230016134965 
0 -0.465202737109 1.14310279213 0.970409398139 -0.741572684576 0.959618714672 0.275587620521 0.169466230281 
0 -0.0884687014613 1.12953025256 0.899397880219 -0.956661778159 0.555161609569 0.835593566272 -0.0119504709245 
0 -0.456133435541 0.83103262301 0.89284722887 -0.759561530564 1.01935005582 0.511718480588 -0.391465560805 
0 -0.802389936366 0.610456800915 1.06666278096 -0.432382966814 1.12293455862 0.633675324605 -0.470572162866 
0 -0.353130087622 0.722205608696 0.557502065888 -0.85780445674 1.03347944087 0.672569282786 0.581318876633 
0 -0.29919236413 0.630898815452 0.662759372563 -0.963007747076 1.01056264101 0.615621368485 0.252068823969 
0 -0.216165614915 0.671465748354 0.453607778656 -0.573887578456 1.11264721735 0.313864406221 0.15293913075 
0 -0.474321772913 0.688496939408 0.7563134114 -1.07277079244 0.36037656098 0.90096456052 0.477132939506 
1 0.0129268354754 -1.12783999493 -0.579716225546 -0.0190587757897 0.118406326578 0.695291973836 0.803060461549 
1 0.0470136722209 -0.162372543614 -0.537302369706 0.253920993199 -0.186747111654 0.745209504212 0.25098374254 
1 0.129113931922 0.110677598403 -1.08420601673 0.355069855538 0.0696018524848 0.608265465175 0.761888292313 
1 -0.194103791649 0.293453906804 -0.318699410885 0.203049679733 0.0319946010963 0.855798725614 0.932025431798 
1 -0.162819288387 0.153561571548 -0.511157592824 0.450389291634 -0.0821566210117 0.850337267214 0.495536431256 
1 0.124230796318 -0.0536584449596 -0.43185958594 0.326281487562 -0.38326468898 0.984906627245 0.664777693932 
1 0.821453743824 -0.0426978032505 -0.718119833231 0.173377297589 0.542413783291 0.949438755264 0.719852020483 
1 0.306137930053 0.0279076183792 -0.658801576774 0.327069066591 0.14376880652 0.665434651065 0.528385446374 
1 0.225829519014 -0.108359782466 -0.705731280379 0.503221604987 -0.480266356448 1.19268594342 0.514788944661 
1 0.151773127548 0.0610381489925 -0.759894127434 -0.109731088709 -0.635836925758 0.387031260077 0.862323768949 
1 -0.157756626206 -0.229968775401 -0.71922022677 0.147410300749 0.146348859043 0.690812069266 0.615244070167 
1 0.0642493614109 -0.344205043851 -0.501289987805 0.324979283364 -0.284733304634 1.15502488571 0.437336126957 
1 0.0692345296266 0.0985813649717 -0.337242275232 -0.0709596909867 -0.00321002387035 0.597647326759 0.566468206831 
1 0.200843176336 -0.474819267387 -0.121036175153 0.290712206194 -0.40397524551 1.1873339379 0.578688025906 
1 -0.140838362539 -0.177925999539 -0.686438639409 0.013565888636 -0.298745718879 0.873053908385 0.556846811941 
1 0.0727253319358 -0.324953031008 -0.42226956897 -0.0986366109701 -0.561739768276 0.970966245106 0.863033735797 
1 0.178442148536 0.107830167114 -0.445766793131 0.325983985001 -0.372863637022 0.626629486345 0.871436373123 
1 0.126611412652 -0.592920116918 -0.680390554293 -0.102734971599 -0.0119685902201 0.967655468512 0.328724800475 
1 0.000412620213034 -0.378370742465 -0.162783572128 -0.0166737354541 -0.313181393693 0.771859620666 0.729416046263 
1 0.0255021206477 -0.11519695279 -0.668575228556 0.373826512993 -0.250858328857 0.937352260668 0.386026093958 
1 0.0883305208006 -0.263114743705 -0.518289996323 0.445798969375 -0.488844057068 0.528357243764 0.382759889539 
1 0.345475732338 -0.164106195772 -0.84079286125 -0.159785118106 -0.451604656301 1.04136925556 0.312626185687 
1 0.0703645645795 -0.522238969674 -0.412788897723 -0.0975268178535 0.453687353391 1.11713519328 0.802239671529 
1 0.315546627947 -0.156927186569 -0.622318058222 0.285036641656 0.133334762879 0.716674568365 0.801129397933 
1 -0.192233873756 0.110708717191 -0.755968144191 0.42674236889 -0.3885360503 0.716067454675 0.854023654343 
1 0.125057584198 -0.114129243992 -0.84770704249 0.0573051293002 -0.357790293325 0.480946032747 0.42430147339 
1 0.52956411154 -0.622211323678 -0.519453858437 -0.0899158256403 -0.125373984963 0.947503671578 0.418866318289 
1 0.31502707135 -0.0731887046691 -0.772671210139 0.0263809417167 -0.174193830982 0.807779058873 0.218843100661 
1 0.0897728018618 0.368107848606 -0.552986804989 0.431074420621 -0.276746566441 0.866228043135 1.19837314801 
1 0.237456432936 0.0712254568289 -0.549841918591 -0.112147243416 0.0922604251831 0.697774989721 0.383382079703 
1 0.150923915791 0.220551649403 -0.43394867131 0.467653723933 -0.207122820462 0.686081787735 0.684762081813 
1 -0.155775988122 -0.35839998723 -0.616084830065 0.28298688396 -0.25061927669 0.771788037561 1.06310991762 
1 -0.200505394238 -0.161142969981 -0.438979807969 0.257293394459 -0.157307857469 0.812466831114 0.672115421259 
1 -0.0777992484604 -0.220123937538 -0.609747125915 -0.0658150674261 0.0255802652702 0.481889278971 0.131129873244 
1 0.0166088838944 -0.414257920895 -1.0478189262 -0.0643237488253 -0.290285484375 0.965061245444 0.528858487435 
1 -0.0069381333021 0.184670346809 -0.305493005739 0.313634450072 -0.126368027227 1.09849171672 0.707586264708 
1 -0.361877930001 0.25598326518 -0.542502973574 0.280909919361 -0.332177898043 0.536849109928 0.506066363654 
1 0.17294426038 0.284947858806 -0.666308548781 0.346895371279 -0.445136842089 0.739305052166 1.01427893701 
1 0.00729806151405 -0.0728511669315 -1.08818537664 0.11848399073 -0.480357584235 1.2583692043 0.539421888841 
1 0.276148702069 -0.148437544063 -0.599744473144 0.0671147682219 -0.30573710698 0.761822407703 0.66477088882 
1 -0.0789503059169 -0.477483499573 -0.835573230517 -0.0373440456254 -0.770729976823 0.318221614408 0.584086567613 
1 -0.0790159309104 0.291330346013 -0.404630480337 0.205810408549 -0.231780664736 0.558323507723 0.750187955608 
1 0.0394838291458 0.099537048197 -0.762394235981 0.321917796918 -0.382271257371 0.885670534598 0.703576153908 
1 0.466556164198 -0.117135606341 -0.674933626358 -0.0701958985208 -0.198467588381 0.834804658133 0.944234835121 
1 -0.766548557981 -0.114715234222 -0.831365538681 0.408872880372 -0.231069170302 1.05794282916 0.152270150037 
1 0.11130693617 -0.193902735563 -0.820083049678 0.282591677135 -0.191772351207 1.15541708873 0.879086776988 
1 0.0796033844849 0.112244547396 -0.665492882071 0.236322018589 -0.728208964835 0.894367081703 0.64066099518 
1 0.178140897848 -0.458175158012 -0.751962119708 0.633268654841 -0.0399958402946 0.881005228084 0.104794612782 
1 0.115199419911 0.285510788699 -0.620252314688 0.414776301252 -0.225207170144 0.761109341339 0.667455848518 
1 -0.209836362049 -0.225860405836 -0.625981790205 0.349861453236 -0.0802956567241 0.628562486765 0.705357969957 
1 -0.258576098828 0.277718387383 -0.621054128766 0.0144226520437 -0.0554684138367 0.976692187776 0.618287994414 
1 0.058602852931 -0.455017883258 -0.780755764278 0.395970812818 -0.364402108607 1.07268150197 0.436306353952 
1 -0.15532917033 -0.233965928622 -0.487781239132 -0.140725260652 -0.138425759881 1.19609141881 0.524207694029 
1 -0.323454759575 -0.264799678433 -0.949901757143 0.248590508348 -0.366426041075 0.897902952834 0.621957921998 
1 0.0214754485772 0.0906877081098 -0.454735457139 0.145525711438 -0.0925357735556 1.01992086281 1.00653813931 
1 0.0125497431114 0.0182284250369 -0.595945274339 0.461882385053 0.0342228978286 0.86929792258 0.543807233677 
1 -0.258505968377 -0.3064361001 -0.374506549482 -0.0289700480811 -0.266122773263 0.776884398477 0.648056221495 
1 0.222802948426 -0.603757940905 -0.844657733677 0.521811554817 -0.468213492535 0.797692501993 0.248697596589 
1 -0.185252234142 -0.0394377439165 -0.283109173146 0.239194728852 -0.21869901299 0.925782673257 0.386334242014 
1 0.0295789313812 -0.533082281986 -0.680806530353 0.248548821889 -0.324361208204 1.45694511468 0.456147793859 
1 0.139787021103 0.185668667293 -0.669557226026 0.752880999051 -0.449300004754 0.593417587981 0.513878244238 
1 -0.25588719657 -0.203034752244 -0.567144426193 -0.162063201781 -0.0985866441009 0.963397573904 0.829052631869 
1 0.409216367476 -0.264271397929 -0.960362774202 0.142989619065 0.0870607280494 0.712536195349 0.936391292844 
1 0.0277936531254 0.0485737526254 -0.89302225826 0.0884882986241 -0.437209452569 1.27925292632 0.711104413251 
1 0.286266662657 -0.0596272648479 -0.586925628904 0.112891165623 -0.0063617659155 0.787052243534 0.422563013861 
1 0.170511080677 -0.728668523733 -0.516332446984 -0.281108411818 0.0849324482623 0.924784059142 1.1296378399 
1 0.267053209324 -0.295765738753 -0.45988175456 -0.142259349196 -0.382224495404 0.596758219407 0.763248773969 
1 0.411180622046 -0.373939544525 -0.705376200547 0.272742952547 -0.168171240179 1.02649876731 0.930632098058 
1 0.0210078329405 -0.0361208241275 -0.713872352266 0.284780106046 -0.411877148988 1.16604410079 1.06379225331 
1 0.209237082108 -0.432014118818 -0.321705775222 -0.241075845301 -0.0933249962236 0.912808419857 0.653228996636 
1 0.0472682013149 -0.160748857257 -0.623102516991 0.100757440085 0.111825250737 0.878520196376 0.837583698019 
1 0.333176703998 -0.227794109911 -0.702898855655 0.0612717602671 -0.378747180834 0.233758198076 1.05955956155 
1 0.00193872410739 -0.402329692367 -0.595132591744 0.218086419616 -0.0335943102421 0.82491055739 0.626093593333 
1 0.0296258452481 0.0543280726587 -0.677929590509 0.297674998143 -0.610561810144 0.711199647676 0.814381403362 
1 0.0633696470383 0.240090869556 -0.775382045226 0.39067459555 -0.0283059932265 0.937425235978 0.647418937005 
1 -0.170816030163 -0.218508391084 -0.769363219323 0.42131704057 -0.449394906889 0.852457765578 0.83429457446 
1 0.420593631032 -0.727286401589 -0.538090865752 0.232982270305 -0.304686853572 0.836733419238 0.661800885362 
1 0.234308212498 -0.267337627889 -0.731879849636 -0.301486448824 -0.323600411294 0.584526945697 0.132811457738 
1 -0.192959278234 0.133258838711 -0.933184397534 0.616460113857 -0.231056728524 0.74473698656 -0.0317343817776 
1 0.0407830104631 0.0128007597949 -0.937593232452 0.551173577564 0.00842811693727 0.752758947846 0.285369409862 
1 0.414724054654 0.268069236952 -0.440787551779 0.163314304795 -0.128660305525 1.11892633729 0.495012840951 
1 0.201139946365 -0.0284330306736 -0.632333644566 0.112234414548 0.185239778931 0.634269591381 0.887875065812 
1 0.0481914887541 -0.0437143026526 -0.764655771299 0.567251318513 -0.515736314944 1.20299567656 0.590043899516 
1 -0.094594292013 -0.0907239170077 -0.548406268209 0.345526004101 -0.056358284845 1.1905053793 0.522794670759 
1 0.330472914553 -0.255854238488 -0.575706744644 0.0594834817497 -0.180581304729 0.601975818902 0.56001292876 
1 0.0673979398516 0.156648629309 -0.399272520398 0.0816942759499 -0.0635571872072 0.786221342456 0.676560498426 
1 -0.0898820607407 -0.131467497977 -0.985882869795 0.175248197403 -0.249312877422 0.863021331325 0.809023867111 
1 -0.170877026109 -0.0642558043712 -0.771883682906 0.41110884223 -0.277795259477 0.790081185629 0.415804581162 
1 0.305507406427 0.285414084689 -0.487033285618 0.179865792879 -0.0251338046483 0.956012346598 0.724600850251 
1 -0.0618998321176 -0.35703589203 -0.723567512723 0.295102810636 -0.184335311649 0.779287240064 0.470692474216 
1 0.0849259234635 -0.265904549484 -0.738584358495 0.213954288056 -0.42598659624 0.742755564933 0.138930615551 
1 0.00342015280566 -0.11755494419 -0.600363384907 0.345131442686 -0.295170422425 0.832591955224 1.05412376999 
1 -0.14538518646 0.178604769919 -0.368157803144 0.07101950936 -0.411174044885 1.13752876921 0.703636406406 
1 0.037711662153 0.0323100607487 -0.215237781011 0.577478778587 -0.391906009793 0.67151101498 1.1503861377 
1 0.266732642381 0.0130199581359 -0.598076231243 0.511070518575 -0.381224071151 0.716791901654 0.817390562447 
1 0.100536904816 -0.392906920559 -0.745668143045 0.157670708528 0.0320751603148 0.893884387245 0.379045007646 
1 0.1080863898 -0.390626184443 -0.661358035596 0.0661110253966 -0.0549882813701 0.57080539805 0.482509348075 
1 0.329726734846 0.121938983994 -0.399528797721 -0.150877005549 0.257865904843 0.284717105285 0.457722582912 
1 0.374387127099 0.132016529128 -0.689531850648 0.263620433713 -0.272967599233 0.762868503366 0.475110888336 
1 0.244115414223 -0.253801496043 -0.966811102477 -0.0799212123143 -0.215762007052 0.868610461448 0.468583302652 
1 -0.154108115834 -0.657980079815 -0.396092437768 -0.147449650706 -0.327926175694 0.861750844574 0.499715764542 
1 0.270350793581 -0.21562972837 -0.887183214428 0.446772976858 0.00209364066287 1.02208832247 0.867444384684 
1 -0.120458703389 0.0718324361679 -0.939693994536 0.216807020076 -0.425472188604 0.81613192138 0.862130485833 
1 0.478530174844 -0.0457072642866 -0.671239421727 0.139900921884 -0.221503103092 0.940664024804 0.477718707647 
1 0.177687155039 0.0783393281429 -0.844207590281 0.546755149593 -0.235821245354 0.668421638966 0.607429658709 
1 0.277022076966 -0.161922224015 -0.49848908216 0.14089994753 -0.166727109923 0.88111378875 0.553391301741 
1 0.435034582632 -0.167109356465 -0.624523842606 0.0910722198294 -0.32245724156 0.706693133772 0.525133805356 
1 -0.0573817178245 -0.472623489791 -0.77473933954 0.199760712308 -0.493819789196 0.724785288414 0.664459571085 
1 -0.157796645841 -0.156224359356 -0.449347447013 0.214561838334 -0.112901263203 0.681981186988 0.74235121216 
1 0.206875587872 -0.100743159027 -0.600962165153 0.323379062202 -0.0521502001843 0.97749178232 0.0989866884139 
1 -0.00890194486847 -0.286424654359 -0.481151354762 0.599619278398 -0.227974501076 1.10167835095 0.83100064316 
1 -0.156975329398 -0.0654271153388 -0.450293909345 0.280920108148 -0.257528717961 0.915253991795 0.884759235289 
1 0.162413914404 0.00758012705078 -0.633317389762 0.12958079384 -0.245872285862 0.965135392079 0.593795681335 
1 0.188821116446 -0.639663047965 -0.671949601546 0.38462641885 0.11649590878 0.697961741951 0.674228066472 
1 -0.127438742718 0.134602700866 -0.951088812633 -0.419293382025 -0.302091234183 1.14905148562 0.614613202475 
1 0.20147812811 -0.121321293599 -0.53394345765 0.382617155199 -0.255782089555 1.5609163891 0.370404463049 
1 0.0888045677397 0.0760308783803 -0.458513509572 0.0416896814169 -0.243378273389 0.884788334896 0.998794250284 
1 0.403707436683 -0.122061960476 -0.682346958047 -0.0453492595048 -0.0689552204543 0.887867126505 0.303741978169 
1 -0.190291080997 -0.333987301118 -0.595407706097 0.310287083307 -0.0162410318473 0.395727065335 0.836134099245 
1 0.0986648922377 -0.281759608289 -1.12247102556 0.460284016026 -0.428677383448 0.767951994577 1.19249939246 
1 0.207460846024 0.185785538267 -0.645287703612 -0.169822047275 -0.551469643913 0.85131990551 0.745228783725 
1 0.316361379592 -0.229567698213 -0.746040558934 0.0884298856972 -0.186078675145 0.582027270726 0.480902355543 
1 -0.12779206872 -0.500603748217 -0.703319327025 0.520645080713 -0.457406180908 0.783285350077 0.185232984021 
1 -0.0290253008336 -0.063763340649 -0.892302441321 0.258503053528 -0.081507923253 1.21493508904 0.495252345728 
1 -0.101679115102 -0.0890258069958 -0.486424958785 0.306138349709 -0.487667976606 1.06493047099 0.647967114854 
1 0.413067297999 -0.725199716666 -0.638945652691 0.187962098222 0.00630165888874 0.777225721387 0.862332383128 
1 -0.0621581238157 -0.181588735249 -0.663422502971 -0.0860080754163 -0.215510849544 0.468494038864 0.619350828304 
1 0.173552100354 0.0587705782971 -0.498464006363 -0.00210355896314 -0.334394339821 0.898833206664 0.718932030862 
1 0.298562605227 -0.0750352452089 -0.775815503346 0.440728247158 -0.00210986242113 0.403614232298 0.73487577375 
1 -0.266134225287 -0.300422951403 -0.569762034072 0.147755406295 -0.249983973175 0.581484806154 0.492786760859 
1 -0.065068352278 -0.458532303706 -0.857530146877 0.178274828943 -0.0261215318923 0.369622543153 0.438549474705 
1 0.0334306683497 0.0121206736565 -0.862322692691 0.416591331362 -0.084774508905 0.831577421226 0.750717320751 
1 0.240257776765 -0.284354285436 -0.613722033193 0.210890982055 0.276503202875 0.716193814654 0.297928037674 
1 0.0074734046551 -0.123380263821 -0.665663294601 0.150640913341 -0.439153612476 0.319558783692 0.632696395183 
1 0.0823663340968 0.179120380146 -0.678210787818 0.0234638618203 -0.41541345565 0.817467998673 0.653392979294 
1 0.406212081455 -0.493273497329 -0.829527415846 0.00983812736527 -0.413905788743 0.899926693912 0.796299968677 
1 0.0633727313177 -0.506458310371 -0.633449358437 0.209803932374 0.00644975841281 1.00034162334 0.675130047432 
1 0.0733206814361 -0.187574120016 -0.834696421285 0.166292111186 -0.343293183191 0.5993044538 0.685727208653 
1 -0.0322396159696 0.243407550465 -0.577577666362 0.355165376866 -0.535296083215 0.91601281907 0.73519831045 
1 0.126650651023 0.0662664866991 -0.505604462705 0.274791844124 -0.448856529628 0.970458265873 1.0270841666 
1 0.525958400955 0.000864764113825 -0.647149561805 0.55162970121 -0.0906011330829 0.813774223777 0.50967366557 
1 0.261415322979 -0.173391207326 -0.475891070568 -0.0248822245814 0.199787724618 0.429830591586 0.541305924937 
1 -0.397092109319 0.0408211190225 -0.834292857209 0.28108878663 -0.323032336346 0.793741499304 0.754880185159 
1 0.0385898267059 0.0925755688747 -0.684205845952 0.515812153444 -0.396884717473 0.673270510412 0.992040055673 
1 0.225171528241 -0.0489473950077 -0.666146496893 0.117480247545 0.0744927637042 1.01866737643 0.815553578163 
1 -0.166265829711 -0.389697505311 -0.487621698823 0.12220223836 -0.215146793117 0.769851292035 0.229708256573 
1 0.175370706442 -0.301577613213 -0.843921900283 0.354362471344 -0.242395457111 0.526236570175 0.493788326669 
1 0.218918850467 -0.250732400386 -0.958471437655 -0.055553203686 -0.0887135704369 0.861644522198 0.570487073089 
1 0.105611306884 -0.566314939257 -0.644417081315 0.0165985286506 -0.165035695854 0.948695059201 0.506152542846 
1 0.328944077566 -0.300483895762 -0.846122634946 -0.106817281769 0.429957552885 0.747106794503 0.719323805254 
1 0.36992924157 -0.323322667868 -1.09686127754 -0.0773105618689 -0.175982892364 0.967893485374 0.872083677294 
1 0.317754334239 0.202770650277 -0.452845666019 0.170807689955 -0.0118541813611 0.94945666864 0.575245238924 
1 0.335027751115 -0.284283878939 -0.680723900311 0.324702397903 -0.30069871971 0.705174016252 0.735722801157 
1 0.11156802937 -0.0726010338883 -0.790401319307 0.134200560226 -0.548368897209 0.656917016318 0.229043039476 
1 -0.125337548981 0.150524633199 -0.816883362555 -0.166930645968 -0.247690906656 0.95325975952 0.529258751827 
1 0.072430042212 -0.271756120341 -0.590259957524 0.110656916719 -0.20031764137 0.657273219438 0.558164954592 
1 0.20102108264 -0.0436691529338 -0.523729235347 0.337525890667 -0.284986425868 0.935795173327 0.681685015825 
1 0.0426167030144 -0.244162713555 -0.322795394077 0.272683741095 -0.51320390084 0.791392908949 0.810535619952 
1 0.0803656584569 -0.246272796633 -0.92794061245 0.314492752617 -0.251388536975 0.755103886878 0.943586516866 
1 -0.198375306864 0.237475526743 -0.786290138166 0.299170186791 -0.144930694398 0.738208596802 0.87297337981 
1 -0.157879105942 -0.215212251043 -0.70880621624 0.158496358515 -0.246856533895 0.579762372852 0.407915976262 
1 0.0920935520253 -0.168627396205 -0.978604923599 0.538167453898 -0.247692084526 0.89986119195 0.922870424427 
1 0.539912772178 -0.475870206562 -0.816131954962 -0.0164089181984 -0.108263269142 0.886445779199 0.52129600303 
1 0.0392573851546 0.0272785328588 -0.435979739939 -0.116610761636 -0.454013063231 0.968681953317 0.549656521079 
1 0.0507424079405 -0.251209340202 -0.462411181455 0.0505548306735 -0.278889849993 0.512766880476 0.910485674743 
1 -0.284951850372 -0.254142270928 -0.454317726024 0.125900357739 -0.878241187242 0.870827466965 0.516832456614 
1 0.310637402528 0.328436678749 -0.510456865532 0.415369896693 -0.0280037255505 0.973166668609 0.462147102534 
1 -0.185214702728 -0.156146824244 -0.501194326051 0.223129763072 0.0634953196203 0.667534324271 0.577439014643 
1 0.263307780238 -0.309602037311 -0.583467972184 -0.49643184199 0.152592128807 0.551572599915 0.276991934476 
1 0.00163833467727 0.161982476581 -0.514133826351 -0.357181144642 -0.278115401007 1.22144618167 0.557294634428 
1 -0.0747635306221 -0.245917732519 -0.39019424791 -0.335801962485 -0.197008307833 0.740521152443 0.466855475914 
1 0.228940471164 -0.308558098328 -0.687965538882 0.551092384809 -0.520113528042 1.00686402616 0.705781521075 
1 0.302380064436 -0.26760684707 -0.448635207526 0.204613496074 -0.351251593106 0.899496628396 0.954876449242 
1 0.399364150822 -0.219268988814 -0.889837670735 0.34929868861 -0.44495215606 1.20319800906 0.637536507801 
1 0.540959092902 -0.349291731572 -0.915629905944 0.199795889767 -0.465068455201 0.808793215887 0.979941125958 
1 0.167396092756 -0.244901396444 -0.672237499005 0.380908662051 -0.130405311687 0.470584105606 1.0348609977 
1 -0.0438971865553 0.304885204471 -0.751059765138 -0.267958459063 -0.43170056046 0.799795513378 0.752314344295 
1 0.314924383738 -0.281065663757 -0.601921216749 -0.0569064305156 -0.317401435651 0.731887086947 0.458824859181 
1 -0.440452553767 -0.277426475098 -0.533130867779 0.00125237754407 -0.287024861534 0.984070941246 0.330194812727 
1 0.117392922179 -0.206290413147 -0.687077105715 0.178092421361 0.172064521483 0.472624546594 1.00858520847 
1 -0.0174296389566 -0.011126623174 -0.86617640316 0.292629637577 -0.227918936648 0.492969584605 0.542098130439 
1 -0.406425419892 -0.128231248295 -0.338385904098 0.300983739759 -0.0634905987034 0.764910904372 0.363193916132 
1 0.0708852132265 0.0839646779713 -0.884996366749 -0.0360268643743 -0.437089168623 0.3586940146 0.77012703248 
1 0.158730635855 -0.336239056593 -0.819779765405 0.27092623575 -0.330831739562 1.41674360758 0.833259575503 
1 0.0193893145329 0.0847180599399 -0.476431302193 -0.0901759791875 -0.458693037559 0.881506675272 0.922272261318 
1 0.212529771205 -0.371396999558 -0.771243989825 0.560408912966 -0.218861504387 0.902292867878 0.617577040447 
1 -0.112433020381 -0.330861215879 -1.00120272719 -0.299803857985 -0.504215795318 0.884284176407 0.780208236027 
1 -0.253654361853 -0.170593976781 -0.512228051771 0.258658323309 -0.176730399428 0.730188082468 0.585275129202 
2 0.820705207488 0.523909844618 -0.43705096283 0.540864489526 0.455051770428 0.58333993994 0.0955397220241 
2 0.875342517906 0.548696905384 -0.313325652551 0.943411189496 0.407955080399 0.53928482495 -0.0661019838267 
2 1.08969506506 0.453993180214 -0.0838314030321 1.12983060519 0.384187684893 0.231599077866 0.125517242384 
2 1.35562422036 0.228945236878 -0.422179191058 0.988385022786 0.353610285026 0.292912835905 0.200167825231 
2 1.08909669703 0.475853446948 0.00403368485763 0.760305808627 0.479951511508 0.520250841885 0.108280996811 
2 1.15457926505 0.708842745578 -0.41122280299 0.941368906948 0.8992645457 0.642976357656 0.0925893257662 
2 0.795612810076 0.74158861759 -0.495892305458 1.27441471345 0.705504710233 -0.10909984555 -0.0174038563571 
2 1.50931338406 0.445608712243 -0.599176122 1.36514110055 0.551539129154 0.156447979152 -0.0417047483398 
2 0.62226403104 0.363364392293 -0.393466098317 1.01984798227 0.394215329114 0.757347602609 0.102879834285 
2 1.03633907551 0.476464548664 -0.213061052632 0.63057459727 0.502443054339 0.540175591904 0.239601428631 
2 1.26701744216 0.614852107106 -0.344400248847 1.13836393664 0.208326183043 0.305400448826 -0.115088589193 
2 0.722039056959 0.302404639071 0.159397151564 0.703699286681 0.666926742768 0.824255784539 -0.191582789379 
2 0.947609083366 0.348020543623 -0.262189860577 1.16411159801 0.878416210438 0.372968423936 0.154740081148 
2 0.413543256398 0.546531841573 -0.386565682468 0.980389916447 0.329331977478 0.72554312846 0.141750281524 
2 1.11359461432 0.80808302272 -0.178075459975 0.793203624321 0.693536180927 0.254809206934 -0.106222516768 
2 1.02069388031 0.139966076602 -0.510365473497 0.894034091535 0.724339269859 0.404927380599 0.198404964334 
2 1.05318009299 0.257157005527 -0.540849247991 0.529186722691 0.683872125459 0.854711142225 0.0524338335551 
2 0.720449153066 0.32023241392 0.0174033928144 0.747465510994 0.577678932638 0.44683969517 0.530024788278 
2 0.883406254428 0.504109960319 -0.207596288186 0.944379821564 0.376427776646 0.27637636402 0.235802300984 
2 1.17164266273 0.429496563082 -0.348661972323 0.799856376667 0.530615896397 0.686015237 0.158970487501 
2 1.00655453967 0.342630639469 -0.160813224849 0.977712093746 0.752714413763 0.768059472241 0.227512833685 
2 0.753599519109 0.118190533719 -0.423133582241 0.938892147624 0.703583180214 0.649388357043 -0.222084948403 
2 1.03804014397 0.680369529906 -0.220504599537 1.25312957945 0.509127879213 0.0586715945922 0.146379852576 
2 0.700414161904 0.280502957479 0.0486564876955 0.727678575334 0.290974130309 0.934256158772 0.000611545751734 
2 0.996312155019 0.273556064158 -0.240923742637 0.847339435257 0.660289078214 0.844221291158 -0.014038427665 
2 0.85007431172 0.0534540316696 -0.325383267764 0.854059901279 0.887784110794 -0.0128372893686 -0.0121397813241 
2 1.13170578246 0.287773354471 -0.424331182459 0.647527376112 0.954803599859 0.283867192361 0.140269588642 
2 1.19046721391 0.437655305321 -0.323511822248 0.750492062503 0.534174781934 0.663297939304 0.267386024089 
2 1.10652242692 0.517251201553 -0.2828736352 0.569097570786 0.927657916048 0.168042236016 -0.148192548362 
2 0.805487035617 0.0655785634887 -0.0555347890884 0.999985619383 0.658894800876 0.508903721608 0.17582703284 
2 1.08127305828 0.529160564697 -0.427949427406 1.08142309794 0.73040921036 0.543720824591 0.457292911549 
2 1.21376086087 0.340309291341 -0.316995818168 1.26246752489 0.486802299632 0.248837453294 0.0816774742845 
2 1.35749067266 0.409944693737 -0.525240790179 1.24320246638 0.628384360911 0.419831178029 0.104606403298 
2 1.20074441782 0.33156012813 0.0316815915135 0.821999219296 0.440865953872 0.446562931173 -0.359155835202 
2 1.07064229968 0.520856724333 0.105531100553 0.969877290587 0.771994224831 0.34354649472 0.49898208745 
2 0.714312613029 0.0639532100971 0.0968196568435 0.818792331612 0.35231524954 0.280044890108 0.0559452784713 
2 0.964384384732 0.409210316671 0.153555331502 0.606345569557 0.790227925527 0.164894511218 0.35745578 
2 0.991226802187 0.260336949884 -0.515894796092 1.03524197195 0.336413811457 0.228500982214 -0.527449818761 
2 0.753511682621 0.390785660611 -0.372364415967 0.763130775767 0.235824078078 0.58042527306 0.340364848711 
2 0.96941076786 0.646879676334 -0.0971089822994 0.754485066583 0.290249083952 0.381435902 -0.264665584571 
2 0.848877807665 0.395105725276 -0.0369804568572 1.22871822569 0.592116053216 0.652956867535 0.325947806389 
2 0.979043646125 0.742374871408 -0.473372341224 0.838009844982 0.462895127294 0.190350246347 0.0641057848852 
2 0.772356952498 0.561387032981 -0.172682517999 0.73111968347 0.491966649332 0.693217669306 0.370629324682 
2 1.44168199698 0.820977234809 -0.356461336028 1.14907936978 0.331947504011 0.431068160401 0.101785859477 
2 0.806876363371 0.828073873231 -0.0502028731563 0.877444899627 0.496766902964 0.630521458456 0.202188994293 
2 1.24950524495 0.509254906438 -0.0816627281537 0.879959824775 0.591804949159 0.862503125778 0.266156702092 
2 0.953698327699 0.385235527604 -0.708430615438 1.04228332638 0.61223094986 0.454259294843 -0.184325840835 
2 0.863137757347 0.251697872538 -0.133200872063 0.737205211097 0.376693075813 0.621145041476 0.0842412007134 
2 1.00348304575 0.65838109708 -0.417135745989 0.655781061183 0.652569171337 0.512052601202 0.243937969312 
2 0.967229991693 0.793200718759 -0.313772690729 1.4586156119 0.490803663164 -0.0452168223946 0.477700735583 
2 0.952474993688 0.0830332281123 -0.477337646046 1.23035957198 0.5391300954 0.779031053363 0.0312085439475 
2 0.681187997501 0.526554700407 -0.3070880041 1.13439872566 0.909455895768 0.398150420625 0.107184408919 
2 0.722552991579 0.388122414966 -0.436916463194 0.91398077171 0.540173541229 0.392889453697 0.369323781617 
2 1.07750588167 0.738288820092 -0.537431307965 0.480298221959 0.537441436565 0.235338366582 0.519770965583 
2 0.95924122349 0.425352903612 -0.371616874302 0.864420503243 0.54902528842 0.393297618393 0.426721205859 
2 1.32275005027 0.166694980589 -0.0398889483232 0.852389283906 0.319854458702 0.836612651324 0.372129693296 
2 0.905519026526 0.314569890231 -0.589827117908 1.12075723245 0.588158358519 0.516888275605 0.338641286382 
2 0.905656899245 0.833015723268 0.113799269078 0.885778517466 0.82307482253 0.15294965904 0.241659007541 
2 1.52783258377 0.664548256075 -0.276554141882 0.803832821852 0.32296876538 0.345802421676 -0.155524115467 
2 0.930197530054 0.506422657137 -0.303550535374 0.659558001827 0.906596141923 0.404206717293 0.0840008135453 
2 0.893004363713 0.408095746082 -0.402777785067 1.18375123632 0.845922262165 -0.0923411326489 0.27738107583 
2 0.56832760942 0.411075550909 -0.115601151428 0.993003551645 0.66966155371 0.324028069467 0.427375030517 
2 0.895328431824 0.566978238477 -0.482122727992 0.964934083203 0.315773190386 0.405887714076 0.0557008237126 
2 0.758318713625 0.712187968252 0.055927457232 1.19309232415 0.3644742131 0.6433382652 -0.0957789861058 
2 1.0732125399 -0.129891637769 -0.36000759568 0.843863628769 0.670702682607 0.401277824627 0.271498327476 
2 1.00721574442 0.980261480937 -0.335734868204 0.818665344274 0.808075071146 -0.093217692124 0.112105225983 
2 0.949591960007 0.708040603454 -0.561348501612 0.568519732395 0.102165107975 0.607999991443 0.0474406553106 
2 0.882216158351 0.61465779185 -0.315393547486 0.976293889505 0.462909570556 0.841925517408 0.144753894516 
2 0.703623825516 0.301467373567 -0.0885444123408 0.99104978921 0.348384263052 0.404694739195 0.268814766629 
2 0.897220098053 0.329722488748 -0.420767267891 1.07538669889 0.305403517354 0.212137381692 0.262369225187 
2 0.884528619455 0.658901038408 -0.686239872984 0.77676911747 0.465840173552 0.385624786857 0.157769624368 
2 1.08959158148 0.58033451791 -0.0341388746864 0.882088857138 0.495024619708 0.392455113419 0.361033659353 
2 1.38090284435 0.162382741234 -0.408357844966 0.82902439666 0.668188167915 0.459785258768 0.319001728984 
2 0.639541835423 0.118239071568 -0.402014612399 1.05375328617 0.135872515648 0.781093653608 0.625764103368 
2 1.39443709095 0.0853000591268 -0.218065537409 0.984313437627 0.515844975212 0.190425347826 0.455303382171 
2 1.13041051306 0.564875331872 -0.412381722357 0.952982510736 0.620280369299 0.584396326976 -0.162836006379 
2 1.06937261435 0.500607254991 -0.340767780751 0.832630717342 0.510593491237 0.211573922663 0.263259189653 
2 0.457143173791 0.822243997431 -0.0754361016119 1.00107749017 0.788218296521 0.439791833826 -0.162408256495 
2 1.25360504236 0.502862679884 -0.113985584701 0.940201975414 0.278859787862 0.763937273082 0.0745763846887 
2 1.07730508075 0.243907185415 -0.607751106325 1.58246051959 0.723813129448 0.554950718124 0.326653679959 
2 1.04687058345 0.628209202603 -0.421727631186 0.866611275865 -0.0856262266487 0.411466891883 -0.225215892407 
2 1.14627988018 0.630406354 -0.296712041149 0.745307273237 0.707688531816 0.253123708002 0.222757995623 
2 1.04633892465 1.02843470192 -0.342015051514 0.861719048874 0.670651091771 0.303391422888 0.56289634032 
2 1.21521666503 0.623683471597 -0.408231666285 1.25268947448 0.842614793181 0.436565765947 0.311084944684 
2 1.35460267925 0.244301815192 -0.313715102007 1.02192409274 0.572282593804 0.401545216261 0.326547472353 
2 1.14773145184 0.215273631543 0.238925533919 1.05065103005 0.321188286243 0.24339891023 0.265265710844 
2 0.705176858139 0.579671140877 -0.136109858503 1.17792978855 0.880598849914 0.189492835515 -0.00805808861942 
2 0.916799488933 0.42530211246 -0.00156078332338 0.803035438046 0.816924199699 0.665550635852 0.296053492194 
2 1.15532451049 0.282337044976 0.221310506823 1.38520172048 0.667251113324 0.432219943305 0.325183303086 
2 1.23006381372 0.491192642105 -0.31191330148 0.904258866358 0.199717343156 0.567983534298 -0.421341108472 
2 0.875750901537 0.313204547849 -0.261574531465 0.638406728279 0.269873159667 0.530137887555 0.297096424268 
2 0.848929078259 0.407721344062 -0.370160249395 0.956293889564 0.345321291205 0.596899262512 -0.057629902359 
2 0.877972189285 0.423120350495 -0.266084034312 0.695658735685 0.266579487156 0.187460325127 -0.0267394589413 
2 0.961398200526 0.548028600233 -0.382239771778 0.907719297482 0.478322579564 0.336577031502 0.103538843087 
2 1.31376273027 0.360276164534 0.0879641803038 0.881647097601 0.44884993265 0.405415160214 0.173525786563 
2 0.849075096192 0.194223065947 -0.375061092095 1.31010792065 0.502238060329 0.515449728875 -0.0414969971676 
2 1.16187205827 0.46298700832 -0.156249502811 0.620976859558 0.353282031627 0.385239247711 0.773429056159 
2 1.20820323119 0.412096599312 -0.514552362773 0.58353500385 0.688398185111 0.505155933341 0.122926878668 
2 1.1462182132 0.663385733096 -0.414639819612 0.830678840537 0.24808752682 0.467436023188 0.28310843953 
2 0.953417052087 0.470523279346 -0.574760402258 0.831307630872 0.793484732336 0.664611119823 -0.0644588382889 
2 1.4645828018 0.843868569599 0.00416570258257 0.587865782686 0.314468625179 0.401149627745 0.170141494937 
2 1.30337915572 0.545813638843 -0.162415250059 0.986987768645 0.768587659499 0.170937444183 0.207190521183 
2 1.24163773197 0.649922718558 0.237325717913 0.947597601283 0.400416649188 0.121893064657 0.516701822817 
2 1.25876838014 0.803473191322 -0.179036187145 0.492532416539 0.282331816728 0.443790079572 -0.0696526615528 
2 0.803026974151 0.409116290423 -0.394316193498 1.23262685582 0.775172241706 0.48399957697 -0.176670901409 
2 0.946101945112 0.404279728113 -0.0533564377658 0.717853160788 0.760333483573 0.209896682307 0.0831551440512 
2 1.38129185768 0.105389006706 -0.75223889479 0.812271289401 0.406627405229 0.455466789381 0.30437380251 
2 1.16727602988 0.496447380491 -0.105536424407 1.03421036485 0.795187104684 0.258876808847 -0.116482711594 
2 1.14365737936 0.721879190367 -0.327626511268 0.424208141388 0.666154789256 -0.0121806778279 0.0940581579058 
2 1.10506175478 0.446112746432 -0.364702378497 0.743916135761 0.370738362491 0.60884451601 0.086346956209 
2 0.749742096193 0.469871101215 -0.112678725341 1.02085583921 0.421884157037 0.442457783695 0.120850481761 
2 0.69187316423 0.618051443271 -0.330614623778 0.515694465346 0.0711529686163 0.298459089563 0.0553931396686 
2 1.06167482517 0.207212488013 -0.102182687051 1.20744685364 0.316582075325 0.601655767245 0.31167312926 
2 1.05486773248 0.703483835075 -0.201906774799 1.42819703152 0.756806335487 0.296065396452 0.215665712947 
2 0.978144195394 0.503764763447 -0.193523230844 0.720288658899 0.514380587197 0.579121697545 0.118340620548 
3 -0.19116390046 -0.142028870845 0.763011618068 -0.816560576511 0.783424077381 -0.542592730719 -0.613901335782 
3 -0.429880796547 -0.591384660865 0.822944471309 -0.931833399276 1.16280690096 -0.471050881966 -0.710358345712 
3 0.344914730897 0.106206189685 0.945401668626 -0.5782822013 0.467524987046 -0.220790737291 -1.02574624603 
3 -0.343062324948 -0.0387278849156 1.17276029915 -1.01798822233 0.505988106421 -0.840873469327 -0.827121068667 
3 -0.495805875789 -0.718035008654 1.18651920466 -0.903321697056 0.615421287608 -0.693691955353 -0.668676461374 
3 0.294643989646 -0.437921931759 0.576877875234 -0.482603270128 0.713111855351 -0.457568771251 -1.00826537103 
3 -0.350699446115 -0.120731088117 0.95131711756 -0.721504123944 0.537032032993 -0.770746951578 -0.820564977487 
3 -0.251484008759 -0.0771880572473 0.841053939256 -0.823754065394 0.883985486885 -0.942088724565 -0.439242470869 
3 0.137343716407 -0.209074307391 0.741228995218 -1.21210678344 0.665697066093 -0.433463131498 -0.964169344834 
3 -0.417228682603 -0.273848423884 1.03937988408 -0.760748356727 0.71724875981 -0.985967338897 -1.06390672943 
3 -0.276596338597 -0.350841219351 0.742076211923 -0.781776861834 0.75650782434 -0.714480909231 -0.604597181428 
3 -0.256208133107 -0.818683110828 0.907060785223 -0.716242951947 0.319395769347 -0.412468174484 -0.856369196704 
3 -0.397121495492 -0.471813501343 1.03429043882 -0.817404507104 0.601109632719 -0.86915527593 -0.237434251637 
3 -0.367350878643 -0.200262754794 0.907173490182 -0.358159269735 0.691777982766 -0.741700272381 -0.913670617852 
3 0.390392108191 -0.383058345558 1.05137688517 -0.619818633207 0.75449134385 -0.553288919795 -0.894901244712 
3 -0.559150556017 -0.179432936832 0.981728375249 -0.821139244865 0.775432829402 -0.694855214285 -1.42191090632 
3 -0.553318798607 0.0209246907036 1.25828094892 -0.757360419098 0.524769833709 -0.480159160444 -1.08419439145 
3 -0.313220799291 -0.0823441311489 1.32621104373 -0.389077160791 0.766048050962 -1.11592414761 -0.768942501194 
3 -0.469745476709 -0.658817111218 0.579032446568 -0.368629580807 0.990433904437 -0.758960724735 -1.16205572962 
3 -0.176608114361 -0.279081580891 0.973849139163 -0.671545120664 0.530485253196 -0.809775931525 -1.13550096119 
3 -0.171280392717 -0.0142437450354 1.03760301003 -0.422950104155 0.688784629582 -0.914114535277 -0.966443380717 
3 -0.325097913953 -0.152286337623 0.765797206429 -1.03326917147 0.531923897887 -0.77527927943 -0.772107768636 
3 -0.367909268541 -0.214587538991 1.06909593921 -0.976845687388 0.781055691535 -0.844088754056 -0.881354948735 
3 -0.217514555005 -0.217205520331 1.45233915491 -0.437984585322 0.64653727368 -0.654725990313 -0.478190072225 
3 -0.500890390095 -0.147457919675 1.46695961324 -1.09695000271 0.861019967917 -0.674502588889 -1.3048784245 
3 -0.16633711491 0.0846398420915 0.864753099587 -0.455764509942 0.579812586925 -0.76557174918 -0.707531020365 
3 -0.19765211604 -0.351477606016 0.684370373477 -0.615457721965 0.753958826384 -0.466794039048 -0.640046777796 
3 -0.282846463333 0.0834640168174 0.786310252675 -0.885057137644 0.434975737532 -0.532460584554 -1.05827697424 
3 -0.64595906368 -0.170373174524 1.22298494314 -0.925750454563 0.829959462977 -0.51762119295 -1.12006374803 
3 -0.404653892742 -0.228585387184 0.761460815836 -1.28460991091 0.467689521132 -0.929439860634 -0.785686883105 
3 0.22256947816 -0.0381230279534 1.05261644188 -0.632759475305 0.5490248927 -0.559333420224 -0.795483836489 
3 -0.205489085562 -0.441552194198 1.09069200064 -0.618354402436 0.65305966056 -0.582348278091 -1.39258643279 
3 -0.147909435044 -0.207598095547 0.752659541878 -0.474161490058 1.14576669588 -0.524571117648 -0.945577135721 
3 -0.454949684023 0.151958556446 0.840600396185 -0.769409076304 0.75461932346 -0.874326985556 -1.09604465465 
3 -0.206651956954 -0.152107545241 0.67306294545 -1.0187688696 0.792715254373 -0.897084730904 -0.949122227108 
3 -0.147522589426 -0.198849224462 0.873525844476 -0.85132310647 1.01274355841 -0.35535861907 -0.580560883983 
3 -0.0897291128379 -0.276681879785 1.2234814551 -0.374785050442 0.78493034829 -0.932256496458 -0.780070896195 
3 -0.0309069149233 -0.328420897825 0.802845560519 -0.334739635791 0.845590019756 -0.835336728704 -0.991040676896 
3 -0.4129837478 -0.232953966692 1.00069439293 -0.976701681345 0.964162142505 -0.931707233978 -1.12974656385 
3 -0.0477069643881 -0.363932991345 0.775551238078 -0.111007065933 0.537338775975 -0.738436007 -0.527508734278 
3 -0.341168199578 -0.104855759917 0.547991413692 -0.95440998233 0.530193262716 -0.68279535985 -1.34901693371 
3 -0.28548416355 -0.133614862386 0.912648640017 -1.17909049905 1.11623045259 -0.294491947423 -1.02570901541 
3 -0.128672849812 -0.146366524063 1.1188983741 -0.551255842969 1.04263546156 -0.685663532571 -0.913897468912 
3 -0.462446257953 -0.223848172554 0.88113254431 -1.07788556793 1.12137083856 -1.11133357433 -0.725561085769 
3 -0.160155374164 -0.267135788708 1.15475649227 -0.31220488592 0.839755409093 -0.593603837758 -0.911339856398 
3 -0.495401760934 -0.515881207283 0.979637114547 -0.527089728053 0.70469780704 -0.65439202239 -0.870775006131 
3 -0.143628692943 -0.501725606465 1.21092291825 -0.802386491891 1.14401707845 -0.975473697483 -0.987354977109 
3 -0.0409859145561 0.130399755536 1.01449258994 -1.13214897112 0.579156262009 -0.448444639043 -0.641524801086 
3 -0.402256913778 -0.478075137452 1.0013288212 -0.947028453391 0.638190918884 -0.550353293919 -1.11553650093 
3 0.0506434866936 -0.532603767389 1.35823264487 -0.532378548133 0.441179925083 -0.561070267458 -1.0690258278 
3 -0.0672533211847 -0.373244746958 0.998499697399 -0.955109527634 0.584811405597 -0.672243189959 -0.778639905417 
3 -0.266977171519 -0.318480916275 1.18822712152 -0.58626813595 0.878971484308 -0.502941901167 -1.26036612398 
3 -0.0747079096756 -0.50320780989 1.24610026574 -0.838143133083 0.25671747253 -0.922450826433 -1.30078999631 
3 -0.442865773733 -0.469515886138 1.09902980123 -0.720352417792 0.63880239884 -0.555499368097 -0.820189810419 
3 -0.42836444051 -0.326797467212 0.959245740071 -0.723973567449 0.676311703411 -0.87064344032 -0.95547126515 
3 0.398662240925 -0.427743165659 1.11805396494 -0.75765582742 0.801687317023 -0.409745978438 -0.818096962929 
3 -0.356874207637 -0.245743100779 0.565933916305 -1.04098609375 0.794331570042 -0.898077274629 -0.339283496255 
3 -0.449059280259 -0.229374041237 0.865426442947 -0.734525141094 0.957331967141 -0.250964659031 -0.928406314963 
3 -0.530274469841 -0.183079955415 0.761179239684 -0.909793026176 0.763647861444 -0.50446683969 -1.12751062068 
3 -0.0930358546564 -0.106067174595 1.03642409032 -0.701250200254 0.645539931477 -0.51955122921 -1.01151194274 
3 -0.00706753260139 0.0512650843855 0.988674320303 -0.845485164745 1.29552306452 -0.586175063644 -0.888415986243 
3 -0.75165794836 -0.354857264974 1.0607343336 -0.559414048668 0.624400062657 -0.596823952049 -1.03536245489 
3 -0.398668813418 -0.309729671445 0.800870147815 -0.547025308838 0.758403080123 -0.287909854489 -0.853454286044 
3 -0.241522335524 -0.220272625913 1.2164931196 -1.17473161434 0.914886389976 -0.233238295003 -0.810848007152 
3 -0.129490888844 -0.273448600207 1.04861280667 -0.788523998428 0.708965361849 -0.818697599274 -0.972933876728 
3 -0.293096167075 -0.189790791548 1.07575764123 -0.877245243054 1.02756494667 -0.691308259398 -1.00530162732 
3 -0.4250793511 -0.224289049097 1.01400853923 -0.827394971816 0.503680789503 -0.687953709606 -0.540040889541 
3 -0.425368622583 -0.0875486757014 1.01640602612 -0.792605539609 0.667801414913 -0.843215147039 -1.12094959935 
3 -0.296052928538 -0.575893558321 1.31969932787 -0.858628488247 0.774695728474 -0.60840789002 -1.15371284532 
3 -0.330425549607 -0.297253130345 0.932520281348 -0.995084535899 0.354424546436 -0.874051285788 -0.734634894316 
3 0.0829322102126 0.0296038421616 0.75673413879 -0.379720871751 0.933833777784 -1.01465298032 -0.683332802947 
3 0.00623121237339 -0.380231093181 1.04186251693 -0.804352305162 0.528685541785 -0.597894552803 -0.751963453759 
3 0.0543926451041 -0.0631458040033 1.18405685244 -0.673546492187 1.23277663644 -0.786964475178 -0.924446560491 
3 -0.0548127426892 -0.315304480219 1.18750774783 -0.525418630144 0.410931772294 -0.832667515566 -0.86245934826 
3 -0.0413023051105 -0.201812806336 1.06590401237 -1.41666566726 0.998288020602 -0.275543837673 -0.82855811992 
3 0.0765951762555 -0.10164653738 1.01203723362 -0.887800211794 0.573928919879 -0.648597115217 -1.16112405487 
3 -0.286715206468 -0.376569819257 1.09878522576 -0.749875439956 0.920748570249 -0.60612320857 -1.00664336521 
3 -0.273025633432 -0.243060799328 1.04760650081 -1.01204585455 1.0312406451 -0.478445521062 -1.2368388417 
3 -0.38783352079 -0.199190542211 0.989662630159 -0.828145923327 0.540470771082 -0.599407210984 -1.16271599388 
3 -0.60194023262 -0.0241910799175 1.15324052751 -0.678651917606 1.10062180733 -0.741083293941 -1.13970047877 
3 -0.156225774972 -0.4651941166 0.74735062844 -0.453624325494 0.751081001257 -0.880297679683 -0.678065255471 
3 -0.167302591744 -0.420309560569 0.95472211445 -0.868259395234 0.522425280027 -1.02934312358 -1.08996938819 
3 -0.157245860147 0.0202084886174 0.847762937475 -0.736280973689 0.522306346188 -0.826441633553 -1.22411959171 
3 -0.0562241102021 -0.487284894452 1.08019900264 -1.00022122913 0.689436680386 -0.447679985198 -0.917000165408 
3 0.235266261754 -0.265302403089 1.57355440451 -1.10546054955 0.915858818735 -1.14468521141 -0.819256955277 
3 -0.896482802913 -0.182603343965 0.666806961824 -0.823129842285 0.893354060614 -0.570517670775 -0.967558576215 
3 -0.323114569975 -0.408126545157 0.711963843396 -1.17563055252 1.42568331335 -0.695592898552 -1.00479587585 
4 0.276745751988 -0.753191996599 0.234609101921 0.456082568627 -0.577936261367 0.906299021923 -0.40661144855 
4 0.024439503841 -1.0212997099 -0.0550805018028 0.504754837361 -0.448270944458 1.02781746286 -0.410605379502 
4 0.0789033383986 -0.542034332041 -0.0710252052516 0.678895704153 -0.641078960446 0.927738239732 -0.0605978079546 
4 0.0390823329322 -1.04292691569 -0.17174431752 0.336284065355 -0.895431415065 0.566512599394 -0.354236549674 
4 0.263434908017 -0.665601832787 0.154486082733 0.296043660007 -0.339582853727 1.15587542629 -0.313375611612 
4 0.0353924951176 -0.491204677731 -0.316737312234 0.0405263630937 -1.11077793184 0.841215034334 -0.523106037328 
4 0.273098194462 -1.08815697228 0.257732920518 0.75850665387 -0.632932993752 0.521359357183 -0.196839358885 
4 0.260580405619 -0.919355475114 -0.26361671753 0.458392784912 -0.23048463598 0.657443612424 -0.426280544318 
4 0.0818062025133 -0.47594838619 -0.132375821074 0.851919972435 -0.359972618261 0.704647944581 -0.349310579911 
4 0.561922758525 -0.981929405273 0.0642180862311 0.753871772486 -0.399945595677 0.612874664676 -0.0725544517011 
4 0.437725825413 -0.927284245076 0.229604663329 0.222812974816 -0.733674050655 0.5183413479 -0.438247177264 
4 0.22722044884 -1.37225933113 -0.17169681566 0.589231432081 -1.1824390888 1.02773554033 -0.365386702356 
4 -0.0233715613636 -1.12718279953 -0.0306821043976 0.644875133174 -0.650662175736 0.755144195291 -0.663431201526 
4 0.250851710615 -0.839705799477 -0.282743083514 0.334799769606 -0.717967619162 0.909476507297 -0.577890104167 
4 0.474719513931 -0.938758341011 0.031500227199 0.652626080788 -0.771901082471 0.309189164727 -0.589109296077 
4 0.0258627623087 -1.0344005222 -0.101825361619 0.57294537351 -0.279963084292 0.659105806153 -0.620806937622 
4 0.395905338555 -0.68687479391 -0.311656137367 0.808387409609 -0.568796446736 0.651337737129 -0.942405467587 
4 0.0383552130056 -0.780528262309 0.0300622213575 0.206949595438 -0.491264107266 1.14723638887 -0.250749613545 
4 0.191779424396 -1.06900426058 -0.0101652851608 0.397443671008 -0.838049990753 0.619374050805 -0.396560913462 
4 0.308482051603 -0.946207453221 -0.43915360426 0.0600029259157 -0.609792260588 0.753554858746 -0.559948624049 
4 0.258265935682 -0.720802418821 0.228243134965 0.526714107428 -0.912500442466 0.523977521507 -0.38692982698 
4 0.573124071821 -0.328554725223 0.268780927166 0.321676329025 -0.257485771835 0.688100768221 -0.415177820886 
4 0.261016384722 -0.446946793277 0.275065818345 0.8219986462 -0.596846763639 0.859627625 -0.394828223407 
4 0.125523562924 -0.60755219724 -0.279573156737 0.566946304684 -1.07413830329 0.732721838418 -0.869644192878 
4 0.180034805242 -1.12260416551 -0.203580021433 0.38726888805 -0.207744881555 1.09936337728 -0.960668664389 
4 0.119701688084 -0.568855755998 0.337399054178 0.532189235221 -0.462533456136 1.31763591809 -0.489802921599 
4 0.144358623369 -0.956938431412 -0.178289132408 0.619077752669 -0.961236506361 0.893456357124 -0.401027971984 
4 0.00218838827682 -0.917032168605 -0.118768991337 0.505765129657 -0.471435663579 0.95526445673 -0.280487923768 
4 0.239666869415 -0.944453693625 -0.119221424365 0.43605551626 -0.708013265557 0.847237295574 -0.208921030346 
4 0.606169038788 -0.459334682143 0.195271920839 0.26462012189 -0.663295804128 0.777845851808 -0.501461519924 
4 0.383023482181 -0.568042739246 -0.0589460084099 0.210519822971 -0.510468105258 1.19738146068 -0.242893836039 
4 0.186544327844 -1.13131830219 -0.124521346594 0.796174659059 -0.859622843644 0.802120475907 -0.667145158923 
4 0.433970909843 -0.779162285305 -0.0146580708858 0.50194003465 -0.505289025399 0.876484933331 -0.412464567342 
4 0.249975655742 -0.847205672735 -0.260169491914 0.129405168842 -0.637713949471 0.656368887223 -0.268726519836 
4 0.28025806041 -0.627782901369 0.0051950137007 0.208404308821 -0.488419988824 0.773794152619 -0.188372897255 
4 0.381614720796 -0.786116503933 -0.25073236374 0.569820209723 -0.887267317814 0.903684244729 -0.151569553304 
4 -0.060374074031 -0.78946427212 -0.15022960368 0.321579904868 -0.431842168383 0.816830531687 -0.523667578413 
4 0.529052146249 -1.00813930249 -0.344491832486 -0.14798627766 -0.641259238863 0.685914682539 -0.159386797023 
4 0.353505827569 -0.925241773778 -0.233605523436 0.472417798895 -0.478911743097 0.621080666986 -0.641083509462 
4 0.333955008521 -0.832048341622 -0.0817207406445 0.0903244845624 -0.861320267216 0.765438635513 -0.442236898883 
4 0.237989401312 -0.811787155464 -0.428362430437 0.332328869949 -0.638558517945 0.322186554582 -2.31275527671e-05 
4 0.0358706554574 -0.813037915343 -0.375301732564 0.728519226811 -0.386970465931 0.732940977778 0.0491131820537 
4 -0.0785944317329 -0.664303777801 0.217372715064 0.358060340236 -0.677001814847 0.409499567765 -0.310034882396 
4 0.603213965015 -0.712204655123 -0.202571828536 0.201187203541 -0.698073934879 0.607172207711 -0.17418029757 
4 0.460668215664 -0.860796004125 0.359970065082 0.245668844585 -0.440251231123 0.862217729643 -0.281138669938 
4 -0.0799674662115 -0.434955352376 -0.169512163793 0.492337608559 -0.822822595213 0.731023635346 -0.217109837245 
4 0.0766398372579 -0.731894232295 0.104191911145 0.719189877643 -0.608693120191 0.905172462335 -0.725432258415 
4 0.0818172371105 -0.862581346792 -0.497136116616 0.204910783417 -0.339597845472 1.24038890667 -0.21159866801 
4 0.400776252053 -0.888064066575 0.191190653027 0.0550280978561 -0.592055110055 0.629742888487 -0.252357252162 
4 -0.024154272773 -0.828882270865 -0.372908786515 0.552837164353 -0.629471018583 0.89913911099 -0.435781283645 
4 0.0656558577072 -0.554818130137 -0.319396369792 0.058360856715 -0.392143016693 0.661771955915 -0.346833687424 
4 0.208787875612 -0.78051008035 0.107623277394 0.152201790179 -0.845035175589 0.784863851625 -0.417683647347 
4 0.294995633967 -0.565938272466 -0.257059103654 0.198197519141 -0.695794496683 0.874329486184 0.0330201895851 
4 0.308343943963 -1.2701478488 0.140845911353 0.582102096472 -0.203133787283 0.531213794215 -0.213352544834 
4 0.332053863889 -0.93298867609 -0.132235961151 0.198743586546 -0.521342101988 0.821729495389 -0.602901854492 
4 0.478713037124 -0.808662891597 0.266154720023 0.238712844644 -0.423929730833 0.935559614446 -0.41043984037 
4 0.365955102392 -0.982235921792 -0.0755852481547 0.190357842646 -0.606761704426 0.837458107543 -0.473044444932 
4 0.14202469763 -0.868186102693 0.161710563339 0.592639056528 -0.280771040535 0.658419918425 -0.497419191209 
4 0.269014610301 -1.1968294507 0.0599960556706 0.165485146142 -0.0443393136972 1.20239150205 -0.351831729507 
4 0.15605798628 -0.406466509916 0.0647782865925 0.589912726938 -0.137798527786 0.605916371093 -0.212357989834 
4 0.327375222154 -0.667124203378 -0.162523958444 0.278490899498 -0.84425797949 1.18141857332 0.272358681083 
4 0.260789890023 -1.20610097226 0.268107738411 0.383660403348 -0.597478189377 0.594802094334 -0.372910016051 
4 0.122139685168 -1.01995470839 0.541466290614 0.110595704288 -0.903545451394 1.41207195672 -0.28193934844 
4 0.155900759869 -0.788410018282 -0.00589454633214 0.260333499813 -0.3177248846 0.746571159181 -0.495723181933 
4 0.106114653931 -1.22345001964 0.0127380530335 0.0675636578542 -0.74201766146 0.858368722995 -0.408234472096 
4 0.383250199659 -0.941581832206 -0.0362324692767 0.494271267395 -0.654959792564 1.0732687598 -0.215510122652 
4 0.390284585189 -1.04216683459 0.358899506876 0.308513219169 -0.668861832315 0.820639801025 -0.386824659011 
4 0.205287143443 -0.619729753514 0.0820054471427 0.234368900933 -0.655334459677 1.02534589105 -0.528492968886 
4 -0.0563685445472 -0.931836680268 -0.346860227596 0.306610226527 -0.648507292437 0.665819025615 -0.357109075484 
4 0.12275475072 -0.886150627391 -0.753066577357 0.635752964411 -0.183762959523 0.709240732624 -0.0577823561802 
4 0.384140276452 -0.949123232283 0.0718056485109 0.357914644476 -0.578387549846 0.925478432892 -0.412428310961 
4 0.438807605633 -1.03826089569 -0.285137728126 0.8908592667 -0.316560485067 0.888533783796 -0.72513192245 
4 -0.238915134346 -0.414204472911 -0.0959379462795 0.879901433102 -0.864176402478 0.7001508634 -0.0394091231474 
4 0.642987046404 -0.883327196312 -0.308875193623 0.107180039012 -0.89268904383 0.816634309922 -0.294632528427 
4 -0.160725828926 -0.778488407814 0.145819366098 0.429291060109 -0.461642377687 1.05595334519 -0.676030899037 
4 0.496794844295 -0.739583210802 -0.0557772149963 0.199020848191 -0.712389907251 0.540817114985 -0.417705828246 
4 0.317659389375 -1.00509787646 0.295550508325 0.463970912458 -0.18504416069 0.4764317675 -0.612397610904 
4 0.722355736323 -0.824991480028 -0.2539354217 0.389753085537 -0.509612645484 0.923784341743 -0.21815549001 
4 0.240670569872 -0.856711313675 0.125553156125 0.35731845806 -0.673305110073 0.77181340328 -0.524317275626 
4 0.325641093252 -0.762066806505 -0.0956034064767 0.94178468516 -0.421252044401 0.551994674507 -0.536416504317 
4 0.0257058207252 -0.719031298434 -0.238271679092 0.0383163093155 -0.647947357631 0.907046811983 -0.318249682348 
4 1.0137865218 -1.12860680467 -0.550037485202 0.809639338422 -0.579309318122 0.506198302438 -0.762130879034 
4 0.0895577949845 -1.21415111172 -0.00314840152627 0.648233685392 -0.474400206653 0.726306801182 -0.187137027488 
4 0.257863391173 -1.23644443206 0.134236515599 0.20231737303 -0.544811422707 0.787713040048 -0.663882499378 
4 0.372779415378 -0.986808152876 -0.179436333115 0.301640377935 -0.767472931604 0.749616672975 -0.560749339997 
4 0.15397936724 -1.12745433649 -0.0173096450084 0.746744828449 -0.745797088277 0.923083280421 -0.62553178702 
4 0.601894898893 -0.676839144678 0.0880590274149 0.602229504894 -0.573692365708 1.32584840368 -0.463006893089 
4 -0.308449961551 -0.501011337795 -0.00960477388672 0.568448338005 -0.669195251447 0.819855483438 0.0279857806658 
4 0.385262522952 -0.757549709239 -0.14887701718 0.415174499621 -0.598013137696 0.312241141799 -0.223073212655 
4 0.211225817084 -0.782147139959 -0.194805021041 0.682726753416 -0.781671759197 0.701611809346 -0.240879102707 
4 0.446540304482 -0.678419527673 -0.178905537491 0.792844314028 -0.819256027689 0.698443924564 -0.741155481611 
4 -0.0933778785292 -0.988949872661 -0.248363187198 0.413301646692 -0.787889512606 0.593373292725 -0.685568617337 
4 0.103817930787 -0.752354496737 -0.451312034187 0.338518078933 -0.703190394948 0.53136344625 -0.359792769757 
4 0.0469758220692 -0.81576469574 0.204214524499 0.65387515262 -0.789635972496 0.988999398264 -0.132961603637 
4 0.234563883414 -0.899147262873 0.146477039133 0.149547507444 -0.642574660787 0.728824839835 -0.139802625105 
4 -0.0217664256663 -0.671871003765 0.189867829327 0.342819360544 -0.354097608217 1.14042368686 -0.618416015207 
4 0.789195003931 -0.832991923678 0.166842636934 0.366440101875 -0.626786973582 0.971518751903 -0.473107712103 
4 -0.00977986197154 -0.615033830401 -0.0270124477839 0.360436562627 -0.440263542235 0.888789040725 -0.474553614217 
4 0.182858556543 -0.656674310798 -0.567266944351 0.377416084798 -0.727299139986 0.834486392858 -0.343685218498 
4 0.492089273313 -0.62880408202 0.17880473138 1.02924121416 -0.589171254818 0.352034005988 -0.230413454336 
4 0.416853313538 -0.681730279364 -0.158187061086 -0.110690767491 -0.610492418618 0.633495191283 -0.123356052218 
4 0.168804346867 -1.32932702855 0.134082145123 0.491752042709 -0.477125132064 0.208905069594 -0.0620879804153 
