0 0.490822684208 0.0497965438692 0.774902974788 -0.589001266596 0.932622786877 
0 0.966022242934 0.282630999283 1.03514036573 -0.691639661004 1.43894091205 
0 0.710102076774 0.0284302576735 0.709618455283 -0.382601997717 0.655742465589 
0 0.123689805807 -0.0472134018807 1.11433569236 -0.285040438665 0.994595153068 
0 0.353075990618 -0.130978937737 0.776088349595 -0.560160192041 0.866245723277 
0 1.24949174008 0.0498316848372 1.1272757072 -0.672580422308 0.817929050869 
0 0.702221977263 -0.181680902998 0.952565441358 -0.0676197011585 0.902590330987 
0 0.456770756703 -0.0346613474431 0.873671930726 -0.576039715098 0.719397596564 
0 0.383302705989 0.863401922042 1.13157123516 -0.455791658582 1.72930978737 
0 0.673913752511 0.15323074167 0.95142838707 -0.532296610271 1.26592061193 
0 1.12744992415 -0.354180999302 0.760751485155 -0.657840821886 0.927680825438 
0 0.677973236201 -0.384689930971 0.574446228974 -0.448556141413 0.916566330725 
0 0.86015338677 0.110865039819 1.2806428746 -0.810853132693 0.870726704256 
0 0.368189126698 -0.345739639426 1.35586303788 -0.653720072684 0.630379143402 
0 1.00078500674 0.0407518592771 0.830939543469 -0.806479746973 1.12664462489 
0 0.705973326258 0.214784586196 0.95582463458 -1.02458334852 0.811437154967 
0 0.546204071382 -0.0725804860721 1.28305426732 -0.337788768733 0.9796493541 
0 0.747258559576 -0.127035030247 0.575112844999 -0.44374708803 1.06647293003 
0 0.998206971036 -0.279085980906 0.989991661833 -0.508257249326 0.783514211874 
0 0.785380968861 0.266186698544 1.1571902192 -0.936699337927 0.82717775481 
0 0.734106236347 -0.117398021535 1.18818633922 -0.571854786689 1.02600667226 
0 0.934834563748 0.150925914616 0.57979776428 -0.816444660711 1.08466105764 
0 0.802733463544 -0.393598680438 0.574730173398 -0.698003692876 1.32204427347 
0 1.17515523046 -0.0370047606322 0.831439790511 -0.532887165394 1.39621936294 
0 0.235308733461 -0.0647842822814 0.79704990734 -0.77638494956 1.00043578188 
0 0.505524834048 -0.311558226012 0.317447221881 -0.191282955039 0.783562110048 
0 0.851859141919 -0.0859872914936 1.09251486934 -0.650925555711 1.2415569264 
0 0.467745885669 0.137698102205 0.889115361881 -0.602150072789 0.893314930746 
0 0.898663779516 -0.00736914804241 0.776937268737 -0.472600755681 0.977568295293 
0 0.599347234721 -0.175389711784 0.891485785199 -0.781505315332 0.792627596283 
0 0.639991908247 -0.43000131402 1.0354202866 -0.656797878606 0.924843029154 
0 0.184979249919 0.399180188896 0.667559543734 0.0324491427999 0.907951745171 
0 0.756771816891 -0.216188261466 0.561052484534 -0.357182133359 1.31318261255 
0 0.73549800654 0.12314814637 0.711434304974 -0.480357464625 0.851689503324 
0 0.681144290052 0.0885668028691 0.981621122321 -0.972642575092 0.956200735713 
0 0.824698756129 0.33466984783 0.680700795128 -0.342703247289 0.905378613607 
0 0.872143007587 -0.142130917834 0.695339016692 -0.609466243175 1.3995009057 
0 0.507326943156 -0.168340532463 0.947813048118 -0.470889610009 0.611341864912 
0 0.30521414663 -0.00340432877452 0.882021427358 -0.730595508894 0.964875612544 
0 0.470813335994 0.169122645409 1.07034395353 -0.357606373856 1.32860761236 
0 0.759416811431 0.288651991737 0.838116065703 -0.986329710499 0.747431731301 
0 0.633685006443 -0.28534958653 0.739132749794 -0.527245433845 1.10779128482 
0 1.17109680853 0.226181601659 0.576670981213 -1.58954789043 1.51379723758 
0 1.34401143958 0.016360325349 1.15835019544 -0.646304194641 1.03508056143 
0 0.257430558838 -0.0704451081975 0.656734792107 -0.586938458387 0.868914017805 
0 0.281872260834 0.0357815202601 1.17827847472 -0.930222146548 1.01160510312 
0 0.552716778167 0.0167474902518 0.580244884754 -0.389903640508 1.28737931618 
0 0.435327443309 0.400441245607 0.912186185205 -0.675597506066 1.15771669376 
0 0.506825302582 0.203848280342 0.91035399406 -0.603566456009 0.593698057037 
0 0.450153944902 0.162784456156 1.14630359303 -0.325781270213 0.786822344998 
0 0.405913350874 0.0450910434057 0.832574794599 -0.296534352405 1.13891044235 
0 0.936267223991 -0.135775902319 0.981887402795 -0.675033462652 0.795493684278 
0 0.535850750379 -0.193943213411 1.14231932792 -0.634137733489 0.730378904514 
0 0.181575340404 -0.0656628713221 0.85256779514 -0.69067543195 0.909980948713 
0 0.597223887212 -0.022884526901 1.3110667216 -0.895039901871 0.732724542951 
0 0.432045879117 -0.272980092313 0.521041503909 -0.789615229277 0.654613871614 
0 0.681691484055 -0.352165999019 1.09576214649 -0.961837451809 1.12611273942 
0 0.916129646145 0.1466395451 0.900227863064 -0.652324731316 1.44463112619 
1 0.169584140663 -1.79518748746 1.35794505961 -0.165995586045 -0.975361937711 
1 0.356109909126 -1.19107346707 0.39638656957 -0.285443203407 -0.388571781255 
1 0.231038783538 -0.96743125801 0.295976502985 0.0942629488598 -0.10051759402 
1 0.588869950735 -1.32586041767 0.537352582259 -0.469241543701 -0.251306231318 
1 0.6203227514 -0.498718609189 0.715179383632 -0.243021583555 -0.624968724454 
1 0.374887218091 -0.725276137425 0.90698990921 -0.562531629691 -0.517066517366 
1 0.610951022079 -0.765683457775 -0.0274767220244 -0.798572878735 -0.936772964841 
1 0.843791281696 -1.1271996469 0.677782778307 -0.568590657312 -0.536114483813 
1 0.466343561314 -0.514513436053 0.736678248465 -0.479074530878 -0.0375415737446 
1 -0.0911619774233 -0.888422647626 0.907552998101 -0.627438829714 -0.727549454924 
1 0.120710272011 -1.14030160392 0.89408043619 -0.242091392985 -0.515846813948 
1 0.252276341012 -0.719084409796 0.998304286534 -0.428410946098 -0.417873176601 
1 0.395542340793 -0.794084699117 0.331911508573 0.404574681648 -0.309122130792 
1 0.527251186823 -1.06847410982 0.456147676259 -0.287392984916 -0.722817721918 
1 0.547621401684 -1.074402672 0.513266303149 -0.607643086397 -0.460423181457 
1 1.00088940388 -1.21451768681 0.200142562434 -0.154230401513 -0.463094967654 
1 0.0267517932311 -0.649771095778 0.754583709357 -0.527816469206 -0.478077378015 
1 0.206552073623 -0.850253894579 0.30749579039 -0.537199495386 -0.655519638226 
1 0.288284748298 -0.802313681584 0.542849696296 -0.493227017147 -0.704615369451 
1 0.478521037825 -0.551432528128 0.421344002547 -0.319694218668 -0.334636242581 
1 0.645149287489 -0.833885442585 0.675583421551 -0.596820944305 -0.401947951619 
1 0.885023873439 -0.586271631485 0.589445899754 -0.610485564488 -0.792360709638 
1 0.170115689173 -0.591007569423 0.774813700141 -0.206240993331 -0.530900104505 
1 0.393222474059 -0.613917088123 0.706953000574 -0.913748883003 -0.495041967649 
1 0.480930038498 -0.946623129768 0.636697540191 -0.306580476044 -0.227894255449 
1 0.606767726623 -1.0577575511 0.327286233334 -0.627948054524 -0.91350260751 
1 0.0718742121408 -0.714012539963 0.534821590707 -0.381074801626 -0.330456858526 
1 0.257222797475 -0.978174850018 0.823606436943 -0.841852319125 -0.359267476158 
1 0.337364027876 -1.17093272626 -0.0197490325808 -0.618188667005 -0.66369661736 
1 0.683407784123 -1.21086936283 0.498595059127 -0.47653392552 -0.786858230494 
1 0.640858498216 -0.877759126675 0.745517444032 -0.454631732882 -0.357993808629 
1 0.15783259518 -0.942009583294 0.783381833596 -0.357153045869 -0.429174321719 
1 0.32836663206 -1.00599213709 0.487058923781 -0.507260725704 -0.535508629353 
1 0.201703713822 -1.2488798271 0.325721568292 -0.538562732072 -0.491368440607 
1 0.492493800954 -0.88919897993 0.574645938628 -0.302217354754 -0.526410363357 
1 0.709665086084 -0.690108980664 0.646494895442 -0.534974644368 -0.299774838081 
1 0.236542622662 -0.878030564539 0.442093102134 -0.677470623821 -0.304544378066 
1 0.781204010281 -0.826103357617 0.638163240006 -0.604181974111 -0.872961635489 
1 0.0931355753028 -1.04437952576 0.761887783916 -0.0756531547664 -0.640915004016 
1 0.351900738091 -0.882280488491 0.645765197448 -0.451194127258 -0.57061784359 
1 0.257145372574 -1.30133500605 -0.00309619945127 -0.699900381856 -0.411680906134 
1 0.405563382044 -0.817775390034 0.761289465996 -0.507960333782 0.00395979173318 
1 0.655317414043 -0.742490151 0.888928384153 -0.304937372359 -0.205571874616 
1 0.473372850421 -0.920400647789 0.412633877735 -0.52418168469 -0.613755121314 
1 0.476715223895 -0.882488584825 0.50138589969 -0.591200592808 -0.546669738035 
1 0.563101939273 -0.500535196102 0.33514883716 -0.513249559487 -0.642855811484 
1 -1.07173234301 -0.245489986911 0.889784956264 -0.313780298964 -0.303821773582 
1 0.420614187622 -0.924940110737 0.320432331862 -0.244566116444 -0.0691317648549 
1 0.335775970435 -1.12578744065 0.518793662746 -0.623815043849 -0.312010970285 
1 0.444787034245 -0.95369317039 -0.298108573027 -0.167126072277 -0.320521067508 
1 0.654427360906 -0.486900721233 1.07515418942 -0.535357749454 -0.838005929052 
1 0.138052017313 -0.19766642195 0.130287098505 -1.27138065641 -0.41910775869 
2 -0.144132297255 -0.960619247118 -1.17385629552 1.19716042744 -0.104275863346 
2 0.00169269701736 -0.786235416411 -0.943752310448 0.53941006296 -0.29853646584 
2 -0.450765384513 -1.44713312926 -0.542892288523 0.624214461433 0.205742195225 
2 -0.320831832927 -1.15709943195 -1.20597020833 0.731770965342 -0.467537323886 
2 -0.20287550953 -1.08269505767 -0.993800826998 0.697013217476 -0.422811940676 
2 -0.273601772249 -0.709485107371 -0.647664895456 0.268555770254 -0.234354272439 
2 -0.144618567994 -0.747013180697 -0.624154358002 0.717384334626 -0.285676856826 
2 -0.323541644939 -1.02941505157 -0.878642520724 0.861796085671 -0.196851621691 
2 -0.943136507129 -0.81432770216 -1.62412246479 0.528628590872 0.105147526224 
2 -0.265043517573 -1.16095053583 -1.01883087572 0.252731009889 -0.18260279331 
2 -0.347817740632 -1.09244380853 -2.10103295184 -0.0166062115895 -0.449624215326 
2 -0.943640495936 -1.01104718381 -0.974980518616 0.681645357938 -0.444979657762 
2 -0.142673611078 -1.32755708966 -1.0461608228 0.681736591939 0.143500228158 
2 -0.366243050966 -0.847695994149 -1.17922886036 0.546319195838 0.1756327425 
2 -0.192642681629 -1.05745754987 -1.05122263295 0.680153991254 -0.0968007685823 
2 -0.232791829105 -1.40954691647 -0.8974810149 0.290472616393 -0.18448635757 
2 -0.466479337738 -1.05327402029 -0.665416877369 0.722299992941 -0.0476059191056 
3 0.0556829531371 -0.319847967424 1.08451404165 -0.0969912376619 0.182739553342 
3 -0.724736683485 -0.523208272245 0.932568274661 -0.186066110569 0.485528867485 
3 -0.160782500256 -0.262895578074 1.54550306867 -0.185197973203 -0.144548866728 
3 -0.446704807497 -0.340139182989 0.977025871597 0.245267704653 0.115869824837 
3 -0.0499945435133 -0.789573435138 0.994977157699 -0.0174381950803 0.209315393264 
3 -0.120545126791 -0.684961066417 1.03699276245 -0.129403722783 0.0328069440348 
3 -0.18639288393 -0.981371167032 0.674875213607 0.582167498982 0.219016217511 
3 -0.359537669102 -0.780515982657 0.688440692227 -0.0376430165937 0.0187381995014 
3 -0.186295242715 -0.546404613943 0.599657912314 0.469702573683 0.458394085748 
3 -0.321217929959 -0.535718252269 0.689125197787 0.447771630514 0.10666325857 
3 0.148016655133 -1.21923369876 0.702065265463 0.241962644117 0.579934461954 
3 -0.0992047893814 -0.740708113413 1.19722895884 0.309024185069 0.229892578608 
3 -0.173033888531 -0.962432146792 0.842800746813 -0.158264360716 0.22728327537 
3 -0.797704902096 -0.615084277423 0.84679568577 -0.0660784067034 0.400725777697 
3 -0.450486332368 -0.450381173158 0.565099018832 0.081168308431 0.231721809359 
3 -0.653936217639 -0.870080892955 0.93829543905 -0.13933479412 0.215531462615 
3 -0.446389775094 -0.891840653451 0.974793368523 -0.191688481435 0.145910416507 
3 -0.383982914707 -0.753939169874 1.12310771929 0.30545889874 0.216783970249 
3 -0.0969700891079 -0.698404548426 0.693082610523 0.0401655342665 0.498193405893 
3 -0.253042367046 -0.109689266069 0.755779503979 -0.0750105555272 -0.301098757896 
3 -0.333175085603 -0.894053525741 1.12465693616 0.0257786998062 0.305707671324 
3 -0.727967639662 -0.776761356752 0.795203222678 0.114592503794 0.222282710515 
3 -0.93546701023 -0.60171516451 1.00863205688 0.0235658079752 0.288001195273 
3 -0.284398777215 -0.40128929294 0.963332829702 0.422853933852 -0.0237559470475 
3 0.144946364962 -0.521223272807 0.745070079086 0.272515533752 0.473750272636 
3 -0.163652644153 -0.472306787613 0.961749387546 -0.0656555823873 0.113631232203 
3 -0.24516496261 -0.643266646585 1.31917673831 0.391201277921 0.470252198561 
3 -0.54046110924 -0.461592202199 1.35567071249 0.235210676623 0.188932707306 
3 -0.470765023702 -1.14846943327 0.790035714731 -0.894963847433 0.0868229349909 
3 -0.528127685254 -0.728504410739 1.06222067854 0.26098110936 0.509497507588 
3 -0.12985731658 -0.678334174935 0.84616707952 -0.182141930689 0.368016694537 
3 -0.193890522633 -0.445768988862 1.28834933153 0.262580265091 0.18116885034 
3 -0.507809887272 -0.776416956363 0.879567335667 0.316432155426 0.720549648576 
3 -0.111735315589 -0.207211685054 1.13889002632 0.129225431092 0.778160449043 
3 -0.558135842962 -0.742643802469 1.55316417311 -0.119823543682 -0.112273604117 
3 -0.340818747842 -0.522401816506 0.693837794737 -0.199069470985 0.0106147222828 
3 -0.324846415612 -0.904381895099 0.959805289567 0.0341364854361 0.0243444324862 
3 -0.548069003877 -0.652764181204 1.16614496513 -0.12848232162 0.396105958958 
3 -0.290028967206 -0.574508338207 0.981931599561 -0.00515607502007 0.412743279437 
3 -0.154742865688 -0.611513123969 1.31532753474 0.105430300497 0.0517022363582 
3 0.502316213034 0.339970255439 1.39531173815 -0.937565719877 0.760297025811 
3 0.1823939906 -0.807471725677 0.952581604218 -0.086468519975 -0.0985034529168 
3 -0.143487668396 -0.295452650513 0.903021221368 0.309440079941 0.234076261628 
3 0.0735838095317 -0.449672716038 0.513243117667 0.37343147126 -0.400310365538 
3 -0.361095770714 -0.467604025994 1.1499061844 0.0786495638667 0.396138013428 
3 -0.70647014054 -0.660787867643 1.23914353526 0.418599148123 0.39136477718 
3 -0.300074055468 -0.70490060742 0.697931984888 0.00535686697932 -0.0230516115137 
3 -0.331948856192 -0.850632075867 0.805091384448 0.248821551458 0.0960714371902 
3 0.00263517825162 -0.30292261651 2.09722757402 -1.08135296425 0.572792129886 
3 -0.17074461914 -0.416373833721 0.798716600207 0.0962608212789 0.403304055142 
3 -0.113042873508 -0.561246505364 0.935057096883 0.167329347411 0.274133634512 
3 0.188780847928 -0.612468738142 0.614263918123 -0.00615288166119 0.18852643579 
3 -0.352413281827 -0.757500497135 0.909820177957 0.115129895321 0.170295103191 
3 -0.0959944029636 0.835554399804 0.35307120518 0.397559632601 0.642024600956 
3 -0.910045436954 -0.830060950315 0.912008392006 0.191347182542 0.16241546678 
3 -0.206201752175 -0.578687839648 1.05545428392 0.60560206341 0.367233950601 
3 -0.534738431788 -0.672763355573 0.516422376733 0.260366212821 0.568098118716 
3 -0.341453016413 -0.0870799771289 1.13514812344 0.12665640175 0.1402787057 
3 -0.243907226664 -0.670502001264 0.838282443279 0.106621728626 0.0549247049105 
3 -0.150551691026 -0.492531741204 0.880028110916 0.288191495786 -0.0106730282917 
3 -0.20900631436 -0.492432077454 0.923554193968 -0.27601504078 0.550346404527 
3 -0.727754358496 -0.678291695471 1.05527760137 0.588701583164 0.340429395127 
3 0.23788480161 -1.48405936306 0.807778630001 -0.378016669573 0.134611895919 
3 -0.0932724484665 -0.478733190454 0.501776821052 -0.313003456294 0.379521840697 
3 -0.018177782476 -0.932078325458 0.946706146453 0.397314404726 0.198967472097 
3 -0.145821775691 -0.415948223984 0.791911272133 -0.0860074228414 0.438866801498 
3 0.134495134404 -0.329284119987 0.804380182948 -0.152658482755 0.390068772783 
3 -0.26148160893 -0.780306474058 1.02737017049 0.574202222982 0.355990725178 
3 -0.266669195828 -0.898157259774 0.518733279631 0.0355745626356 0.144834376977 
3 -0.517108390464 -0.775004882036 0.929534393734 -0.168147444673 0.168307149216 
3 -0.242972023543 -0.788031211103 1.03258264681 -0.0506915781942 0.450386175614 
3 -0.435618989005 -0.875908824724 0.723687624444 -0.205756918511 0.098372954433 
3 0.218405217223 -0.656059760805 0.972026296314 -0.126622076883 0.685039292938 
3 -0.276786866305 -0.32838293747 0.926427366523 0.209154933814 -0.0961752830809 
3 -0.48610398985 -0.858437343064 0.626368559807 -0.125376794336 0.196254817042 
3 -0.599082577428 -0.853205595317 0.765001665383 -0.203520644747 0.546151914916 
3 -0.307991234172 -0.249754468507 1.36084744207 0.614904963226 0.435165089845 
3 0.0387208398482 -1.05751641802 1.2671349307 -0.348877770213 0.22982124533 
3 -0.305849201436 -0.238570241252 1.13391111962 0.255254368514 0.531072677773 
3 -0.312779004084 -0.852151015118 1.08744482488 0.15943451362 0.201130133971 
3 -0.0512562830154 -0.68582456808 0.526576839637 0.0730954378954 0.142015749886 
3 -0.489206445937 -0.525661255163 1.08466312486 -0.0575674852276 -0.0195096803569 
3 -0.22708934264 -0.365199251352 1.33088409875 0.262216487705 0.15908187855 
3 -0.411777597126 -0.434262288886 0.888959877767 0.235389437509 0.518797648314 
3 -0.0589006187853 -0.729252412337 0.831664992085 0.221420617827 0.172095148986 
3 -0.352306302387 -0.642393184129 0.865078966673 -0.0874169397136 0.00560074647842 
3 -0.303967986138 -0.733991016081 0.915276284641 0.333706032449 0.608746419851 
3 -0.121572989074 -0.0744064968598 0.352434499505 -0.361239727357 -0.202043011948 
3 -0.102317612797 -0.434667957752 1.10734509001 0.182119883837 0.117094087723 
3 -0.19525003436 -0.348654551129 1.09857741942 -0.0444538984925 0.138839628765 
3 -0.177113790752 -0.725220925901 1.07234061625 -0.0437118561911 0.295226191884 
4 -0.29162640036 0.341919915798 0.561902592759 -0.768496725579 0.472577779128 
4 -0.866818897615 0.279602627925 0.53648173253 -0.75473870124 0.635668665328 
4 -0.713719385269 0.599089741708 0.50152457086 -0.686495098229 0.950187631646 
4 -0.347263271796 0.433081593718 0.3095827103 -0.719068547725 0.767261553601 
4 -0.373400605204 0.184012158773 0.790584233305 -0.814272485304 0.930833241907 
4 -0.563539559819 0.326311893711 0.397046538322 -0.746853306337 0.737544733948 
4 -0.473022258558 0.107287684862 0.64349372982 -0.741761628381 0.514060200136 
4 -0.225463217274 0.57136202398 0.811760497333 -0.360528762752 0.618262313375 
4 -0.512910996711 0.318143178473 0.698187236592 -0.82937615442 0.648721949023 
4 -0.335581860387 0.386064857376 0.79731887213 -0.337804027915 0.718515483198 
4 -0.145423586769 0.44065274417 0.543066933142 -0.55403025002 0.385609366706 
4 -0.732390719068 -0.102129485878 0.363250668966 -0.638558643969 0.582594628776 
4 0.060512281553 0.363546462092 0.414090916979 -0.806331867342 0.536318993744 
4 -0.658177973161 0.634455627975 0.421507217749 -0.4739115054 0.555045216319 
4 -0.584120624822 -0.195692432196 0.675446141261 -0.751521124115 0.358818977549 
4 -0.161783723697 0.554484099349 0.38620823881 -0.679531239683 0.524713178178 
4 -0.500812551085 0.430108576297 0.538889192697 -0.585293001364 0.9326301907 
4 -0.201767233704 0.278145677439 0.615021675771 -0.375378902712 0.630118919245 
4 -0.585169218185 0.301142918824 0.599809717116 -0.986079953147 0.514854768357 
4 -0.435591885576 0.227252670609 0.69756351111 -0.41953912087 0.772954495568 
4 -0.710030426723 0.691310351195 0.481936286631 -0.455821150321 0.865039968358 
4 -0.0906373543318 0.395747662556 0.594438268182 -0.831455111531 0.655869811127 
4 -0.370443045105 0.568594274869 0.769707079906 -0.44302020165 0.702000836877 
4 -0.339638150507 0.26194195656 0.836751333708 -1.1465189971 0.306804325283 
4 -0.372490016255 0.568423908942 0.180555502192 -0.381481869439 0.783362393214 
4 -0.700964403 0.418347917572 0.719177345991 -0.490246446123 0.665676145285 
4 -0.377075467794 0.198239146189 0.65971139648 -0.445880596323 0.513465352261 
4 -0.463218074819 -0.059210974704 0.328963672538 -0.538128222831 0.45577674181 
4 -0.181148842015 0.448014425409 0.526885145941 -0.745989985343 0.424523703539 
4 -0.445455107544 0.209963152998 0.694320178729 -0.512497905604 0.523452618476 
4 -0.362453015521 0.316091918423 0.804482294554 -0.722876576988 0.0912685740968 
4 -0.498271598444 0.249018707399 0.771852009387 -0.733758753534 0.418552594226 
4 -0.51150315358 -0.00898556459948 0.333076247894 -0.982147163311 0.592279146941 
4 -0.677426650048 0.11623375873 0.428881642833 -0.662836430601 0.456099474118 
4 -0.644310457874 0.217878567616 0.202637533804 -0.838859173934 0.921322820001 
4 -0.33860915541 0.316246203406 0.741566537004 -0.392981736926 0.189418091667 
4 -0.318927223883 0.350885732327 0.013940387532 -0.478793084557 0.983355543765 
4 -0.437441561928 0.621924805467 0.202671267966 -0.891357563805 0.541103973846 
4 0.402752232545 0.621104006695 0.944196775921 -0.902157248737 0.992438287745 
4 -0.225306178218 0.372747504942 0.833042247628 -0.795147921888 0.623199765959 
4 -0.467886079601 0.245786114845 0.603879549171 -0.628993681006 0.972037275627 
4 -0.492217046283 0.486042192107 0.915196595133 -0.656470015184 0.654613354027 
4 -0.14840770122 0.56633816259 0.475350632296 -0.803333567544 0.463616927324 
4 -0.609503419908 0.376004700007 0.190545342196 -0.390417201774 0.527094145284 
4 -0.23264251845 0.658696256493 0.862935123416 -0.559323728024 1.05181955961 
4 -0.215274788208 0.26371881672 0.104494146225 -0.656396759414 0.807701140879 
4 -0.815867474128 0.773050537129 0.956974158154 -0.806152070656 0.421420887645 
4 -0.598224812843 0.40771642263 0.60961272694 -0.909411082571 0.737894245123 
4 -0.495984565193 0.662361130409 1.49368648383 -0.903789998104 0.735477498797 
4 -0.44270980052 0.426768143332 0.616231666735 -0.644172372373 0.466249346345 
4 -0.281172378674 0.643911260502 0.939603247624 -0.376089597643 0.468921303855 
4 -0.855686267673 0.363111167793 0.400126495825 -0.897799303219 0.579983904714 
4 -0.623741288772 0.0201313743096 0.695386845019 -0.105788614219 0.166802312725 
4 -0.343384005708 -0.0819118575364 0.542240346071 -0.599986205309 0.339413719952 
4 -0.44472307788 0.199440927838 0.614635035191 -0.8513562359 0.396716804633 
4 -0.29753327695 0.212751374929 0.811380028369 -0.407874603192 1.18523490184 
4 -0.354646903601 -0.219509157352 0.85848268672 -0.959850531315 0.476299125785 
4 -0.295082892464 0.146455654679 0.602343895099 -0.360380807948 0.430423373941 
4 -0.275141739878 0.755261742181 0.434795049016 -0.86453974762 0.498752559415 
4 -0.460096128667 0.415799138305 0.54871664252 -0.622672443356 0.356579130794 
4 -0.22403691079 0.119642493978 0.60329850845 -0.715326193849 0.641044391535 
4 -0.406982687822 0.541151390012 0.705386823453 -0.990196124112 0.368914975842 
4 -0.417837481166 0.399737430685 0.611183941139 -0.623444483201 0.526190660494 
4 -0.44867758454 0.169455178852 0.234902675442 -0.548563887389 0.29959225821 
4 -0.0645958363947 0.514480160712 0.684342093926 -0.628748810031 0.340344173819 
4 -0.299154381461 0.0763994539571 0.355888931489 -0.606398277519 0.709700545224 
4 -0.90405667715 0.355807221072 0.462654641821 -0.345894793392 0.344834082437 
4 -0.145031072862 0.421338361876 0.349550912922 -0.640856621461 0.686415013653 
4 -0.748390536041 0.777281343359 0.285205600686 -0.661866421327 0.555525357177 
4 -0.394519217541 0.304765197138 0.684002145805 -0.574720591045 0.463256877945 
4 -0.429538556443 0.242683133604 0.815352732973 -0.507542890312 0.237489733551 
4 -0.54970385769 0.78856300237 0.543190765467 -0.618310145829 0.765322230221 
4 -0.661394880675 -0.0782254078151 0.473792080676 -0.657321236495 0.522143499602 
4 -0.273308883809 -0.150370516976 0.698147109057 -0.534472066713 0.808386509672 
4 -0.4430003104 0.596169971013 0.661649534889 -0.985560277381 0.674729890917 
5 0.446326056104 -0.913711476032 0.446567359135 0.0132304350367 1.26934256547 
5 0.494296860416 -0.563127857956 0.992308272641 -0.165837021785 0.878540767791 
5 0.979022092328 -0.887931483468 1.0586198343 0.425654238741 1.05707535219 
5 0.313609615924 -0.458616811767 0.682857025809 -0.0831885178657 0.772540454768 
5 0.595252748628 -0.430883427812 0.831458350188 0.0363800687287 0.926756585116 
5 0.437114078393 -0.601646098866 0.816726666297 -0.120792239329 0.766285516939 
5 0.767860552986 0.00908244392069 0.930042310101 0.259004220916 1.32892669299 
5 0.595713162345 -0.381030083893 1.40138762702 -0.294723472359 0.651617050961 
5 0.425223654569 -0.477684543002 1.30009932775 0.115357584021 0.482283463683 
5 -0.0779081917254 -0.712480764157 1.18620141683 0.204029354512 0.617233097532 
5 0.162669825241 -0.658299743122 0.746356294012 0.163254146644 0.980657219325 
5 0.662634732608 -0.791563358617 0.429895833363 0.997389940541 0.0990947268698 
5 0.121606612102 -0.3767115939 0.818349825834 0.2781958037 1.32601941933 
5 0.305075143739 -0.523708523147 0.989014071364 0.167161865893 0.921224050676 
5 0.502831251981 -0.431840009313 0.941049178263 0.184240411105 0.850283802429 
5 0.430806767587 -0.632499439228 0.975933958499 0.224165276328 1.11902949426 
5 0.147469043976 -0.356972594153 1.22498782208 0.441157466629 0.544044607613 
5 0.834468317859 -0.0631479592032 0.474168956579 0.364639818354 0.927405540932 
5 0.732502987092 -0.700972397918 0.933573621267 -0.014854573309 0.740358103771 
5 0.518962455337 -0.922631851932 0.866243297861 0.123404451713 0.499251687296 
5 0.18263626665 -0.749505339332 0.974210390577 0.0145798425805 0.917834761312 
5 0.341997321625 -0.0359156690974 0.938789482815 0.158290356471 0.556552792441 
5 0.466876374331 -0.778003885084 1.23196668922 0.160937158836 0.711879081687 
5 0.790301296793 -0.182788597986 0.649810629662 0.27771527309 1.1734334524 
5 0.420870703877 -0.52756392468 1.25680119311 0.282682885771 0.710542979325 
5 0.47850742393 -0.699949429603 0.707553103834 0.0786057892781 0.942664791731 
5 0.758095194492 -0.25010385051 0.931117520071 0.635290140289 0.580088998591 
5 0.542791162267 -0.467527005549 1.20985116747 0.281679961501 1.05009761629 
5 0.468245579116 -0.788253569106 1.05754456723 0.161066422183 0.765262257436 
5 0.327627192846 -0.609448205332 0.903099086533 0.22336560143 0.528515128177 
5 0.794697264722 -0.690622158954 0.94393400334 -0.154248695907 0.960098422211 
5 0.728048816013 -0.390523769997 1.04230932883 0.399540414965 0.405280121556 
5 0.52611867569 -0.223445379396 0.947069896541 0.229482902425 0.781103917236 
5 0.768404069131 0.116753922216 0.928922058396 0.467864231937 0.788144519539 
5 0.552345798369 -0.9810183002 1.18239908057 0.199190188904 0.846272059507 
5 0.328308365884 -0.538529344148 1.09936901437 0.311369041874 0.647288159292 
5 0.32702374737 -0.702367731117 0.952105075967 0.135362396495 0.920568683509 
5 0.4075127925 -0.33623706167 0.740671561105 0.170522552345 0.644381594153 
5 0.571883380941 -0.440150630203 0.7605831398 -0.210313696249 0.891477728141 
5 0.405447462299 -0.624605336172 1.13348609966 0.391316269785 1.12777217755 
5 0.896342433137 -0.363335384228 1.23633614201 0.122382653811 1.16365949007 
5 0.239485953386 -0.775861468326 1.2405839618 0.21707150313 0.82434912931 
5 0.356790677968 -0.32849508617 0.923213099895 -0.00261943238542 0.669344740906 
5 0.47017041667 -0.463119243044 1.06248902537 -0.10271169552 0.781715128264 
5 0.417497799631 -0.500424917874 0.891641739783 0.399702095015 0.73924414255 
5 0.60989086287 -0.62446756989 1.01460301919 -0.371504239733 0.899106962799 
5 0.41027371969 -0.653419820422 0.851254461479 0.157515975203 0.633189523475 
5 0.663846685718 -0.596189150478 1.24071886202 0.554891832785 0.931678972599 
5 0.32891918908 -0.726712792235 1.14088596154 0.288832073494 0.805688032642 
5 0.406013619598 -0.290387606672 0.781275566107 0.425469015051 0.720037703923 
5 0.709103313279 -1.01365929203 1.06010943403 -0.0201417995957 0.550514296172 
5 0.219291852074 -0.556058637216 1.20028018589 0.548969214985 0.762283029567 
5 0.59719383757 -0.364735619157 1.1006740459 0.0442968009199 0.35992438335 
5 0.0257422479144 -0.725627269052 0.775406040517 0.39841541592 0.696993402935 
5 1.54493479473 -0.729337239448 1.20688865314 1.47111103029 1.27187978008 
5 0.747797619657 -0.207311000968 0.574961294565 0.213697643769 0.963558612724 
5 0.5117959282 -0.667081471528 0.499476142739 0.753534776118 0.752645820337 
5 0.536212065585 -0.80025503077 0.959049942546 -0.225658742919 1.24623045664 
5 0.566376693069 -0.56536075207 1.39267297637 0.297379464724 1.03578383203 
5 0.523008216871 -0.455385965528 0.593960875056 0.605136876146 1.02055880735 
5 0.553875224933 -0.393395607577 0.805146233228 0.285798493961 0.45990998477 
5 0.344846391262 -0.423589776543 1.03161851281 0.301785951465 0.531817337572 
5 0.0952517927058 -0.764932984681 0.809592362826 0.195009471768 0.58487692772 
5 0.6482154697 -0.399907090751 1.14886825638 0.245643609873 1.19977045015 
5 0.544864972501 -0.684766018382 0.889602791385 0.165142967864 1.03896602665 
5 0.264136056483 -0.813334847264 1.04546195008 0.0303874543451 1.00078614935 
5 0.434938809535 -0.48730039295 0.990392985131 -0.0598654737492 0.676507254667 
5 0.169222437622 -0.906522140707 0.795720593976 0.325154446831 1.21522877694 
5 0.716779670653 -0.237605580082 1.15833700049 0.143726256682 0.816889854048 
5 0.192169060324 -0.703041882482 1.37063491453 0.119250211137 0.860164429338 
5 0.232210872671 -0.505747242003 0.934471422887 0.275551195629 0.905377800601 
5 0.366546981303 -0.597919426659 1.02739994681 0.0231244350202 0.733956422671 
5 0.167085354263 -0.515422957958 1.12694792613 0.143446670115 0.841993516731 
5 0.249432974613 -0.686578947988 0.99453229831 0.303194812837 0.754064432034 
5 0.669850213188 -0.20079897347 1.08303229524 0.463054597213 0.654414406856 
5 0.401679621775 -0.342794391878 0.914534373041 -0.0294969398027 1.26372202487 
5 0.269846639055 -0.282028764412 0.849562775349 0.34628422353 0.527405067113 
5 0.805273121303 -0.514192423979 1.00683449951 0.567209890558 0.463116497113 
5 0.469799383895 -0.640950135821 0.864444694187 0.0297703620603 0.892882544206 
5 0.723383508363 -0.374126920573 1.26888375404 0.434521559758 1.00871692002 
5 0.730809154041 -0.422804380154 0.828279756412 0.267353267238 0.890405841283 
5 0.490411937606 -0.138459899615 1.3498068742 0.540714064335 0.891700117343 
5 0.172484586442 -0.567713117616 1.21326172475 -0.0192054635248 0.965108233426 
5 -0.0144574697676 -0.348978501522 0.836753591674 0.181291289602 0.846783232632 
6 1.07171373456 0.82644431931 -0.367101149265 -0.188875193826 0.452071450679 
6 1.29812254957 0.754886913172 -0.0544969670906 -0.254237067369 1.05183979093 
6 0.75602460686 0.747831413114 -0.299544547502 -0.66930377463 0.521619698581 
6 0.410230318006 0.427282909549 -0.711099121468 -0.558031157562 0.920125281962 
6 1.03594874041 0.616460164372 -0.213965212761 -0.865968675529 0.470600782365 
6 1.26652955721 0.613338524284 -0.353542877326 -0.428393304854 0.607349248721 
6 1.02379937054 0.698982290255 -0.265963314653 -0.422783643329 0.901481153817 
6 0.764893418814 1.00908052101 -0.485410000468 -0.613118919016 0.425516854168 
6 1.27769765938 0.964322503516 -0.0720010247736 -0.261854971419 0.528810498626 
6 0.800539764644 1.00672983864 0.207157032404 -0.575290193902 0.982503701747 
6 0.805344362787 0.506611501837 -0.0828677271728 -0.956453206932 0.77197867523 
6 0.963341098988 0.992461217441 0.247032696248 -0.554065695205 0.300016691086 
6 1.01988653426 0.786179530942 -0.693099206643 -0.563969853141 0.84751689369 
6 1.04714916572 0.722116624209 -0.43189829476 -0.794769497067 0.590702499053 
6 0.795127666636 0.591882302862 -0.307510973669 -0.303319723779 1.12724632288 
6 1.3910057647 0.711317077841 -0.604466057601 -0.975964197701 0.338302476357 
6 0.814410747946 -0.0785102263648 -0.305897541005 -0.54015174077 0.839606106802 
6 0.871693965085 0.451742726506 -0.314073561082 -0.650560066324 0.7777215954 
6 1.11235864324 0.737282480217 -0.311497897153 -0.343870493414 0.321493504147 
6 1.09567460359 0.884802145664 -0.264482855774 -0.379516432417 0.964871395492 
6 0.807211486454 0.881715048226 -0.437309709254 -0.760444342057 0.598170122262 
6 0.994848036871 0.855295793867 -0.534399411745 -0.679168508146 0.541015084112 
6 1.03854024678 0.614986435452 -0.297037741615 -0.567755022831 0.463174833406 
6 1.40265903409 0.999781465054 -0.522803464709 -0.58660669885 0.315682900494 
6 0.922024252822 0.913231323585 -0.140017250311 -0.458957097436 0.755557441386 
6 1.06847502944 0.605209448333 0.215240953213 -0.331667940683 0.893613462482 
6 0.703927072241 0.826327469108 0.0485633981582 -0.568418685436 0.83407779915 
6 1.10112824354 0.95811386835 -0.157979686754 -0.658244818733 0.650352406643 
6 0.940662071526 0.87676052595 0.233110804141 -0.485073425977 0.410670622419 
6 0.579973538602 0.994158086923 -0.37460771539 -0.891595694698 0.739755102482 
6 0.459800084348 0.638994022887 -0.0980978853636 -0.902316794008 1.02391914023 
6 0.896093107573 0.809603371453 -0.647380594836 -0.271188308293 0.631986758691 
6 0.858073754719 0.479196764672 -0.236580308032 -0.466822271898 0.383297232883 
6 1.15207479106 0.54121023318 -0.137233769602 -0.574453161228 0.341159508132 
6 0.958149040253 0.545452520932 -0.42453938991 -0.607646695191 0.503536989407 
6 0.684786731519 0.940159324448 -0.248299362923 -0.844551097396 0.319244314557 
6 0.886714382768 0.507801517365 -0.366561783255 -0.850846558256 0.295349112443 
6 1.3323071054 0.928110941321 -0.183755397592 -1.01348481207 0.672551773821 
6 0.805779716229 0.676646265237 -0.177644010952 -0.773870875596 0.398251873156 
6 1.01793317124 0.837273391662 -0.23414118258 -0.662009122889 0.770907456156 
6 0.776173757616 0.683484918927 0.0511737767791 -0.499276941649 1.09475169122 
6 0.919639522097 0.818532562555 -0.0921642468523 -0.378586813632 0.671865174514 
6 0.746024662401 0.538792556687 -0.0800251717625 -0.75518713121 0.429736254583 
6 1.32452799594 0.689688689408 -0.540156775643 -0.667183565006 0.827754536535 
6 1.16782401273 0.787747398958 -0.520531385419 -0.525439818431 0.524536746405 
6 0.917136330467 0.851629269513 -0.496124673276 -0.439640473284 0.221572324589 
6 0.433343098815 0.200752094055 -1.1806304573 -1.80668662841 0.499467244671 
6 0.952897216184 0.90374063888 0.0372770611204 -0.810081965191 0.399783342834 
6 0.873525507611 0.655991888358 -0.0521822235903 -0.434378864843 0.685963553396 
6 0.715985540852 0.906525894131 -0.153701713588 -0.728094734954 0.412029292758 
6 0.785312284333 0.229778553283 -0.462812376175 -0.0991563716609 0.900916718155 
6 0.738368100183 0.809691878511 -0.177678921318 -0.4299439598 0.670089606438 
6 1.35208938809 1.03748622354 -0.188470158521 -0.308443300013 0.454626628048 
6 1.35391921258 0.592567397764 0.0642114623618 -0.695947968806 0.522997828609 
6 1.4048472202 0.777545128594 -0.694941004978 -0.557063074392 0.915393258674 
6 1.21631682448 0.515989299161 -0.319194150262 -0.566411217824 0.895766406859 
6 0.965772666644 0.565724721378 -0.146060802067 -0.83778635856 0.533077067822 
6 1.17723853918 0.597156800986 -0.73698722697 -0.6941877556 0.778248680393 
6 0.922202758774 1.19417472803 -0.127059257655 -0.573969976266 0.704509955993 
6 1.00580245179 0.643881433458 -0.397590345507 -0.65307839656 0.354872158037 
6 0.793382975929 0.756393586244 -0.336688667931 -0.880644030488 0.213164901283 
7 -0.640803588519 -0.960227945863 1.34753995554 -0.0904309092841 0.218066689695 
7 -0.854515081849 -1.00808228604 1.20368570492 -0.220097268734 -0.229972269062 
7 -0.930451047495 -0.143240317396 0.890872583022 0.146682504157 1.1826970431 
7 -1.02292487839 -1.2813862819 0.591118766104 0.57404731087 0.425832362259 
7 -0.675130202463 -1.14186068016 0.896375326778 0.00261784449273 -0.464903998687 
7 -0.562941742047 -0.937003686789 0.757276657398 -0.0037970539668 -0.00191824188483 
7 -0.628250155999 -0.962233996388 0.911702578373 -0.140908369328 0.323105608684 
7 -0.224724840999 -1.0079537993 0.827776744124 -0.45619624979 0.234538612127 
7 -0.77871137482 -1.06520980407 1.06237298437 -0.174804282992 -0.204505860421 
7 -0.525880447289 -1.05796664128 0.61731202597 -0.107448315152 -0.179377373863 
8 0.616331527448 -0.126829291422 -0.327581831201 -1.2546620546 -0.355031896771 
8 0.332316078832 0.46532349024 -0.50879085637 -0.902970841986 0.0403147976683 
8 0.352845262139 0.201366842106 -0.625049059238 -0.735706727404 0.176584527647 
8 0.0640475177199 -0.0842343432294 -0.427811398262 -0.846817894095 -0.145389429197 
8 0.536498957144 0.0739071252755 -0.751897989164 -0.693984820585 0.0893269833736 
8 0.455208728649 0.176022730635 -0.502717185417 -0.955642133793 0.0477221955216 
8 0.131575480064 -0.152167707857 -0.527407772456 -0.933768081236 0.275653384933 
8 0.355462887817 -0.424700742225 -0.704445415738 -0.75291165273 0.530900106175 
8 0.105862190928 0.370051465865 -0.616792716153 -0.482475665075 0.0184953800671 
8 0.25254876403 0.194686629905 -0.064164602208 -0.753045269651 -0.164657716518 
8 0.426388861236 -0.191364770351 -0.649559565398 -0.871835426001 0.160884291309 
8 0.575221034491 0.278951419436 -0.295028102459 -0.771749073453 0.0609865494906 
8 0.180414822554 -0.0285460616987 -0.198615677065 -0.730881338005 0.679261011694 
8 0.666689404023 0.0232748540388 -0.635545967296 -0.629198078425 0.0722321671473 
8 -0.374860701461 -0.201030734294 -0.527066268271 -0.656552748285 0.305448851346 
8 0.776962903824 0.120970543902 -0.203897496774 -1.20167490206 -0.350453170023 
8 0.307542526539 -0.00524857657765 -0.361354976984 -0.690833718046 -0.236810592789 
8 0.010562050125 0.184584018482 -0.420258529136 -0.184922640678 0.0371536131954 
8 0.72027934098 0.482954211761 -0.754299636271 -1.17898447504 0.0906600800431 
8 0.203805311004 0.115678925455 -0.353648783585 -1.30465222897 0.454163356977 
8 0.122007695682 0.0906486211826 -0.349257389994 -0.7041364391 0.0934312605188 
8 0.265514766086 -0.0795819718295 -0.179664055161 -0.96685988447 -0.19042286474 
8 0.103304349605 -0.0232102088217 -0.678246750495 -0.757482594699 0.050126722006 
8 0.403795930481 0.0160580141717 -0.533245501385 -0.616329241224 0.248828281197 
8 -0.107815922413 0.306276754519 -0.685414425795 -1.02024153039 0.0265220991827 
8 0.369545248974 0.00180466642986 -0.377085021344 -0.963089116924 0.0773456464796 
8 0.279806731479 0.3079459865 -0.595133302744 -0.973503626004 0.386763829672 
8 0.0658494752646 0.291540691447 -0.411335448409 -0.65750225767 0.14709577014 
8 0.416324609034 0.223795805737 -0.712923419073 -0.730605107697 -0.0744855992616 
8 0.0768540689506 -0.176860695178 -0.540762360238 -0.645767309199 0.713698423984 
8 0.284325334491 0.220812382066 -0.334811574107 -0.843058216124 0.541594176756 
8 0.150032785582 0.508251385227 -0.524320065956 -0.737724372045 -0.0848298566945 
8 0.595909475553 1.40800445375 0.00618055659186 -0.439300280666 0.250251705992 
8 0.234159686062 -0.0855545953266 -0.452411766063 -0.511224103286 -0.0438494383799 
8 0.318298522309 0.153455644896 -0.317736041295 -0.796743654174 -0.191985810998 
8 0.643659219258 -0.113244322944 -0.689403178545 -0.362731863411 0.111293402891 
8 -0.0195275292789 0.0826207643899 -0.62210848496 -1.30502451168 0.00965186714217 
8 0.361298810402 -0.171804703094 -0.421341443131 -1.20080218398 0.0238464139425 
8 0.168104947084 -0.386444770946 -0.542178913401 -0.869773838223 0.357245282422 
8 0.39194605624 0.0571955842758 -0.420157816198 -1.18752081293 -0.000895250361674 
8 0.327007714127 0.0134755973757 -0.281721561148 -0.787629344385 -0.318212675492 
8 -0.382036488308 -0.225579175635 0.495482141237 -1.54173087199 0.104136342981 
8 0.172750434769 0.0128132759161 -0.117979487215 -1.249700011 0.0447469885315 
8 0.565169471214 -0.0415151084964 -0.421659105166 -0.629564354869 0.144101666741 
8 0.198297771788 0.0850809567829 -0.442687458581 -0.884365065682 0.464502770295 
8 0.406495719896 0.147575761923 -0.846781508747 -0.843139992782 -0.31405533126 
8 0.538351203698 -0.104115600226 -0.667043121632 -0.949068851033 0.392938728307 
8 0.559088086832 0.119870916154 -0.497046011477 -0.64685797971 -0.332148947698 
8 0.211299269026 -0.220492523727 -0.659243685986 -0.776300364087 0.167959537986 
8 0.243866734454 0.194190877728 -0.0773869817424 -0.958171318069 -0.1671241964 
8 0.413423264855 0.336890224004 -0.3606095159 -0.715434314633 0.279015491991 
8 0.0393937537238 0.0612426641354 -0.420047723967 -1.04963719609 0.207468715998 
8 0.00222502232913 0.245838629892 -0.658317155227 -0.602559764301 0.189332633775 
8 0.127709043421 -0.697610433668 0.507578861858 0.097524781198 -0.464864465036 
8 0.56353333615 0.172724129027 -0.424062351361 -1.08301860362 0.221391866194 
8 0.193699974157 0.446412142739 -0.821280249622 -0.856396250502 0.236574586929 
8 0.158638319206 0.204730388032 -0.524905962361 -0.702633296479 -0.0230616463078 
8 0.36652354637 0.0882215746557 -0.613748841574 -0.518097732805 0.220847157406 
8 0.161765890557 -0.155093196429 -0.580772872486 -1.07145315607 0.23282166592 
8 0.622771339476 0.614253392164 -0.442644658802 -0.282091503241 0.362025115565 
8 0.232674845719 0.161007555996 -0.657435527743 -0.947082247643 0.280791759032 
8 0.290780955332 0.220841304511 -0.665083299788 -0.779624308057 -0.0320920439802 
8 -0.115419158849 0.212482212799 -0.346229661166 -0.815583372914 -0.283035464191 
8 0.530750088321 0.151116896553 -0.544837863509 -1.20464158398 0.245128859408 
8 0.5066882205 0.113760285628 -0.224913301759 -0.398858076406 0.390312537721 
8 0.517024906882 0.123068279491 -0.634270308392 -0.903251285335 0.496311560499 
8 -0.0607213028783 0.126774777472 -0.374125363839 -1.11255189411 -0.0703010508108 
8 0.885584487902 -0.0886473518369 -0.466667469033 -0.871514212149 -0.236789269631 
8 -0.287414350305 -0.262006046219 -0.60342744406 -0.998839638172 0.21694200067 
8 0.653521822431 0.388762559855 -0.546772776062 -1.52480628453 -0.741196329016 
8 0.552284306332 0.206971486672 -0.0797046177244 -0.921692890204 0.25464161105 
8 0.29875730909 -0.0346671468302 -0.464488198518 -0.732052374357 0.307282425692 
8 0.157076261529 0.0400585102984 -0.170684474594 -0.62550986568 0.254133725065 
8 0.327103978324 0.493600766893 -0.496904163157 -0.81144679158 -0.14266937454 
8 0.509826741755 0.0637391063817 -0.415216764165 -0.624080385776 0.0541292698935 
8 0.416976865736 0.291720614363 -0.365521305296 -0.766527150333 -0.213533705853 
8 0.123347974023 0.218759916795 -0.50628852618 -1.13304208145 -0.0149220745337 
8 0.400720642186 0.368126551533 -0.790654705713 -0.881236576866 0.0894810798649 
8 0.330802769603 -0.00766108458296 -0.534103420768 -0.91258409478 0.0680076268893 
8 0.13421091946 -0.299299791482 -0.551786090927 -1.0452333727 0.0662239770035 
8 0.349381102553 0.11163864465 -0.571996157341 -0.688562340856 -0.10029496643 
8 0.479759128439 -0.0300817106272 -0.732134676827 -0.996705699202 0.101376352529 
8 0.0784982213524 0.369606583418 -1.40336039334 -0.689604118725 1.00467659886 
8 0.343517014749 0.0094616506395 -0.673020374757 -0.720839892807 0.0661829691705 
8 0.630212781607 -0.0744961338506 -0.429662483914 -1.07955632764 -0.204232498475 
8 -0.112042917563 0.0357955296412 -0.67416343527 -0.747511898636 0.353666244418 
8 0.21355185261 -0.270667408896 -0.0818997473364 -0.814165066272 0.142697686935 
8 0.120796500559 0.260694566085 -0.208662921507 -0.680250686586 -0.0354234645943 
8 1.08333505466 -0.308895490663 -1.49722043061 -1.40338519737 0.0524046619766 
8 0.0183845414212 0.109250824275 -0.520023363386 -0.722611033983 0.144947615198 
8 0.443746807914 0.283002062236 -0.866727747624 -0.925599307783 0.135671367748 
8 0.429706332035 0.00739297551289 -0.458487236868 -0.819846277399 -0.383051578143 
8 0.237479677016 0.0448767955335 -0.984862614515 -0.303178554779 0.295952223724 
8 0.347465483 0.0289684734359 -0.791637416856 -0.747519430156 0.302678149148 
8 0.513097925797 -0.0335157118134 -0.489642204499 -0.737538253716 0.326439909048 
8 0.810646998357 0.283720850642 -0.238249665666 -0.854622044155 -0.0465802312861 
9 1.08141105696 0.457033920772 -0.661780028881 0.249667693771 -0.621821151514 
9 0.759937756681 0.788444388056 -0.520029625288 0.420407314507 -0.356834113004 
9 0.76736661402 0.617272659244 -0.443014399071 0.422077186118 -0.305752769438 
9 0.776513848311 0.585794133049 -0.67441272803 0.575841425804 0.0568815434691 
9 0.573648813804 0.592304807019 -0.20711408634 0.377853262993 -0.478196860196 
9 0.292589126468 0.639387620528 -0.269069705342 0.723455110391 -0.355131455272 
9 0.766753350564 0.421610618629 -0.486390319572 -0.0212081383798 -0.222284516212 
9 0.587197899201 0.747096918366 -0.235135767172 0.405340893119 -0.614952308532 
9 0.538795461163 0.453869507129 -0.613748727502 0.600685981562 -0.4596401266 
9 0.409085127862 0.378035547545 -0.534537912893 0.711884005321 -0.164391695742 
9 0.497435576911 0.577560228438 -0.561477018318 0.576006013379 -0.187624900192 
9 1.09317684785 0.872096529381 -0.673304396633 -0.0553468017547 0.0643337744349 
9 0.558715654966 0.351239631518 -0.721097324827 0.312715590309 -0.387838712065 
9 0.293666210451 0.908907274576 -0.303138119044 0.526378441341 -0.0776530869585 
9 0.567024419616 0.929704074448 -0.564837449987 0.468720409707 -0.172371430502 
9 0.480127346887 0.885896679016 -0.353139201546 0.366726312394 -0.383963308508 
9 0.350617298066 1.01424757654 -0.859491117613 0.289480374152 -0.157416108618 
9 0.147068052555 0.789214969509 -0.305466483228 0.595388678202 -0.399011603694 
9 0.822326834099 0.761599219126 -0.235790535768 0.534778277855 -0.167419899285 
9 0.307741203782 0.655206712425 -0.178541396503 0.889256165984 -0.184874219814 
9 0.570065117563 0.857535418172 -0.617187051302 0.186769499843 -0.255088436583 
9 0.651645219527 0.414021746094 -0.601730613301 0.678953056676 -0.333052597874 
9 0.683419022428 0.948844851157 -0.796162840148 0.753970424067 -0.481775656678 
9 0.69436393163 0.740281305543 -0.786575020397 0.587009638392 -0.326465532207 
9 0.670613797421 0.633707033603 -0.477897852312 0.372302962095 -0.238635582465 
9 0.342995887335 0.644505920687 -0.670588869774 0.714985428521 -0.301221019552 
9 0.91588705655 0.853918981941 -1.01314899473 0.522991697902 -0.293704314834 
9 0.629901296681 0.524025814692 -0.698077606143 0.296256192965 -0.637157291655 
