0 -0.0598753089217 0.329359125709 -0.585186469825 -0.482891226529 0.669588513088 
0 -0.225072924341 0.0208419420718 -0.360150265864 -1.04288495716 0.565220505309 
0 -0.221111958121 0.0960188787079 -0.479792820906 -0.381479645014 0.676195259512 
0 -0.286535940155 0.542722114429 -0.424792411309 -0.780888250943 0.63010135476 
0 -0.0532981999864 0.41934661961 -0.120527832451 -0.833208457831 0.629358195212 
0 0.123390826168 0.193899666133 -0.40396280038 -0.988655960347 0.323401014299 
0 -0.350273685943 0.370950393242 -0.471231736696 -0.762770623955 0.638315446747 
0 -0.239111145144 0.614915190276 -0.419916180963 -0.600300016455 0.504084476667 
0 -0.471859592858 0.507639229406 -0.850643548669 -0.667641732392 0.195050454824 
0 -0.362804725276 0.0969268796976 -0.648218779114 -0.613508116154 0.385498986862 
0 -0.392737770004 -0.0466307326974 -0.66410094419 -0.765997037261 0.555719795686 
0 -0.248410629977 0.193385291652 -0.500330937268 -0.713060438725 0.446969846292 
0 -0.153301088139 -0.243694092885 -0.210397002506 -0.622179517558 0.174888790407 
0 0.0961233781912 0.333133562512 -0.418397561015 -0.890272317619 0.289025640804 
0 -0.0876279887888 0.156123768886 -0.219678027549 -1.00633024218 0.813167097848 
0 0.118013458096 0.498079623086 -0.128804639565 -0.718079169861 0.493037270255 
0 -0.150101455102 -0.0727068924385 -0.452252693217 -1.01591688153 0.41942703154 
0 -0.496973626491 0.63811745614 -0.295084340525 -0.965886977915 0.387473593946 
0 -0.120007765442 0.460623629223 -0.181618234744 -1.19312314256 0.393747846398 
0 -0.0354837219398 0.147641086771 -0.42947906191 -0.8732761666 0.484968777025 
0 -0.213800641807 -0.000368417174405 -0.299604140344 -0.939214865045 0.434466741624 
0 -0.187092384761 0.477837263865 -0.480997758468 -0.896779301111 0.171385568396 
0 -0.171941268433 0.558832183077 -0.259204725324 -1.09946153091 0.314924061423 
0 -0.362793234822 0.225799958505 -0.395160423565 -0.829148972952 0.0219086612385 
0 0.0434504206947 0.126053472945 -0.334554058205 -1.25192494104 0.292396888176 
0 -0.160681525827 0.358828427849 -0.636983295981 -0.797676267715 0.525094877906 
0 0.0304286641826 -0.165104665295 -0.768384509951 -0.81665840812 0.655341213138 
0 -0.397129975387 0.403861086901 -0.467983260767 -0.702990976512 0.336486037167 
0 0.00409088036276 -0.285864915366 -0.787656032678 -0.72076885724 0.335561484565 
0 -0.640895123568 0.0486241434091 -0.632528553246 -0.40602583454 0.310560229376 
0 -0.0950716355359 -0.0750836006368 -0.076775743981 -0.649637321723 0.303633317349 
0 -0.379292378701 0.00405467493064 -0.285991604974 -1.17169587471 0.568385977642 
0 0.0526248307716 -0.102569245864 -0.126563115803 -0.805180282152 0.996151334676 
0 -0.139837867523 0.211537774221 -0.316805670262 -0.871633265334 0.474686548246 
0 -0.0601113370906 0.233733458017 -0.449450617383 -0.596449843686 0.384053081153 
0 -0.403820637061 -0.00420115017537 -0.386101332832 -0.667909151579 0.584980745104 
0 -0.235982907706 0.123541152257 -0.10438637686 -0.860612576141 0.648198586954 
0 -0.0544687635688 0.540271651014 -0.126922260506 -0.642112440976 0.00631093056743 
0 -0.493528643193 0.148450157636 -0.730588531747 -0.961535233838 0.78910470553 
0 -0.324520263456 0.484068087847 -0.563698753075 -0.842364096632 0.68647719916 
0 -0.548757915703 0.151916402199 -0.0293530670734 -0.838961663287 0.339200029471 
0 -0.438971284668 0.16080519164 -0.0996095697391 -0.493180874134 0.233116630723 
0 -0.514501850089 0.129352471402 -0.355253320188 -1.18034582438 0.110081647981 
0 -0.505808090955 -0.156372223402 0.108219669456 -1.07778573946 1.00883202294 
0 -0.159936212989 0.0737483760956 -0.340766943807 -0.749863017033 0.501109012431 
0 -1.01662516627 0.425912090107 -0.177185131434 -1.08410973799 0.626049543424 
0 -0.187603366311 0.255147605499 -0.118027825356 -0.804968715588 0.381653813583 
0 -0.355612549537 0.0321602402276 -0.65465289787 -0.886843532729 0.3910506871 
0 -0.587374090347 0.0889539094873 -0.175430174584 -0.99984691494 0.467449429852 
0 -0.0597325269373 -0.212248292205 -0.512610922032 -0.86835689843 -0.165944654715 
0 -0.40623166858 0.183941085554 -0.213960937166 -0.724212706039 0.239715772342 
0 -0.230407735103 -0.094545256179 -0.748030406495 -0.920427976916 0.27045508297 
0 -0.355638318384 0.495345458604 -0.564360655512 -0.625013492734 0.431488307696 
0 -0.310617073268 -0.00662025541188 -0.337457273551 -1.04952918101 0.341846530183 
0 -0.158766154052 0.541468298366 -0.587057346135 -0.906462549404 0.408717684102 
0 -0.141760589297 0.620303020123 -0.177412214832 -0.752105119774 0.150562727892 
0 -0.703326587558 0.590602513548 0.00880325879382 -0.405407921233 0.378710556942 
0 -0.699705043397 0.362800576804 -0.201295785275 -1.03500726226 0.478357547661 
0 -0.0803141748024 0.224799597489 -0.831663194328 -0.610813067868 0.378472889781 
0 -0.56387605963 0.121127871532 -0.202926020735 -1.104067346 0.2978709643 
0 -0.424430734616 -0.021298410021 -0.340292836057 -0.877545313597 0.617141899436 
0 -0.456571164382 0.282730772882 -0.451154500515 -1.14069634811 0.230196687843 
0 -0.23135011529 0.34633767793 -0.043876022762 -0.62851246401 0.140743831871 
0 -0.626896012457 -0.0671829636394 -0.203413485081 -0.938247725974 0.283743530712 
0 0.00554768609157 0.121606656944 -0.499140340883 -1.06579551386 0.634542916496 
0 -0.477286989956 0.0281209122548 -0.301064014547 -0.733900262791 0.00241676047349 
0 -0.457962709956 0.297379569118 -0.38611745027 -0.658157407565 0.190806100631 
0 -0.231513101161 -0.0285244563897 -0.479989549643 -0.807360787299 0.532205127103 
0 -0.193952918237 0.214637939809 -0.384898890568 -0.838645884226 0.148160102546 
0 -0.426661061259 0.493878263695 -0.614870732755 -0.699972076157 0.551163222517 
0 -0.620582386522 0.533759501571 -0.461628946559 -1.12268911886 0.638445216817 
0 -0.289752997126 0.0956678298331 -0.526339457918 -0.677847394651 0.118038945894 
0 -0.206769864917 0.274988994872 -0.150362892326 -0.892824353829 0.390439066552 
0 -0.453993743035 0.258670245221 -0.371911655281 -0.695287140252 0.48922703289 
0 -0.403870372986 0.48701073232 -0.197816142055 -0.968558047671 0.591128587949 
0 -0.135584177056 0.521014515499 -0.759042562367 -0.570462596044 0.472825228563 
0 -0.145836904651 0.213177746807 -0.517676806841 -0.601064861002 0.735196751519 
0 -0.601433270087 0.207086012574 -0.438502277618 -1.00349522687 0.412951283541 
0 -0.0123162384504 0.0378797867997 -0.158564351152 -1.10354750598 0.49308510116 
0 -0.0383975608467 0.699965311526 -0.377469333292 -1.22876628148 1.06771804512 
0 -0.278767690742 0.457160443045 -0.104608916536 -1.07909362012 0.3503513055 
0 -0.0175615998983 0.639593910282 0.0346978803572 -1.40867550977 0.946068829223 
0 -0.563146938857 0.0871681268658 -0.213643723994 -0.988409892561 0.340626293962 
0 -0.461588693202 0.31261079308 -0.207859522596 -0.780938353073 0.654890279983 
0 -0.0714770721058 0.165252673557 -0.4226769885 -0.957419330931 0.416136720888 
0 -0.0243810916778 0.447671938358 -0.391053470323 -0.804589874492 0.57937608116 
0 -0.463722073966 0.227477693231 -0.403538417841 -0.921959626299 0.118427231561 
0 -0.375462083594 0.557284629204 -0.156297159385 -0.784198060009 0.28671236077 
0 0.0408379996442 0.210651090022 -0.210420342424 -1.09202417502 0.267606830289 
0 0.16699693759 0.16897336226 -0.130234857125 -0.575428515285 0.42463510874 
0 -0.316153841908 0.204075500878 -0.459438210603 -1.00092349923 -0.0244202062124 
0 -0.254266032448 0.366813892146 -0.651951415833 -0.520565224586 0.354664564599 
0 -0.436004576355 0.192421192042 -0.442934851388 -0.911195170865 1.09230383284 
0 -0.368746133402 0.0326278833037 -0.796903793187 -0.756937353463 0.291402050787 
0 -0.0726718479701 0.145116956817 -0.249995818654 -0.328376518418 0.465733855977 
0 -0.0697944942897 0.26270016293 -0.181211592929 -0.838257978511 0.53768563719 
0 -0.160803767876 0.0174654175556 -0.608053118766 -0.888662284975 0.991282044952 
0 -0.266928252322 0.00864137325516 -0.517789119985 -0.914105388118 -0.0993164148528 
0 -0.0338528176371 0.279511296359 -0.392931629223 -0.892579289193 0.817860248168 
0 -0.150124076319 0.199458595476 -0.0522614956538 -0.847441088764 0.984334313285 
0 -0.544595353205 0.285609464637 -0.512398713739 -1.19733490884 0.523952842778 
0 -0.380131135383 0.155453310028 -0.114978523622 -0.883074257202 0.246240762045 
0 -0.281237567687 0.307419397715 -0.535634432131 -0.665836108336 0.408457306326 
0 -0.413857640723 0.13629142663 -0.536281268716 -1.03408870016 0.553659258904 
0 -0.337674467025 0.224918027157 -0.771594192391 -0.757374930001 0.529224660712 
0 -0.12436668615 -0.208201525922 -3.38504279315e-05 -0.799881527424 0.185876956868 
0 -0.259277427119 0.443359251334 -0.0070620264031 -0.771084605326 0.626704472032 
0 -0.7463457436 -0.0270433747086 -0.109568078633 -0.807415850251 0.393379882638 
0 0.0665949674477 0.342723558991 -0.303581049001 -0.871462218483 0.263136371685 
0 -0.406378235327 0.173328383223 -0.278885322508 -0.758716002386 0.353128824218 
0 -0.309786399453 0.17753765994 -0.434380109077 -0.785632673557 0.56377761672 
0 -0.442141652954 0.146613099434 -0.274294641693 -0.831192326642 0.155815252594 
0 -0.164222102346 0.311609697514 -0.722464570236 -0.989034054238 0.385392617987 
0 -0.245842756228 0.390093830782 -0.462839508254 -0.840458515656 0.418999070505 
0 -0.264325681693 -0.0653250470978 -0.526423379707 -0.602765846001 0.599035377836 
0 -0.419596225131 0.337909096584 -0.411475458672 -0.354833609246 0.351745000183 
0 -0.227244912723 0.436027561539 -0.424327893905 -1.06215247624 0.0599577715919 
0 -0.923251025987 0.328556109782 -0.58536695286 -0.772228069217 0.340025627206 
0 -0.243888050309 0.408471763205 -0.0356577429774 -0.630914323886 0.673098616249 
0 -0.477442150183 0.0823597440384 -0.311869574414 -0.938069290244 0.537204596344 
0 -0.404829121447 0.534569963651 -0.217990537234 -0.633420369913 0.931216783556 
0 -0.225099895523 0.215062460426 -0.740828136634 -1.23534031078 0.350737968523 
0 -0.312604178014 0.0243235904164 -0.0421315425877 -1.02896301219 0.774269931189 
0 -0.400022426753 -0.0490903947626 -0.666572719008 -1.05623389368 0.662222939382 
0 -0.176445493782 0.389901036525 -0.576959589539 -0.818950335801 -0.0140851134169 
0 -0.238327584645 0.659234422734 -0.484728691536 -0.594344521819 0.390281543703 
0 -0.280097492909 0.398552085339 -0.357784524068 -1.03753566586 0.42394530191 
0 -0.459101280404 -0.229842409026 -0.386549676585 -1.07236662273 0.35986913103 
0 -0.127623996399 0.260423686382 -0.231802303278 -0.651092740201 0.312412992774 
0 -0.687027584894 0.31271386916 -0.265051968268 -0.569554702481 0.177801520019 
0 -0.433078098756 0.138166728212 -0.464613027393 -0.616239712907 0.637330906818 
0 -0.557554082024 0.264633696698 -0.274342515506 -1.00412605587 0.22865875257 
0 -0.214867726555 0.18660630867 -0.599438731611 -0.612980193873 0.628590947118 
0 -0.381026906073 0.42007954018 -0.84502290023 -0.757272602563 0.122740103722 
0 -0.0441300645665 0.301090444973 -0.152685561182 -0.485308454703 0.426763210383 
0 -0.536053359952 -0.0457939356014 -0.062420737732 -0.724710531087 0.676162479272 
0 -0.330020214776 0.372741704166 -0.73558369883 -1.01652258967 0.723506850171 
0 -0.212572516998 0.326413290085 -0.718970764532 -0.859196933295 0.42529307558 
0 -0.505366915949 0.407241687822 -0.563357445778 -0.911811500483 0.409469126637 
0 -0.246276400137 0.251231758064 -0.742455644012 -0.747968426542 -0.00635549599389 
0 -0.0889628220818 0.152531023073 -0.303153157353 -0.891521337798 0.158930390105 
0 0.0102476301632 0.538229533716 -0.553202087895 -0.643222528926 0.607924145922 
0 0.169685152106 0.0980776414218 -0.531264723209 -0.672251026564 0.559890275569 
0 -0.667789238538 0.177530063224 -0.980844644929 -0.961367536161 0.633113937103 
0 -0.18130057572 0.458932481661 -0.397933243861 -0.814683599938 0.541771803221 
0 -0.39074589391 0.139331637486 -0.411611099929 -0.538175600434 0.432305872124 
0 0.191043845148 0.457009652155 -0.42768079666 -0.967812087095 0.419916291274 
0 -0.356082639511 0.382337099371 -0.652814168319 -0.64829605336 0.365861433242 
0 -0.0741210596273 0.400871975466 -0.506060618804 -0.701696825156 0.622700161418 
0 0.165775727394 0.307686344395 -0.459138806315 -0.92683095038 0.0251183209484 
0 -0.313491146686 0.284803069273 -0.285121312994 -0.969553497432 0.3279120025 
0 -0.317437908207 0.0988640222885 -0.351804172731 -0.696818759239 0.515490880571 
0 -0.334621869173 0.187540039464 -0.570046900554 -0.815344710693 0.988701623903 
0 -0.426964362526 0.487170851395 -0.324970110006 -0.595437851631 0.30899738244 
0 -0.14724610824 0.128605825274 -0.640145827292 -1.07238645111 0.460234912779 
0 -0.582168961353 0.0543612451835 -0.349828437075 -0.710930145504 0.295927517492 
0 -0.230500521965 0.490151733158 -0.683258998378 -0.52995522709 0.646916761458 
0 -0.371511112579 0.148658530589 -0.268026095522 -0.82149284365 0.613208909566 
0 -0.485706177982 0.0637788414937 -0.368151173895 -1.11026184506 0.338207801185 
0 0.158835663862 0.291880033898 -0.379125576168 -0.696724248348 0.162577711587 
0 -0.458955348061 0.363122561908 -0.141511868718 -0.802922604957 0.181850481366 
0 -0.0227155665303 0.254006746276 -0.355975108503 -1.04150396267 0.35125700074 
0 -0.221321505516 0.174535021131 -0.569595753806 -0.984736870931 0.254748036299 
0 -0.610988829903 0.187871871349 -0.515580164648 -0.581648275801 0.461709859816 
0 -0.434358817134 0.0294602310308 -0.421868485443 -0.64161384483 0.76460617847 
0 -0.381832179219 0.0679491306339 -0.764159547839 -0.515683505255 -0.0467601873079 
0 -0.355502559017 -0.246425236175 -0.19416640254 -0.893393568197 0.236088982146 
0 -0.189948293002 0.328321276183 -0.393884128443 -0.668407746706 -0.00861475807531 
0 -0.552884778627 0.156062322459 -0.47393785514 -0.830914571165 0.143471521666 
0 -0.51452168172 0.266686946551 -0.422701639084 -0.825356811615 0.474457896735 
0 -0.057784002086 0.00508791534963 -0.271948144681 -0.827582299703 0.36499457448 
0 -0.197102574204 0.414950057526 0.16928668359 -1.05567001428 0.353483211428 
0 -0.154425485482 0.227561574093 -0.736531586252 -0.871820302369 0.610965254382 
0 -0.341368528476 0.158039593546 -0.340745293435 -1.05822125317 0.533457113086 
0 0.0344022616354 -0.0159203926963 -0.520835028558 -0.636879178251 0.367789334873 
0 -0.0976767935494 -0.162553633386 -0.570234592955 -0.779266789253 0.450995376741 
0 0.132498797942 0.130079440407 -0.521076943793 -1.00593424289 0.826727952023 
0 -0.340303494884 0.0400207712137 -0.350097579835 -0.756654995008 0.235200878338 
0 -0.422320622044 0.34225097519 -0.358286476842 -0.71382090147 -0.0296798807119 
0 -0.0466886334809 0.21783240863 -0.888802237855 -0.354038922038 0.343990417671 
0 -0.465497543314 0.419337255848 -0.230845131297 -0.591749578979 0.478476815202 
0 -0.346615569212 0.26891526559 -0.175579151751 -0.419792438072 0.368272328469 
0 -0.197700694639 0.240164054198 -0.488643975946 -1.17611535616 0.153943379392 
0 -0.284657277678 0.21873642056 -0.453232879417 -0.861998734068 0.319675101945 
1 -0.725538507375 0.970262526945 0.738694766157 -0.299090262889 0.441593440739 
1 -0.151847069979 0.639284431764 0.789106699448 -0.141064228578 0.333690745071 
1 -0.685769161677 0.841051713818 1.19472815767 -0.384591701023 0.148970701598 
1 -0.615712255553 0.623424497412 0.814659120419 -0.698391158468 0.443960569513 
1 -0.501703388009 0.316441519236 1.01681382398 0.00605271303777 0.485682216252 
1 -0.415430644196 0.868407608539 0.879968031985 -0.502692829641 0.108558694643 
1 -0.300291866183 0.396023249986 0.768683575982 -0.330909979637 0.717647985811 
1 -0.80510643678 0.569881738669 1.04597922552 -0.153478657508 0.766366697508 
1 -0.700054460742 1.00640997294 0.886991345552 -0.408682000118 0.447553685454 
1 -0.752642053804 0.385874073503 0.89936518301 -0.224627895791 1.10001496471 
1 -0.327295695645 0.676905995211 0.580293515149 0.0222593230262 0.584407284185 
1 -0.06669442973 0.535321381505 0.905465995461 -0.512479320058 0.78814745539 
1 -0.592752322284 0.769333899168 0.602124395516 -0.586676607926 0.499895994373 
1 -0.298105330298 0.353147418813 1.494594927 -0.165524337677 0.0857184226857 
1 -0.940952094877 0.926268957578 0.84532949385 -0.417099761172 0.887447624536 
1 -0.665376872073 1.01656213634 0.666895323692 -0.205406583846 0.665011808342 
1 -0.692862816598 0.781291340878 0.844204328565 -0.271813961796 0.590119718341 
1 -0.976728252085 0.503750861826 0.979174018204 -0.436742814637 0.808181669439 
1 -0.761720386749 0.780276092772 0.79681469251 -0.119585448008 0.750438829291 
1 -1.01415931425 0.400261948178 0.849539360645 -0.415792314643 0.43234919692 
1 -0.71233558497 0.72033870817 0.57276000955 -0.53438272761 0.733587723409 
1 -0.733653436655 0.682198388839 0.774899674937 -0.628804272052 0.0993301449324 
1 -0.808616433551 0.859205880936 0.535860960765 -0.439063386877 0.753835846435 
1 -0.86518412785 0.560944256211 0.443750857467 -0.417980620587 0.26074648775 
1 -1.25219868131 0.570864701871 1.03456324175 -0.284410267475 1.00635518883 
1 -0.422771751356 0.73309896903 1.15563746806 -0.67233436608 0.137149918697 
1 -0.358897734611 0.513387827302 0.772518977683 -0.416816067695 0.419472377039 
1 0.00943434113316 0.860743197982 0.987251055334 -0.0324837219062 0.465401008178 
1 -0.485897345828 0.829121811565 1.18525458164 -0.644103048846 0.851109236133 
1 -0.426081153261 0.421086163626 0.957257725917 -0.394618999979 0.62873411671 
1 -0.79727307307 0.733819526382 1.05631454712 -0.80605828507 0.137835416556 
1 -0.791365152879 0.683026735597 0.499249254564 -0.175462637702 0.450237515112 
1 -0.268591166072 0.342906480318 0.492150061698 -0.222848919215 0.474549991027 
1 -0.445753767193 1.13090403317 1.25272366606 -0.324306826921 0.59814980539 
1 -1.25546678335 0.744717534452 0.914271199095 -0.584933505496 0.314728967493 
1 -0.609516016542 0.372953717617 0.91659741155 -0.621846969948 0.700414525309 
1 -0.499279206304 0.717509725479 1.09505618915 -0.0655599782115 0.493264584555 
1 -0.130936032514 0.848030377826 1.00581791353 -0.172065707538 0.351909286337 
1 -0.45547420719 0.476688972201 1.04347455878 -0.277961931938 0.497239296126 
1 -0.475818795116 0.974266454886 0.993265186186 -0.636553691222 0.572079486976 
1 -0.431075858198 0.665400237878 0.538417636499 0.384785399351 0.150616934085 
1 -0.454490756139 0.667820181209 0.649071849099 -0.294335619792 0.0464837271036 
1 -0.483378091318 0.934716136811 0.944996212808 -0.182637881806 0.225243313703 
1 -0.432939690695 0.77625600077 1.09556227187 0.132975296174 0.556427703852 
1 -0.914779936575 0.508770258095 0.878386053238 -0.354915063483 0.42194927334 
1 -0.45395566989 0.482767411633 0.739399536364 -0.63457603255 0.308740039645 
1 -0.529843798542 0.576026482682 0.928162621737 -0.252613805604 0.60883060842 
1 -0.79010608142 0.751442519783 0.855468081992 -0.272000684552 0.625374651078 
1 -0.7020044213 0.632631933261 1.19647997813 -0.156197404839 0.895811495395 
1 -0.582575271435 0.497997124586 0.836917709514 -0.580654565636 0.265091601773 
1 -0.43282840572 0.0972653808912 1.03040400394 -0.44224072793 0.365619334186 
1 -0.54853818957 0.585391614273 0.883024640875 -0.182567312164 0.75259658558 
1 -0.353013566554 0.354461791436 0.766225627838 -0.47517078192 0.430772445798 
1 -0.924804433678 1.1516033936 0.985842865187 -0.419987169327 0.826758353513 
1 -0.636064640944 0.545909376397 1.07711714466 -0.219727232351 0.316265582886 
1 -0.800621527844 0.704193957266 1.165630761 -0.191461315315 0.611933627754 
1 -0.30860444907 0.493667719078 1.1612577451 -0.380427602471 0.64288772815 
1 -0.905466142689 0.588458516777 0.698350328854 -0.213565901021 0.569877724145 
1 -0.354231879268 0.870237880916 1.15020447099 -0.383879505498 0.644100535098 
1 -0.503990420974 0.657257717155 0.873398885497 -0.453492923113 0.381542098489 
1 -0.823649186125 0.655073388776 0.959933699241 -0.442808165771 0.375302219628 
1 -0.611494095953 0.697974539145 0.60085370428 -0.156201266913 0.450236518782 
1 -0.509387759461 0.350815337939 0.851128406817 -0.299006271779 0.721072397398 
1 -0.483692688559 0.642248391491 0.703271962257 -0.667882966405 0.362013871796 
1 -0.654674998007 0.743381981167 0.95363231166 -0.461653741965 0.689792435083 
1 -0.570009178341 0.556082648899 0.94794555855 -0.0610654139025 0.381343599496 
1 -0.711986096903 0.923463384698 1.03925206434 -0.393533339487 0.428766413389 
1 -0.532951756456 0.327297633916 1.06541225912 -0.450967833871 0.361119335229 
1 -0.643373216188 0.538827981151 0.873638036758 -0.0232815679608 0.985401937288 
1 -0.678157265888 0.592548243917 1.39297733646 0.163088897135 0.547555290643 
1 -0.632869001922 0.487363952849 1.0366038788 -0.151231225006 0.21767783425 
1 -0.666154943286 0.560716697833 0.732715694196 -0.518158293828 0.476564246349 
1 -0.255795109933 0.250392562617 0.830353469392 -0.163426854596 0.541746154108 
1 -0.666080255649 0.581929220828 0.681047960867 -0.740149915722 0.493698019864 
1 -0.574220987082 0.436613133807 0.680993440081 -0.732055423637 0.543714962813 
1 -0.484495640634 0.361506379337 1.00912527279 -0.0345536176454 0.873507929727 
1 -0.515604462772 0.403977689844 1.10529337414 -0.469795296103 0.330106186574 
1 -0.850212268025 0.676397701932 0.750663606023 0.079641490188 0.720236393086 
1 -0.752981681568 0.617583069479 1.08699047733 -0.135907130365 0.416280485967 
1 -0.773458883789 0.63141558513 1.16029702025 0.0422262844075 0.715916429149 
1 -0.342394951609 0.639399463512 0.808447429334 -0.210461597903 0.790542765066 
1 -0.831258402089 0.510270432201 1.35549487594 -0.762043927494 0.547980179121 
1 -0.190335402087 0.707681399324 0.972702465342 -0.137670084165 0.920758266203 
1 -0.523146277836 0.578861249286 0.523069207898 -0.264544756213 0.662469348247 
1 -0.664155300651 0.979014678747 0.724875991568 -0.607803653165 0.942713298237 
1 -0.723898632571 0.573917802066 0.465012505675 -0.616438644212 0.260988111938 
1 -0.771411851279 0.329826764486 1.35777494448 -0.526400423774 0.667188190933 
1 -0.856838498499 0.754860367936 0.820035043106 -0.231506335476 0.541462800441 
1 -0.802624882608 1.01520532721 0.974771705952 -0.337718137507 0.609142176311 
1 -0.918954357358 1.19570875816 0.966609125418 -0.290648663766 0.643291854366 
1 -0.427252710389 0.776464353737 1.05499881221 -0.320960148417 0.696183250579 
1 -1.13272414464 0.527647822584 1.13819576689 -0.177930596007 0.59644972205 
1 -0.91986205292 0.35933390943 0.639307978919 -0.449326181231 0.522184578705 
1 -0.863240864241 0.625688972038 0.748188893766 -0.626692503795 0.328955477401 
1 -0.333066066854 1.21178012888 1.4384337769 -0.071361955445 0.565720250804 
1 -0.82555350926 0.780377392446 0.339129693596 -0.347102268344 0.439776528049 
1 -0.711483041289 0.822141015025 0.927451829235 -0.792512643272 0.568571930214 
1 -1.14771664493 0.41666424649 0.919719579709 -0.0814275203098 0.497867263134 
1 -0.890000973907 0.471171205435 1.41906950509 -0.491799640855 0.120016809239 
1 -0.685178982392 0.40912248276 0.870387237531 -0.365365056984 0.822323199864 
1 -0.355665139612 0.434727641389 1.18893107001 -0.472333900721 0.507535072668 
1 -0.748104431832 0.674219231312 0.974646358336 -0.501472036778 0.206521022712 
1 -0.755658220852 0.355145662786 1.05365971534 -0.424580869823 0.435212563198 
1 -1.08748334346 0.474386675808 1.1427088382 0.0395889496753 0.38649980543 
1 -0.596342881637 0.143394844694 0.95137310236 -0.600386454488 0.826855578963 
1 -0.517616146912 0.462590676399 0.998648132222 -0.619300062256 0.477826827537 
1 -0.270398542702 0.602939400744 0.968127863375 -0.408745482551 0.817984040246 
1 -0.528515454364 0.760942250056 0.629573530519 -0.601249485613 0.673784848295 
1 -0.437057002981 0.502233013232 0.854360126799 -0.113316543784 0.450341524394 
1 -0.698345932972 0.418193989674 1.14767063855 -0.351815940435 0.805954670641 
1 -0.694000785638 0.395519830758 0.743397614307 -0.436411530926 0.551304799819 
1 -0.412937776571 0.920051722182 0.864709312249 -0.570083843453 0.0815463083446 
1 -0.48657102073 0.573502534598 0.678716300182 -0.779049497481 0.728391255653 
1 -0.550288550733 0.775968521553 0.868563072137 -0.608518626569 0.496031395348 
1 -0.587156546142 0.603401450762 1.00027002083 -0.489683355409 1.03150869309 
1 -0.37777206732 0.694295579594 0.741875527749 -0.371197373669 0.135322142991 
1 -0.449289165519 0.630216900272 0.930828953568 -0.112508233422 0.647664601591 
1 -0.343405552705 0.276967892144 0.747144127457 -0.221181658902 0.67046444055 
1 -0.939935919648 0.447623824282 0.53831444761 0.158873987834 0.387923640661 
1 -0.961624622013 0.162806349128 1.02693324429 -0.477358617939 0.612741771805 
1 -0.467056762993 0.445933991254 1.12590930683 -0.328602581292 0.862862702905 
1 -0.50617305395 1.17901006504 0.694370233894 -0.192634907414 0.417095139026 
1 -1.06480387616 0.478218835227 1.01907049015 -0.0392783180996 0.375908298434 
1 -0.456145154726 0.706368287663 0.839791656433 -0.453847807891 0.274439905484 
1 -0.759941489252 0.701862320076 1.13958512496 -0.217079125203 0.835702895726 
1 -0.473691265363 0.703845930522 1.10931552668 0.0186655373272 0.697315948187 
1 -0.303472021373 0.575288661861 0.742359040828 0.00329059074553 0.572360403328 
1 -0.625779441442 0.292429400492 1.20530128399 -0.4055448103 0.933395952319 
1 -1.32266291316 0.885324582874 1.2711732131 -0.568021675534 0.31790620479 
1 -0.978034187815 0.879150592001 1.29421406353 -0.246739728463 0.389051804727 
1 -1.12831158164 0.435266360351 0.68228453406 0.0214349557483 1.16233797262 
1 -0.964604366713 1.07021661909 0.881183134268 -0.368454133682 0.199967421811 
1 -0.731432510022 0.805669174501 0.822884270464 -0.732832071134 0.614390328106 
1 -0.494420299712 0.443640906451 0.902805671469 -0.259157418112 0.67387657629 
1 -0.691556656808 0.953155354104 1.09709863315 -0.316804918458 0.689133587079 
1 -0.378332512578 0.256778976006 1.00390865204 -0.42380871984 0.871229100722 
1 -0.894740550481 0.340754807275 1.01850546678 -0.0295203503701 0.291858065716 
1 -0.239255040087 0.619493500567 0.675003173777 -0.2315386336 0.974627054457 
1 -0.678984745215 0.935655530134 1.08570935451 -0.583963982495 0.238751272808 
1 -0.617769065709 0.821621401563 0.943699601853 -0.00488774303664 0.423970199903 
1 -0.634636743454 0.840736911853 1.00589333135 -0.157042714165 0.529144512868 
1 -0.465436848376 0.552224156752 1.04258057328 -0.50329511139 0.304739016196 
1 -0.960474527239 0.904806329319 1.0694307512 -0.341955245893 0.441508989699 
1 -0.461291121893 0.812774500148 1.01992785951 -0.344312524087 0.678882778506 
1 -0.710488282383 0.429491200844 1.21257022304 -0.195006166042 0.344256420248 
1 -0.528654870149 0.523521980184 0.860615464249 -0.320710704235 0.770099405917 
1 -0.862854522182 0.333329015348 0.817024159224 -0.412170203231 0.634870253935 
1 -0.436443003856 0.773727367981 0.910352595818 -0.576406504606 0.378104918454 
1 -0.984824175088 0.508423750844 0.906768596496 0.0441398668261 0.65427088924 
1 -0.683204864021 0.93159952867 0.643326509475 -0.0993948699442 0.327686925428 
1 -0.75009136484 0.682247376031 0.833401392031 -0.229109946888 0.544511591745 
1 -0.735821043578 0.644291697596 1.17188738616 -0.542913678484 0.484609905931 
1 -0.525329436922 0.458019626074 0.910036935118 -0.0836005308919 0.651763470982 
1 -0.441145113544 0.293095145485 1.0459808463 -0.231763628864 0.536420959773 
1 -0.617538419866 0.827963668264 0.706418779207 -0.369854565673 0.0692727587842 
1 -0.519657102814 0.493043279993 1.03855181488 -0.241642325733 0.608625897039 
1 -0.423022019593 0.450357354758 1.05578444538 -0.158960965046 0.453443036277 
1 -0.246540444332 0.953810433988 0.501908640269 -0.538789455471 0.245414379308 
1 -0.590908010939 0.609318043755 1.444875403 -0.330659456708 1.11241023309 
1 -0.343662053062 0.703470692634 0.630633590549 -0.213604074603 0.658113228112 
1 -0.376715077106 0.44862064917 0.754260228852 -0.786086822536 0.626971960361 
1 -0.787678765065 0.699429516386 0.80058864098 -0.724042438289 0.383034485785 
1 -0.820980539578 0.577111665019 0.945034268608 -0.238334570337 0.475411014965 
1 -0.687770360038 0.307520054297 1.11323454362 -0.822874937438 0.485894225154 
1 -0.434565482494 0.911689438397 1.03691733827 -0.359938236191 1.13610311087 
1 -0.831906556846 0.811776117029 1.36487788758 -0.187472900773 0.552560991596 
1 -0.513847689014 0.470724702291 0.826293626933 -0.0599550867573 0.612506170914 
1 -0.80163211276 0.64778892364 1.04299445638 -0.137470846903 0.689178009276 
1 -0.744043464713 0.518654066607 0.569257589632 -0.240440121153 0.220162989611 
1 -0.583602769313 0.76517161481 1.11267472849 0.0770685088722 0.525860631327 
1 -0.66531413123 0.601175496359 0.751657824601 -0.306918104182 0.318075119563 
1 -0.642788804206 0.889888995207 1.10103778956 0.0739145613764 0.58061226305 
1 -0.86087612744 0.598097869888 0.701822574509 -0.54880516185 0.756322253835 
1 -0.708914336746 0.432797452591 0.949760994004 -0.522018943113 0.0916239836469 
1 -0.726977536922 0.70716519965 0.923605834774 -0.32504398497 0.653688980743 
1 -0.746284789412 0.540623927882 0.734256945326 -0.727061098538 0.646450224821 
1 -0.292895350416 0.595354719573 1.17059347766 -0.396854936392 0.591117776973 
1 -0.542082916589 0.609680636159 0.858385331965 -0.637462275718 0.618992500392 
1 -0.521583207269 0.53830403056 1.28046430628 0.0980375710322 0.23427283314 
1 -0.545917058039 0.56120613528 0.678057169364 -0.342480549348 0.691550393399 
1 -0.430129756647 0.73602076749 1.1466589223 -0.100927054251 0.504690855401 
1 -0.525274330231 0.449966044593 0.911638164538 -0.260578015365 0.652612768746 
1 -0.694440566202 0.483320345988 1.08048325262 -0.163704213701 0.325442847959 
1 -0.830634639457 0.852882829755 0.995269038402 0.263667769203 0.397522425667 
1 -0.510601566396 0.562661198854 0.853237774614 -0.212924268064 0.360654324243 
1 -0.293511708631 0.465698078333 0.908777071051 -0.354295889989 0.241356547245 
1 -0.575919792414 0.292671166716 0.741244948767 -0.331328955852 0.492491371508 
1 -0.582789800349 0.530614641671 1.17514242337 -0.250551054126 0.456339006907 
1 -1.06858945323 0.608433212503 0.860581092515 -0.61282536382 0.624308885161 
1 -0.658390838612 0.478398472193 0.996042791218 -0.262085032853 0.117034618108 
1 -0.736207602241 0.199466497652 1.2578741842 -0.133344291454 0.688931609589 
2 0.468385709071 -0.00897873821274 -0.681990019209 0.211064212259 0.483813728278 
2 0.0222857911591 0.110843484661 -0.328649134594 0.23864734311 0.50438257842 
2 0.240900254548 0.156391200865 -0.537877006644 0.826796799615 0.833686937878 
2 0.254542239092 0.179343494201 -0.516912358889 0.977430010065 0.691457903831 
2 -0.364922885782 -0.312817185139 -0.639755020674 0.0951372496118 0.855805148726 
2 0.216108743859 0.0744413337304 -0.821841344912 0.430969259762 0.512251064613 
2 0.141488258552 -0.14142033252 -0.838262754256 0.418125603064 0.730985901944 
2 -0.216793659199 0.016001096723 -0.906640040959 0.280489822115 1.0483917578 
2 0.281721815155 0.186549913382 -0.744073918951 0.0988367494046 0.59668192128 
2 -0.100983030412 0.222565316754 -0.968608626284 0.246203125593 0.711337673039 
2 0.14576377202 0.292514452903 -0.617486593805 0.635741904137 0.908290331184 
2 0.137356959818 0.304533677368 -0.780165105861 0.713373195338 0.477682879875 
2 0.0293557759354 0.0699397510535 -0.965347131295 0.395450939749 0.806558547374 
2 -0.0819235610567 -0.288676283101 -0.836778730204 0.52485276158 0.649116211781 
2 0.27493959468 0.203797577078 -0.543323273669 0.46615213666 0.720028174219 
2 0.089267372568 0.142626705948 -0.494433637619 0.402880740734 0.579348699097 
2 0.015303317032 0.410745689126 -0.85303765208 0.725906989306 0.701827113511 
2 0.0119311757267 -0.197084163371 -0.853197380384 0.705521480553 0.602767270922 
2 -0.0738070610467 0.0596621495525 -0.806088150056 0.445326589394 0.297268225341 
2 -0.0256673696197 -0.112263038125 -0.634244831571 0.48304397637 0.794643517988 
2 0.341419820877 0.103005783451 -0.625744783954 0.358032219374 0.640197737413 
2 0.153471944826 0.423661753303 -0.108877346536 0.783140811925 0.987011501488 
2 0.471750573082 0.132917432236 -0.646798165537 0.370548161347 0.500332869562 
2 -0.362211295766 -0.0589904788244 -0.388701448386 0.839071333645 0.731015217158 
2 0.313863384152 0.0301590392755 -0.533619704482 0.565592651341 0.856859115858 
2 -0.228833151141 -0.105542604171 -0.673235265785 0.737274451813 0.337347838457 
2 0.355585632924 0.150244072194 -0.609277405372 0.435717800145 0.737509589804 
2 -0.273808998675 0.0769145159661 -0.474654008559 0.670226266542 0.870891569281 
2 0.431227573358 -0.0662818497098 -0.643929160909 0.446494865876 0.868697438802 
2 0.385397632784 0.253385750497 -0.487683955628 0.416287341085 0.535446403179 
2 -0.122983230062 0.437427450422 -1.21011863327 0.608897105957 0.406808277575 
2 0.178564639468 -0.172696136448 -0.696412179447 0.078210294687 0.777845637491 
2 0.437213295051 0.45997232601 -0.628850508273 0.388390793237 0.74380480007 
2 -0.11938863881 -0.11629884647 -0.422882589329 0.541115694265 0.69607198366 
2 0.163117809482 0.430965431245 -0.718165751425 0.353372689236 0.956114079295 
2 -0.229576275998 0.00827973925335 -0.62225995054 0.495113632166 0.372057653969 
2 0.173859565825 -0.00423544473886 -1.03174452673 0.481131127906 0.617282739377 
2 0.456313371566 0.281789469108 -0.423952760198 0.317487070283 0.834720267535 
2 -0.199169147354 0.127370570029 -0.822734674119 0.770426798729 0.190601082048 
2 0.0892829213011 0.0225354902831 -0.571231364869 0.559545596765 0.891822620686 
2 0.197108823676 -0.205678609897 -0.969466750715 0.266753072534 0.902743578586 
2 -0.00626365101482 -0.178762939567 -0.680201402641 0.194627695286 0.632504891939 
2 0.110494955111 -0.0689089670383 -0.521844667367 0.455709782735 0.771075542415 
2 0.205771924301 0.0310248184787 -0.496547872972 0.27529997658 0.936135422589 
2 0.192007037188 0.348392057497 -0.683222242192 0.528487881798 0.673833086534 
2 0.497508064517 0.23508434189 -0.367803781923 0.344663169159 0.291118100351 
2 0.0157965936949 0.29830756112 -0.829942452089 0.463749241756 0.922578543757 
2 0.122689195009 0.267598631964 -0.80214725575 0.501925738665 0.924178045786 
2 -0.0345149297789 0.0399834214111 -0.679308874831 0.349967881998 0.803240700667 
2 -0.699025225992 0.283048319306 -0.844526436251 0.260077026889 0.681158793629 
2 -0.165511792086 -0.110250730751 -0.613614131405 0.220154330876 0.500499776321 
2 -0.0711468301569 0.0935235215863 -0.50053102249 0.696249996962 0.836160401027 
2 -0.03556561884 0.405375476553 -0.858857631363 0.326926325371 0.511766457787 
2 -0.0393847090304 0.149059511007 -0.81735309145 0.642126481501 0.509909403258 
2 0.144210950526 0.0836629418606 -0.265860542066 0.370595555168 0.658544212447 
2 0.0682718372952 -0.0449287394819 -0.38240199454 0.308343030573 0.808328428017 
2 0.241963421904 -0.182642743331 -0.594876047814 1.06836561898 0.785263160871 
2 0.0818945451055 -0.00141199894808 -0.951105756611 0.940755218543 0.544627708672 
2 0.426250910693 0.115595143421 -1.05589356773 0.273503409599 0.520900637978 
2 -0.250440802836 -0.00891207738979 -0.694860462428 0.541390355725 0.853323824343 
2 -0.0249440552498 -0.322771086884 -0.902790878906 0.578445954514 0.705552094494 
2 0.417086637537 0.238097255562 -0.689610414987 0.46147373648 0.991012362564 
2 0.0134562041743 -0.0426978376958 -0.621957780044 0.458061827048 0.894460283107 
2 0.428306465896 0.0149051172636 -0.842881419598 0.102885394273 0.911447142824 
2 -0.417620175015 -0.154772365697 -0.507074887042 0.507949906641 0.524041255152 
2 0.148018907592 0.345176022055 -0.543770588513 0.343068643689 0.657642383461 
2 0.0325561488615 0.0712306360645 -0.45596075496 0.156829564101 0.775142952095 
2 0.10750651613 -0.12869337975 -1.21245023614 0.404607781409 0.681402747979 
2 0.186086502562 0.385090292327 -0.456662464432 0.426636208481 0.856919585601 
2 0.0433197298468 -0.0317787960236 -0.871367224644 0.922298329976 0.64815022088 
2 0.019009591516 -0.246191563316 -0.736653540611 0.478569571592 0.502626649783 
2 -0.0563851458157 0.110829678254 -0.517616986918 0.304294415033 0.839619865167 
2 0.247318461114 0.583108241656 -0.677369066278 0.275251260371 0.647946164766 
2 -0.0127048837127 0.288815174159 -0.45939750376 0.549410674189 0.688943186805 
2 0.500925058556 0.273261786121 -0.442890141371 0.197064308036 0.745642234488 
2 0.0940599921558 -0.446246879505 -0.657061716924 0.333701591372 0.774518773632 
2 -0.0563878089259 0.0901857829942 -0.63324045324 0.490309576448 1.15793066962 
2 0.454047270257 0.386060158664 -0.925982405369 0.675911124508 -0.0839527127977 
2 0.0833075500653 0.0915686964924 -0.551546115348 0.420221869215 0.309803439108 
2 0.00457900889072 0.0623137883155 -0.713742538241 0.573562947896 0.768210888546 
2 -0.183859967834 0.256120252091 -0.60379461871 0.538557429122 0.492701848204 
2 0.0601413168188 0.185046548884 -0.270776551796 0.0888564847054 0.797107820357 
2 -0.27430120667 -0.1300962998 -1.05635020325 0.411714759521 1.33136040979 
2 0.140695857175 0.104125655346 -0.38261483242 0.81431000713 0.367780802287 
2 0.167699727007 0.213791502445 -0.911823494461 0.57279590344 0.652195826136 
2 -0.203236893785 0.105814926507 -0.847248184205 0.448860924106 0.622520507492 
2 0.196856988789 -0.0421246927309 -0.694931482337 0.704871276497 1.06459847363 
2 0.227380634571 0.185928579334 -0.933220880199 0.201465034139 0.706531443636 
2 0.198262237184 -0.109404333488 -0.373008846404 0.42612129209 0.672204122567 
2 0.0472342866697 -0.157948017867 -0.703291584819 0.315798117558 0.671270869648 
2 0.265648891286 -0.0496286049281 -0.746433124225 0.439917079463 0.454370276282 
2 0.080930736112 0.1386063426 -0.932112466001 0.3376678738 1.06596408373 
2 -0.0239901128102 -0.0149122438235 -0.840333070207 0.400961854532 0.518511736261 
2 -0.350710715969 -0.0931683199604 -0.987800584579 0.176168721863 0.947437801819 
2 0.0687083579831 0.494021003351 -0.909435052316 0.109245142238 1.02559677589 
2 0.250000601063 0.248037656369 -0.952958838681 0.610386691832 0.86000012103 
2 0.191336265586 0.106093364171 -0.657345427445 0.666686968765 0.799755961219 
2 0.220059955752 -0.0872596590403 -0.391232733715 0.572572145613 0.782840434583 
2 0.162349375375 -0.334613975121 -0.487759427398 0.448230429863 0.585545790286 
2 0.237635891064 -0.204502395957 -0.680591711136 0.593204083984 0.618113326598 
2 0.0427077639605 0.0973164578435 -0.972253557699 0.622659869332 0.46337832294 
2 0.0285685521472 0.152177426406 -0.982910345754 0.394275040566 0.571940414596 
2 -0.13004260601 -0.0789365754106 -0.734179071574 0.440853318133 0.82946070175 
2 0.00127286647119 0.146649333434 -0.652516366073 0.439743575301 0.519348412815 
2 -0.198253677811 0.0263848019693 -0.524641408836 0.634611466283 0.644492385889 
2 -0.103632189129 0.0189341290493 -0.809433139191 0.523341466065 0.521940525336 
2 -0.0135347890205 -0.119715433185 -1.11294784749 0.169401381373 0.770950968488 
2 0.19055808699 0.0571600057028 -0.622900193496 0.483386383047 0.188199254424 
2 0.341244705285 -0.0520601556269 -0.761116379123 0.812486205005 0.518416615646 
2 0.00140141325202 -0.0203061080626 -0.230585788721 0.993307581656 0.781791415228 
2 -0.114790808246 -0.222607124602 -1.02050833396 0.537905936117 0.700515686961 
2 0.148264824355 0.214345721917 -0.659795278733 0.466188729341 0.747292245207 
2 0.391836839551 -0.23232864472 -0.595712242602 0.492481449998 0.343581354829 
2 -0.410834355089 -0.292633705658 -0.541197521645 0.677946152413 0.814206170788 
2 0.459541796199 0.235866586716 -0.634788233789 0.710800655508 0.143484225424 
2 0.412712889892 0.290401622892 -0.675656470185 0.0294059079215 0.250526781986 
2 0.404314645673 0.0883170026444 -0.832669546342 0.209113868661 0.614044957439 
2 0.0850230970192 0.304015465976 -0.587010137579 0.325699591415 1.0159430739 
2 -0.254024551012 0.0722314374025 -0.843618204295 0.451541803818 0.480856391099 
2 -0.294558223823 0.287380152334 -0.264740363267 0.488442310664 0.805137449129 
2 -0.224492919178 0.0680424953278 -0.714044740396 0.312364204121 0.608877646342 
2 -0.25339626863 0.00420368772162 -0.997489407482 0.712476442911 0.467507087593 
2 -0.217371503936 -0.187420055699 -0.750300614184 0.578915664247 0.233922950111 
2 -0.15986024584 0.121832703068 -0.657329268515 0.928873732108 0.605483868654 
2 0.28253670009 0.538462945097 -0.671217357259 0.575499864967 0.523628046476 
2 0.147465187054 0.0338288852421 -0.668667579693 1.04487296815 0.79558370465 
2 0.186044621316 0.329542528476 -0.92815258604 0.742201238305 0.607898235141 
2 0.163813450715 0.0124644220894 -0.453520283583 0.671376913505 0.673570321742 
2 -0.160478434498 0.0960330275296 -0.72556814792 0.189546762502 0.64175656154 
2 0.222284656191 -0.0179140762357 -0.594413736782 0.379180010401 0.671375606262 
2 0.328842558985 -0.0167060184819 -0.673930779285 0.591916947328 0.625972454787 
2 0.411016152088 -0.153202615732 -0.211145817711 0.337022988767 0.232093238268 
2 0.234788784326 -0.0369229934537 -0.272059235473 0.65671601826 0.714557920735 
2 0.15049731062 -0.293616281931 -0.62207541295 0.134561128882 0.549967095199 
2 0.155446011891 0.0897249768925 -0.658068596753 0.166823536488 0.475870098672 
2 0.433597363874 -0.179193894093 -0.485726696037 0.281785337172 0.980023013014 
2 -0.0775594282358 0.250401343964 -0.880953538351 0.903960988835 0.884298847144 
2 -0.129778493136 -0.0849308846599 -0.715442801256 0.715317438012 0.625948498386 
2 0.509953300055 0.0956507898049 -0.45565875767 0.272082038113 0.734463346857 
2 0.899260195928 0.0882026240832 -0.481485711303 0.314095287404 1.02912727464 
2 0.172111512978 -0.222539733654 -0.285848924184 0.622061915006 0.722887676634 
2 -0.0639360559456 0.0693581263793 -0.766827089387 0.261212129745 1.02905426074 
2 0.405445501473 -0.435918338997 -0.58216566917 0.256852480132 0.918792379643 
2 0.112233463143 -0.0792365745952 -0.717072436966 0.508669091668 0.556627323758 
2 0.0927776469326 -0.0846287828927 -0.943818330575 0.378190292025 0.356506413592 
2 0.0486652158664 -0.290307753178 -0.391399015813 0.149460827332 0.660963892066 
2 0.312594903208 0.179280363791 -0.301512977934 0.280871290845 0.571529111835 
2 0.327228219211 -0.0153756340802 -0.726094629703 0.29467138534 0.478485320437 
2 0.178519028298 0.229564400481 -0.521834024079 0.616973188014 0.983408325772 
2 -0.0772236743673 -0.451963084213 -0.715713885539 0.443142034444 0.671216362414 
2 0.0351576235638 0.695998662349 -0.605880535327 0.319161472909 0.713866121322 
2 0.298130522133 0.000515198097715 -0.657473661028 0.106329283095 0.577911192362 
2 -0.101058005421 -0.195373814415 -0.199901626514 0.43882092765 0.635783655239 
2 -0.0611162907192 0.513011948167 -0.90412505884 0.58223070792 0.657492217262 
2 0.479103053484 -0.0280861443383 -0.493836456554 0.411947116899 0.678142366114 
2 0.649635239033 0.549876993524 -0.877309936771 0.775895838537 0.362922422506 
2 0.122228855561 0.346919480364 -1.19440068774 0.44977458784 0.875764336706 
2 0.0484787684832 -0.0390887481903 -0.555555155066 0.47410123455 0.579196259077 
2 -0.34488964897 0.226439947414 -0.480888897912 0.64230982104 0.436913442587 
2 0.275413923977 0.119285667238 -0.0947685288843 0.622298479762 0.667690284628 
2 -0.325158898039 0.0811588383795 -0.823594235151 0.450444197289 0.63922689357 
2 -0.136499343308 -0.168626696717 -0.782568349558 0.587373361172 0.835700104148 
2 0.241086444529 0.181831660782 -0.646593802458 0.794332843845 0.736472885675 
3 -0.646969965363 -0.208467782307 -0.470437043907 0.536388355232 -0.128713805826 
3 -0.631133391176 -0.355392968534 -0.0101637123786 0.940185253017 -0.565809516714 
3 -0.604231118407 -0.823149896238 -0.296700281989 0.658015261744 -0.0774909163475 
3 -0.584387299225 -0.530862170611 -0.597504013105 0.565814605919 -0.38179054335 
3 -0.255381393418 -0.398118716839 -0.311232321901 0.570044180391 -0.56571382042 
3 -0.719499983089 -0.475843391792 -0.606981712415 0.946489220743 -0.21463745608 
3 -0.518901619539 -0.0801123698013 -0.237152710945 0.701149988876 -0.518909859664 
3 -0.299963568685 -0.429934901679 -0.650591634084 1.0473684315 -1.0322702807 
3 -0.16005050696 -0.343845726942 -0.53349350135 1.11395292441 -0.466601594856 
3 -0.01654479322 -0.390174300697 0.185097314251 0.628723178438 -0.406796061837 
3 -0.795907886734 -0.779923893036 -0.60754588539 0.670355799867 -0.603899739097 
3 -0.507056740481 -0.417402513514 -0.385585618689 0.649667277447 -0.553227518936 
3 -0.60733309469 -0.276048550915 -0.147517200777 0.71985909952 -0.930613720268 
3 -0.269416441145 -0.468749920668 -0.300758668269 0.918890294452 -0.3608962468 
3 -0.564542454475 -0.81323243758 -0.491962905817 0.402204310672 -0.147483095037 
3 -0.662215470614 -0.205795270734 -0.0833212301061 0.905987677676 -0.331560045458 
3 -0.507056020421 -0.703778734368 -0.444836103853 1.00223881771 -0.316724349063 
3 -0.398267134046 -0.330910971954 -0.259897598575 1.07816143854 -0.586967620928 
3 -0.706043932435 -0.212545344272 -0.717514606518 1.07786549133 -0.461560358217 
3 -0.376225572625 -0.495503641981 -0.0769613392318 0.858936029905 -0.589012978579 
3 -0.714559459395 -0.551963718084 -0.000315892857033 1.09799540579 -0.348386245436 
3 -0.585796188731 -0.628998672177 -0.426550742346 0.687747685209 -0.458698893328 
3 -0.492771330661 -0.367988014309 -0.437682941325 1.19114023403 -0.23540496058 
3 -0.41143389569 -0.228346165652 -0.537756475833 0.842405264042 -0.471857905723 
3 -0.259085182152 -0.144332542411 -0.564054288284 1.03558888218 -0.661006817486 
3 -0.502898125965 -0.533886038335 -0.89564071564 1.00186137842 -0.316623756365 
3 -0.710642706596 -0.486880024751 -0.0123131482142 1.08414385403 -0.69512841571 
3 -0.666130511639 -0.651539546779 -0.186351462844 0.888044301888 -0.485342574105 
3 -0.908141096327 -0.443005458772 -0.523266998255 0.693913705487 -0.744591196903 
3 -0.596834205936 -0.31044034159 -0.601049185322 0.5204951988 -0.280341781769 
3 -0.510638255415 -0.751213886514 -0.222867838099 0.553597052755 -0.772656624899 
3 -0.340061181473 -0.411535792099 0.210928387352 1.30053803217 -0.323666619203 
3 -0.448746017989 -0.44093664793 -0.406836766083 0.427168309145 -0.255653263206 
3 -0.418317599463 -0.523075854319 -0.274982807277 1.1336013209 -0.388897456382 
3 -0.768914519736 -0.516728131294 -0.437913354899 0.915621541269 -0.687329750199 
3 -0.438999468893 -0.598754653277 -0.130221524539 0.677922842555 -0.640494559905 
3 -0.459980845501 -0.310119641309 -0.391206302488 1.20147765797 -0.205635069551 
3 -0.481382257692 -0.4006732334 0.0220574198735 0.743568439113 -0.509048560003 
3 -0.372319502052 -0.142116257508 -0.230478858458 1.00900779688 -0.344306455101 
3 -0.455941988383 -0.529348203408 -0.559237128945 0.913303521655 -0.645399483024 
3 -0.255404160831 -0.131894106663 -0.198315134257 0.831531583624 -1.00711566297 
3 -0.493079792371 0.00111276766491 -0.326744741708 0.753872289871 -0.951978719476 
4 0.218539241422 -0.640857531483 0.00746250180547 0.179816974567 -0.304619782044 
4 -0.071024153765 -0.698643203453 -0.971536419316 -0.238197527746 -0.23124940852 
4 -0.292624199632 -0.331225825619 -0.849518986714 -0.165658307563 -0.0185837119431 
4 0.0452860030917 -0.979456544019 -0.543382143903 0.0666307671867 0.168200926021 
4 0.406481719409 -0.65088056346 -0.542260782063 0.301133885779 0.207327364451 
4 0.55033279372 -0.53130002694 -0.696079220263 0.00935896271771 -0.198142775948 
4 0.260978827145 -0.467586370585 -0.658186469045 0.0546105776129 0.0518482898883 
4 0.505597662666 -0.445902834564 -0.941714299902 0.10955775004 0.168931542094 
4 0.217424711101 -0.418669690368 -0.87243206221 0.0419394312819 -0.36517947014 
4 0.24942860649 -0.127014190438 -0.349115037626 0.0410882779453 -0.241181709266 
4 0.17344281917 -0.25392264198 -1.15054333603 -0.12567550326 -0.111935205507 
4 0.248864589449 -0.281665778756 -0.948405686753 -0.0553268645435 0.163939596234 
4 0.0706438306366 -0.650707308963 -0.536242337868 -0.143425269859 0.458381676464 
4 0.214045319852 -0.404197483405 -0.643311302301 0.253175553071 -0.438261816271 
4 -0.269744869861 -1.06055726914 -0.570917590948 -0.0838540893365 -0.286321109248 
4 0.521859956007 -0.391605968959 -0.903441689154 -0.319471937042 -0.206034205281 
4 0.110423078942 -0.973312862365 -0.326739109397 0.234399569981 0.162916421687 
4 -0.0112144561863 -1.12151343177 -0.841312721777 -0.0271673838366 0.292029775274 
4 0.389975397541 -0.735821459934 -0.479634238983 -0.258028929463 -0.133711096006 
4 0.0414927443281 -0.80248311076 -0.25990379166 -0.00265674078796 -0.0564287148179 
4 0.475554792871 -0.682483620132 -0.835507896446 0.242774129962 -0.0853943253327 
4 0.317965945927 -0.326559110499 -0.620145578367 0.198948515705 0.242708119931 
4 0.00532669874935 -0.684359173508 -0.486531293763 0.0491902737123 0.141621418566 
4 -0.066090238965 -0.915908263164 -0.466533011841 -0.0511374206163 -0.109382308475 
4 0.117770556624 -0.914014898633 -0.820279523548 -0.0759353122824 -0.171978865849 
4 0.183946585896 -0.62705088079 -0.681290953677 -0.0404171736546 0.215943715846 
4 0.122866684044 -0.994703361977 -0.788385177344 0.131140707188 0.199359025032 
4 0.228659843434 -0.392761614656 -0.789710941952 -0.115959518701 0.250419277175 
4 0.230687127647 -0.776542457973 -0.576365892002 -0.0568404551443 0.178327755316 
4 0.155259209102 -0.76121840701 -0.780238303764 -0.294962951217 0.356106337283 
4 0.289115388115 -0.214128436377 -0.695006382174 -0.233773930396 0.0207443421329 
4 0.509168231058 -0.743599940388 -0.762644150223 0.176022330341 -0.107174691738 
4 0.268405842773 -0.78458442795 -0.641674547999 0.0195903265742 0.389240512395 
4 0.0772878985738 -0.687359327932 -0.758463021456 0.0206686276038 -0.18466075412 
4 0.142600182028 -1.06741826699 -0.364733695525 -0.135854794721 -0.278711976641 
4 0.271814563942 -0.72900512134 -0.786966238583 0.2423153848 -0.277495535134 
4 0.284867203995 -0.694808992368 -0.614586176925 0.157727042966 -0.391665832908 
4 0.0719875291378 -0.214317723204 -0.791035307224 -0.0670667968444 -0.108634004402 
4 0.0984578439643 -0.781639854662 -0.654421682472 -0.227274782128 0.100657672764 
4 -0.26248067176 -0.717393359266 -0.511142630093 0.214404887635 -0.138476532717 
4 0.111902310446 -0.727084700248 -0.531032215544 -0.0654336876732 -0.102220487845 
4 -0.155010486816 -1.12489359485 -0.397414342708 -0.117398743502 0.0894236238834 
4 -0.124883682106 -0.581092684647 -0.696694067072 0.195415789364 0.201006522045 
4 0.257948962474 -1.03917159831 -0.249197948401 0.113642446217 0.134130015297 
4 0.158524052282 -0.846175696904 -0.640043050022 0.331534017867 -0.31051483611 
4 0.503173417605 -0.555449815596 -0.629065062472 0.0243419298866 0.229548161828 
4 -0.00195902586781 -0.938091303973 -0.658073710554 -0.211728574162 -0.0269277051502 
4 0.106597120055 -0.959671627821 -0.696378717276 -0.477286608593 -0.0640066919697 
4 0.226956240349 -0.754087282791 -0.463036904383 0.338093684612 -0.046919711946 
4 0.129839256654 -0.951923409235 -0.461531026408 -0.0786839047642 -0.341643471919 
4 0.23117539067 -0.758666592966 -1.08163108593 0.256959310161 0.304330704365 
4 -0.0922857417454 -0.064830406159 -0.483322777436 0.151298559156 0.169687166231 
4 -0.0257697239724 -0.883516043499 -1.044720711 -0.170570443391 0.264432493144 
4 0.328018300886 -0.435532888921 -0.619539299094 -0.0785040093345 0.0159884613645 
4 0.14019240231 -0.637624687156 -0.521326965313 -0.413195193996 0.0783758863403 
4 0.510838253168 -0.74622027066 -0.93432988888 -0.156868584865 0.233601450592 
4 0.434565042762 -0.699764611958 -0.572687996188 0.205128110114 0.278433773769 
4 0.436316396388 -0.46872360266 -0.713288103914 -0.119352327343 -0.241100310507 
4 0.0170467427027 -0.90809049307 -0.517472687574 0.0572526510097 -0.294260767696 
4 0.304559499719 -0.784585225523 -0.796644374599 0.0579012080875 0.00929277016264 
4 0.247483204216 -0.918545899983 -0.577448541336 -0.131711832329 0.102730522086 
4 -0.104373941644 -0.32917769879 -0.36275752496 -0.111778096886 -0.16297825311 
4 0.271554258563 -1.16052005865 -0.587281280728 0.274052123952 -0.170627603775 
4 0.286579541434 -0.865888441541 -0.703086599069 0.104960174088 -0.180149301871 
4 0.252072934954 -0.377437986904 -0.960741902775 -0.231263785144 0.0167822063621 
4 0.375438960727 -0.776500554785 -0.711896680734 0.064053026482 0.39135512322 
4 -0.168820036377 -0.579984251579 -0.805584866075 0.204391200422 -0.396630112225 
4 0.317502952324 -0.635346953861 -0.535423999069 0.0152507224002 -0.279596452831 
4 0.106289237687 -0.222584111964 -0.713655337975 -0.041801062521 0.0627470157867 
4 0.515139914011 -0.538225688227 -0.475780337073 -0.394896220354 -0.0880986549337 
4 0.442004231359 -0.77095485617 -0.638161187032 0.252680014782 0.0298345410653 
4 0.168697063574 -0.682476705046 -0.877191696912 -0.310500130695 0.0261035875281 
4 0.0668783891063 -1.08415985867 -0.152701517235 -0.120348848097 0.341555391682 
4 0.136154862914 -0.7316698027 -0.779320948333 0.0180865603949 0.110092523193 
4 0.583578759873 -0.898796969236 -0.899390413969 -0.375151206398 -0.0259307355706 
4 0.0930064506239 -0.724220457248 -0.815971659232 0.0775294466511 -0.166681740535 
4 0.558939737045 -0.713820393388 -0.58919618761 -0.019497645598 0.0291246641385 
4 -0.220826102332 -0.692413759612 -0.875561080633 -0.287047206064 0.0386982951518 
4 0.437862358231 -0.571423612833 -0.643761413143 -0.0608799965797 -0.0141703220513 
4 0.444310125363 -1.25324523762 -0.261718588785 0.0937770756991 0.356984587503 
4 0.1423747676 -0.529706262161 -0.660613390078 0.23813750982 -0.0266042427265 
4 0.156811166359 -0.683134941697 -0.66636600214 0.0808761110572 0.194743675676 
4 0.145195646206 -1.07670291056 -0.850849956001 -0.148945353567 0.189703811299 
4 0.148283850196 -0.709518870387 -0.75046571276 0.238617711406 0.116323199168 
4 0.0778677118125 -0.511504959974 -1.13585931217 -0.333890109917 0.141366762018 
4 0.604616843394 -0.533934150601 -0.619735158593 -0.247629679097 -0.100894487743 
4 0.324920896452 -0.633171063543 -0.986746357154 0.0713614058259 0.00489257332542 
4 0.0481328423462 -0.507164955004 -0.806878468827 -0.35618222604 0.0134802590834 
4 0.567614994476 -0.896308819538 -0.894416192307 0.155201493427 -0.120583296599 
4 0.97443863481 -0.713120902785 -0.915303922506 -0.0858531899534 -0.153136693455 
4 -0.0246725136443 -0.511369250302 -0.487706865486 -0.0413540622384 0.00868919900193 
4 0.242063586508 -0.594652022556 -0.502953335806 0.0332796132357 0.243342744615 
4 0.0153305849383 -0.436204532208 -0.4883757813 0.302392320003 0.218847023041 
4 0.0753276982134 -0.579411136242 -0.678870580511 -0.243000932542 0.163718606903 
4 0.409693269152 -0.807944613395 -0.386538398382 0.0529608990464 0.40036797442 
4 0.208994881144 -0.466556986945 -0.720749210576 -0.0858980498043 -0.0900936028768 
4 0.0564190895324 -0.659047470638 -0.38715764889 -0.158354728114 0.293986716749 
4 -0.430513519409 -0.749837816465 -0.788301282258 -0.0365766750022 -0.285610359439 
4 -0.00356793810661 -0.785227099753 -0.781738232091 0.118236265315 0.219332407016 
4 0.162483425977 -0.738877882609 -0.43947575409 -0.0473334460519 0.0822839959693 
4 0.387238887687 -0.502147286395 -0.749307879437 0.296880202333 0.327650186969 
4 -0.0651685587572 -0.571752087722 -0.729468919331 -0.0196373015288 0.000263473537963 
4 0.213301367548 -0.529711180951 -0.682338311984 0.300870605094 -0.116336152428 
4 0.542030609743 -0.779755136945 -0.93241258998 -0.251577320704 -0.090329794611 
4 0.553533980685 -0.555770706899 -0.762264336499 -0.495179013081 -0.160606314159 
4 -0.00491304798687 -0.748145281194 -0.840328369502 0.029667593544 0.422165549634 
4 0.0483284545706 -0.67596098229 -0.939251071123 -0.24731384398 0.330498914757 
4 0.505135088097 -0.456956208431 -0.426931610814 0.0263045761006 0.367112810778 
4 0.120599408766 -0.613240929926 -0.477268652905 0.184117223645 0.0350532818269 
4 0.462365346665 -0.876175341109 -0.874655607724 0.296514093257 0.0596367424649 
4 0.226143199519 -0.805565358304 -0.817997306956 0.323656323653 -0.135356524536 
4 0.503137574215 -0.940953479616 -0.727866928661 -0.218084510566 -0.0732007976754 
4 0.448172890954 -0.469767794169 -0.467718120957 -0.192382609874 0.092136425014 
4 -0.0214734497395 -0.493241468623 -0.742044477941 0.176672897016 -0.323953908589 
4 -0.273043102212 -0.885498441228 -0.445763457459 0.111029972048 0.01585406876 
4 0.135616760267 -1.25619557819 -0.739179609171 0.11076094356 -0.032438732641 
4 0.0503487050625 -0.259881745777 -0.524477529033 0.529051625452 0.311434884173 
4 0.631896455784 -0.53780965357 -0.683591074467 -0.287753004076 0.0704299071203 
4 0.0439596878636 -0.613184062577 -0.608534354048 0.0334181629369 0.28861190398 
4 0.152310365779 -0.458036203339 -0.816954046937 0.0220048119499 -0.153582834403 
4 0.245130469023 -0.79634495241 -0.482049692316 0.219360070229 0.207578349439 
4 0.360654353098 -0.903853737995 -0.675082606774 0.12683120233 -0.089873463786 
4 0.276573636238 -0.382892917417 -0.871387279657 -0.344502395555 -0.190926423053 
4 0.556775546291 -0.387792615798 -0.736894316804 0.235963932523 -0.0530458345808 
4 0.202590091356 -0.415026015575 -0.553205905424 -0.0588078401942 -0.0517581514966 
4 0.494738246588 -1.12444662947 -0.599867867479 0.0769292108768 0.0473163047339 
4 0.312893798042 -0.985714134486 -0.798893536663 -0.021855153504 0.255031638022 
4 -0.275304897416 -0.758831240283 -0.47814200482 0.107924781666 -0.168278037315 
4 0.240596362093 -0.523932764969 -0.0770062516113 -0.221688195288 0.0939874412377 
4 0.022242258032 -0.808720163605 -0.171324564796 0.411990735469 0.280266401037 
4 0.418483751906 -0.467139751439 -0.892634427082 -0.208874104698 -0.241150794083 
4 -0.0846328622679 -0.896890125317 -0.27260334716 -0.107983895702 0.114536207255 
4 0.0697835374921 -0.603470793139 -0.838755023722 0.0508759863487 -0.0166760464656 
4 0.359759529815 -1.44680601808 -0.303549503164 -0.00920547132982 0.233995802591 
4 0.498269368154 -1.10260275469 -0.770812483446 0.362968318571 -0.0342386540252 
4 -0.116468942501 -0.874744609189 -0.602445145656 -0.222609647218 0.031575944013 
4 0.243398148759 -0.860088960855 -0.39092319308 0.063625839494 0.149588375197 
4 -0.0143419726972 -0.790686111594 -0.420778715617 0.137227237805 0.25623078761 
4 0.363145111126 -0.400609440266 -0.778711756803 0.282054731589 -0.066349613934 
4 0.0225010141796 -0.847273423029 -0.376464433047 -0.330025395852 0.119552318347 
