0 -0.041976722673 -0.308375688933 0.261718270452 
1 0.741893825134 0.0621647416748 -0.257054257954 
1 1.15669754883 -0.16517730968 -0.0804213482069 
1 0.319634226651 -0.303349378267 0.275542368456 
1 0.487964939076 -0.224379695996 -0.385528620925 
1 0.846520385525 -0.11317416554 -0.0250656904293 
1 0.541127704577 -0.299955899152 -0.0266890520307 
1 0.404883048538 -0.0703844060375 0.337716356999 
1 0.825590626795 0.190142771083 -0.085722227257 
1 0.698025225234 -0.415664938275 -0.0772144429473 
1 0.940258583242 0.389249025735 -0.32754898729 
1 1.34259744861 -0.181259335179 -0.138445794652 
1 0.989704703978 -0.563137213321 -0.00764104010917 
1 0.380755396247 -0.722355837848 -0.0116978049622 
1 0.686801654058 -0.372102689204 -0.0434759007132 
1 0.436004302645 -0.0623749566879 0.0034902836275 
1 0.822659717914 -0.248527691871 -0.218832953749 
1 0.566984775117 -0.673971440615 -0.0190147477661 
1 0.352511279984 -0.0705218269169 -0.365574291341 
1 0.701454463754 -0.18441605476 -0.122066050755 
2 1.16103170724 0.598707782698 -0.667829172171 
2 0.792657940431 0.206962172677 -0.597082175899 
2 0.804467308051 0.240665192799 -0.589969884169 
2 1.41469574984 0.191862991889 -0.691994736483 
2 0.827600286055 0.789417957584 -1.00857752676 
2 0.977422718012 0.413637719194 -0.382139158167 
3 0.456324099829 1.05640257 0.862304021752 
3 0.241900760454 0.547767110774 0.782389181356 
3 0.329224518855 1.03819429992 0.986127541222 
3 0.508849909669 0.699979202958 1.09523037115 
3 0.0646338866544 0.96528844693 0.77027109884 
3 -0.114598909605 0.980505486012 1.18087853778 
3 0.56168331982 1.04175595445 0.901899477014 
3 0.480531141522 1.19537361744 0.966599854994 
3 0.323242711133 0.844277529299 1.17508220979 
3 0.483021749503 1.05020892562 0.950359196176 
4 0.931893185989 -0.88211521938 -0.920002529157 
4 0.667518293799 -0.614372185506 -0.790142304448 
4 0.526338563453 -0.394529007799 -0.438458124166 
4 0.516280341137 -0.821228637131 -0.184362318707 
4 0.393686149494 -0.951088618953 -0.898969037893 
4 0.768972340325 -1.12705015702 -0.780123367747 
4 0.996893227411 -0.390723671952 -0.738399871127 
5 -0.623373703897 0.294882896561 -0.0829152596527 
5 -0.106194190337 0.270354265032 0.012918347353 
5 -0.360323538298 0.70902441626 -0.357736336343 
6 0.866423947269 0.0726865090731 0.0761189082184 
6 0.63433335743 -0.273526759414 -0.356508654978 
6 0.386640252922 0.479906126408 -0.192888083077 
6 0.500631816996 -0.0417560316183 -0.177632464347 
6 0.584835405803 0.116012854834 0.269767714858 
6 0.687765756039 -0.0719391651809 -0.090320559203 
6 0.656132311463 -0.0331065642502 -0.125684310495 
6 0.844180333769 0.289370351868 -0.0753461272234 
6 0.658852933052 0.321061706864 -0.0193838188847 
6 0.797721607572 -0.102948441259 0.0965859014998 
6 0.345402999054 -0.163107012078 -0.147461310169 
6 0.237838712366 0.15993195332 0.255003735436 
6 0.335084567214 0.515960894764 -0.201612250973 
6 0.306123380524 0.265501601511 0.0325193318244 
6 0.472094155848 -0.173004495204 -0.317326523875 
7 -0.803956674026 -0.53856281233 -0.938293069437 
8 -1.12999885648 -0.0496347107446 -0.432871876419 
8 -0.980277585967 -0.0313906508874 -0.687570400787 
8 -0.933793090167 -0.287286268513 -0.536192242968 
8 -1.15507883491 0.253985519878 -0.74360052694 
8 -0.63439502689 0.101577176254 -0.275375904848 
8 -1.01597153627 -0.04267935533 -0.722765328589 
8 -0.62301402786 -0.22306068245 -0.484699498328 
8 -0.762642273562 0.0324920755604 -0.60474907707 
8 -1.14278873241 -0.112455678643 -0.216864437512 
9 -0.641952333214 -0.39158459732 -0.726305668728 
9 -0.392624748599 -0.157905396327 -1.15563025657 
9 -0.143926193977 -0.335543297421 -1.09900395354 
9 -0.515943419523 -0.730525426565 -1.15191449025 
9 -0.369337224504 -0.961227550017 -0.844468340387 
9 -0.0784874003206 -0.654761576938 -0.865452835735 
9 -0.577359297625 -0.351627024691 -1.0155427817 
9 -0.399528513329 -0.388707310534 -1.00543782429 
9 -0.51245914808 -0.802350831891 -0.883822811625 
9 -0.719121554475 -0.417870989535 -0.808409416044 
10 -0.0408997555598 0.24295005904 0.256753954113 
10 0.0339584779358 0.0246677143188 0.323704301293 
10 0.144479007255 0.139412993157 0.0577815189301 
10 -0.0883427171388 0.199468464627 0.192145717542 
11 -0.193042819181 0.117657601317 -0.449683883556 
11 -0.230419694032 -0.530854667942 -0.283346178156 
11 -0.541256304809 -0.127078351464 -0.347792792859 
11 -0.78571259476 0.133960308877 -0.555780058915 
11 -1.00537999653 -0.207404675186 -0.608676086191 
11 -0.405198611728 0.170041465742 -0.675185533397 
11 -0.423530785892 -0.154143798951 -0.426451963292 
11 -0.495010820069 -0.220010898372 -0.408917225074 
11 -0.399052654304 0.0635230591798 -0.503808739034 
12 -0.264882836439 0.684362979784 -0.896867502453 
12 0.00184955725108 0.483054103731 -0.872445308603 
12 -0.377150941864 0.864226262475 -0.931490121306 
12 -0.0688390716266 0.317781690133 -0.992418277175 
12 0.149960647602 0.381027906705 -0.970817040599 
12 -0.326694210685 1.02280462613 -1.08421171926 
12 -0.0688603488479 0.168256243895 -0.547790390072 
12 0.234193065348 0.420372738888 -1.04944964089 
12 -0.0416439867356 0.478125701282 -0.601587853917 
12 0.108947976704 0.455070656121 -0.643151791012 
12 0.0550072159476 0.657557456462 -0.81902630617 
13 0.284542459192 -0.488757151131 0.451937519424 
13 0.132315707533 -0.180411462787 0.590935435924 
13 0.638345023351 -0.251651424438 0.81436960684 
13 0.380150830777 -0.409756825546 0.663814927404 
13 0.0250187628446 -0.355623274653 0.348695463191 
14 -0.67580594736 -0.786981513328 -0.335916587048 
14 -0.902655610122 -0.885613970233 -0.770352197811 
15 1.23165856041 1.03315192848 -0.163209872514 
15 1.02981922657 0.573465216379 -0.398864652651 
15 0.909892743835 0.887708972517 0.151833297629 
15 0.841247274524 1.06261905387 -0.0284763497586 
15 1.00175538203 0.713580597534 -0.124301591444 
15 1.00357758213 1.0812464323 -0.0477599671777 
15 0.746572553781 0.74475038356 0.138512264324 
15 0.641299822967 0.937255879977 -0.0770808031875 
15 1.13073942508 0.82686362901 0.258033045685 
15 1.0656639938 0.654639343545 0.327232517744 
15 1.11619572072 1.13559891087 -0.0939052845771 
16 0.381769276679 -0.290669602491 -0.496429905079 
16 0.0372687239522 -0.396160053835 -1.14482600976 
17 -0.752402987669 0.704326407854 0.650223558031 
17 -1.01261853574 0.534801695061 0.183464031893 
17 -0.512933666548 0.711593158711 0.467846703283 
17 -0.798084134831 0.646144196504 0.790940864487 
17 -0.493376549928 0.205324278966 1.24115311197 
17 -0.407670100618 0.79527863349 0.983957483939 
17 -0.608118167115 1.0181092944 0.759444288819 
17 -0.361077917812 0.512159930833 0.520111717454 
17 -0.685007822176 0.866680788315 0.870034626589 
17 -0.676076785912 0.730838730004 0.830318275051 
17 -0.46204957457 0.603163778121 0.627314840165 
17 -0.232156332641 0.372824107102 0.360058865783 
17 -0.430628560072 0.562425941907 0.303148695757 
18 -0.441320940087 0.488063805276 0.346527896508 
18 -0.648428014379 0.288809787864 0.805188016481 
18 -0.657283539699 0.785867236201 0.234747042796 
18 -0.676368770723 0.846936803939 0.425875651586 
18 -0.594339040715 0.579197123388 0.133770620385 
18 -0.437258067254 0.480450667052 0.900892718279 
18 -0.566876829357 0.588358738981 0.45851712226 
18 -0.306883573105 0.186806665087 0.325198653107 
18 -0.615643706903 0.761227891701 0.00358414520388 
18 -0.487031848472 0.648376968975 0.601153353845 
18 -0.0680156618457 0.594624536068 0.0497927874429 
19 0.0894735088453 0.191706509546 1.32464042217 
20 0.760060282125 -0.0577723333473 0.30204309659 
20 0.610134971526 -0.0416927883763 0.324212520312 
20 0.58379947654 -0.0425749146255 0.561163908348 
20 0.790113764475 0.426183968717 0.571663753362 
20 0.996599162727 -0.0558644546626 1.05801670771 
20 1.29278569798 0.242002277015 1.06248547538 
21 0.599488504859 0.647630557544 0.740263668545 
21 0.718651935919 0.852340052657 0.143771307677 
21 0.855864719531 0.926200129039 0.549965398732 
21 0.194605367631 0.570406085139 -0.225845578265 
21 0.684550788935 0.455297718896 0.367048398793 
21 0.758931276105 1.08946039179 0.295521417759 
21 0.626137993059 0.869377685807 0.375884620207 
21 0.894111307166 0.637520852685 0.645855185499 
21 0.580928292722 0.808723953976 0.508727625298 
21 0.687818638693 0.595193926516 0.455667821737 
21 0.453994187168 0.749671416068 0.447277679541 
21 0.697236812001 1.17161997123 0.444084017206 
22 -0.789290916113 1.04444499553 0.113757648465 
22 -0.768520074474 0.48659080948 -0.347051153939 
22 -0.764043687869 0.624210979578 -0.601462592828 
22 -0.747732191411 0.683204951306 -0.251626074072 
22 -0.622965039541 0.453314995782 -0.492523887106 
22 -0.574262849706 0.120323266972 -0.125727593562 
22 -1.1315413522 0.556689349459 -0.378399084073 
22 -1.0865783459 0.426833456939 -0.452689097879 
22 -0.919156269368 1.16962499547 -0.231768861468 
22 -0.840133107104 0.700519615772 -0.129130912382 
22 -0.938137897358 0.429451631375 -0.543643328907 
22 -1.31808680383 0.618994329162 -0.467194883548 
23 0.187778086574 0.540234284284 0.316679262761 
23 0.222870882614 0.845263949988 0.509101181718 
23 0.209318732961 0.974658808006 0.320338482599 
23 0.172399347654 0.98426704693 0.322311807013 
23 0.429537728409 0.375032417405 0.489322564075 
23 0.212795284475 0.543776298916 0.58316831577 
23 -0.0740363238648 0.774204710447 0.213825681372 
23 -0.00422452593217 0.538901433105 0.243502661983 
23 0.250668263027 0.714937296358 -0.016937086162 
23 0.626058195554 0.618591808939 0.434178907916 
23 -0.097161631737 0.46349713039 0.485166458217 
23 0.408169590062 0.751590080495 0.196474653644 
23 -0.0935262953157 0.461649509851 0.690090910073 
23 0.227188574408 0.482527452614 0.0159751261286 
23 -0.0363116475848 0.457133342887 0.104534780618 
23 0.681023088379 0.0628274213122 0.0230446651524 
24 0.341254321363 -0.16966169996 -0.191579664105 
24 0.71258026319 -0.239053083895 0.221631168836 
24 0.299061982106 -0.267575788038 -0.237484523487 
24 0.252286366732 -0.38533056269 -0.0879406925825 
24 0.225160599284 0.10678805106 -0.356662078857 
24 0.396397822629 -0.00659973915788 0.111144456722 
24 -0.108309924963 0.319066401208 -0.187107932732 
24 0.576693088141 -0.369578531325 -0.0237684625506 
24 0.322708153626 -0.0894370520548 -0.286823736082 
24 0.525677931084 -0.0974230080138 0.0319303931647 
24 0.533120887463 -0.174587063281 -0.0686335303522 
25 -0.620533390672 0.651600862366 -1.25338324944 
25 -0.0918467600139 0.671911155286 -0.803797101627 
25 -0.874689052407 0.608576331696 -0.856166200827 
25 -0.613390385642 0.598042075422 -0.829902600745 
25 -0.487430892034 0.823792889812 -0.928664005324 
26 -0.00428235443353 0.105585371404 -0.377745529818 
26 0.241890137261 0.140649950958 -0.532478742073 
26 0.304872699271 0.387873667669 -0.755967336234 
26 0.151469974786 0.448951124393 -0.926913670951 
26 0.225345639397 0.296651654852 -0.764260337244 
26 0.664055283372 0.131729784842 -0.663886542511 
26 0.323760607374 0.486575101252 -0.694908834566 
27 0.517292295847 -0.383192998274 -0.582159051127 
27 0.748465686923 -0.425326400121 -0.603396376537 
27 0.928726751124 -0.241059988374 -0.602948777624 
27 0.794766883301 -0.119260999907 -0.822189152837 
27 0.630763181056 -0.47254296343 -0.826425066103 
28 0.805813835947 0.889076338938 0.624238489248 
28 0.170261124817 1.14915578747 0.918104177228 
28 0.619616030616 1.49875036395 0.95521833235 
28 0.524538967189 1.02796042062 0.832391911629 
28 0.471965877916 0.969536752569 1.23739286511 
28 0.48299686469 1.31235078617 0.930064651386 
28 0.65457576823 1.11752739781 0.825465964605 
28 0.816551379816 1.09464580367 1.01245953802 
29 -0.945220393754 -1.11417670956 0.0688584638841 
30 0.891595193614 -0.767294722254 -0.902444480594 
30 1.16161856933 -0.576200997948 -1.53921138815 
30 1.00550266317 -1.0360026326 -0.749289910058 
30 0.876779844116 -0.59512422501 -1.0469470719 
30 0.658180656019 -0.924416000391 -1.21493960879 
31 -0.252842713435 -1.29501736381 -0.305941912389 
31 0.529868066382 -0.663155460013 -0.579066320344 
31 0.1452357433 -0.841133965791 -0.356396934261 
31 0.0867818015381 -0.935973594725 -0.671327270316 
31 0.31677620419 -0.771597180251 0.0324946690935 
31 -0.147594427917 -0.950795256202 -0.321890465415 
31 -0.18267765278 -1.08899571542 -0.297975241564 
31 0.242673730973 -0.853689547349 -0.412505719427 
31 0.402550235529 -1.18544083796 -0.324503143852 
31 0.11305927541 -1.17151036499 -0.464958704369 
31 0.0120472166093 -0.919315277458 -0.472379782195 
31 0.0243869934936 -0.931972871574 -0.795293500264 
31 0.476340556205 -1.04885066429 0.0466654424664 
31 -0.00229843163046 -1.02363999844 -0.119686693096 
31 0.0793922148719 -0.769559588575 -0.421556078128 
31 0.352222943491 -0.482546068476 0.191334008354 
31 -0.127395477198 -1.23201011911 -0.217386409051 
31 0.108102010528 -0.787293085703 -0.344066721452 
32 -0.639937626707 0.698755749065 -1.12113074154 
32 -0.719167803375 1.11246061502 -0.96219969884 
32 -0.829036068185 0.96005366673 -0.605124458569 
32 -0.400717740959 1.24216106063 -0.584761728501 
32 -1.04100112543 0.923780080808 -0.827886657621 
32 -0.936392908648 0.563099808675 -0.634245307977 
32 -0.723555765457 0.888835944561 -0.29528571384 
32 -0.609276751624 0.735613933266 -1.1325921062 
32 -0.63753375647 1.03394349265 -1.0731930372 
32 -0.712088583926 1.13472351789 -1.16050985832 
32 -0.919219453804 0.674074454937 -0.767658474465 
32 -0.709974118253 1.28201929429 -0.446837554572 
32 -0.992461883723 0.835730437016 -0.726057465415 
32 -0.554683565452 1.20974907715 -0.793689248764 
32 -0.908313975205 1.0355478438 -0.646418589751 
32 -0.706098864213 1.19416724421 -0.692681955674 
32 -0.740621891163 0.939604618467 -1.13222431508 
32 -0.966163466161 1.15355706767 -0.627766938352 
32 -1.04666016348 1.05610406087 -0.755629640239 
33 0.801067061446 0.634970692446 0.524565011044 
33 0.627658443628 0.0943118627343 0.253954792234 
33 0.529774444248 0.0778719048683 0.484783520486 
33 0.560132441929 0.134464754886 0.0314628864595 
33 0.460751739717 0.311281127453 0.388506429373 
33 0.928722573301 0.324033917413 0.231431545382 
33 0.707370386126 -0.171145115589 0.139072946483 
33 0.664399135616 0.19017880051 0.331927962058 
33 0.821290229351 -0.0498770945623 0.240696872135 
34 0.743410087724 -1.10358562873 -0.284564716563 
34 0.553898179822 -0.699486105758 -1.03555975319 
34 0.814464331979 -1.05767249546 -1.10093060282 
34 0.938543123582 -0.908075321389 -0.546443941171 
34 0.633218184766 -0.877981729661 -0.755434079174 
34 0.471266375527 -0.67064964371 -1.32393574548 
34 0.36485484408 -1.10390196393 -0.330747527923 
34 0.401880743234 -1.33900745709 -0.905442424225 
34 1.07642483409 -0.751801308317 -0.682316068074 
34 0.923182321998 -0.435252163271 -0.696848732298 
34 0.798712637069 -0.872157541476 -0.474780235422 
34 0.85563410168 -1.0162946813 -0.669637449961 
34 1.05770359083 -1.10439729735 -0.400694533504 
34 0.827594292408 -1.17292258377 -0.813901196837 
34 0.677120942386 -0.865955941645 -0.656822254688 
34 0.888777657801 -0.857539137863 -0.778081133678 
35 -0.592779878824 -0.219864227526 0.909121817701 
35 -0.43368507301 -0.296531160545 0.884060491352 
35 -0.910309036389 0.212405983995 0.988804297022 
35 -0.976386526486 0.232883491285 1.26410203052 
35 -0.773187588477 -0.141750008666 1.31441488866 
35 -1.20769202928 -0.205950955284 0.723088253735 
35 -0.693754825703 0.0416670418559 0.832947681829 
35 -0.821763038209 -0.395246905378 0.789791800487 
35 -1.13256012638 0.32170597871 1.00716822311 
35 -0.880890749472 -0.0978967296219 1.07176836414 
35 -0.978991667734 -0.067214346042 1.00759791649 
35 -0.970759611608 -0.28614230689 0.936208883419 
35 -1.00942003061 0.0411457119619 1.21847393344 
35 -1.02649972732 -0.0234912995868 0.798098351213 
35 -0.966868904614 0.209966321404 0.69849810403 
35 -1.00022400551 0.0875648570235 0.664153098476 
35 -1.0808380725 -0.227069668904 0.926166416924 
35 -0.949131704385 0.131885583963 0.673740359981 
36 0.606598890514 -0.0169240790765 0.630801996927 
36 0.343553951349 -0.0119512146403 0.241586906512 
36 -0.0846821308592 -0.223957375846 0.617968148514 
36 -0.0537020656744 0.0929401941566 0.159536490938 
36 0.0968326509039 -0.0386445851703 0.277333683276 
36 0.161393625107 -0.0828254288269 0.462577596249 
37 0.720112652224 -0.796692874187 -0.148659314949 
37 0.385533205144 -0.821758618815 -0.271855491869 
37 0.22046278016 -0.44760813551 -0.175649456787 
37 0.44802994969 -0.874841029623 -0.501115549526 
37 0.280001802499 -0.755355745582 -0.104254171888 
37 0.43571244422 -0.67675449029 -0.287708986095 
37 0.480552011815 -0.746288950211 -0.0894187297578 
37 0.807001211664 -0.41347472291 -0.209704576981 
37 0.580397205211 -0.555880693387 0.0669930136314 
37 0.149258972484 -0.428240832845 -0.0911937241236 
37 0.058127140235 -0.646874844777 -0.0732633497931 
37 0.424110783169 -0.635495179462 -0.0131950755086 
37 0.171321681449 -0.530464326016 -0.0330275191205 
37 0.524634321713 -0.483710151482 -0.535187576825 
37 0.44943311954 -0.711879287768 -0.0964961174684 
37 0.316729341273 -0.837446287864 -0.154757892745 
37 0.485640768117 -0.513653796147 0.150184523344 
37 0.712537006206 -0.564995531187 -0.267783161264 
38 0.142139230613 0.363647440076 0.768183414131 
38 0.768759044498 0.179025045909 0.756534265649 
38 0.354189967316 0.76856716237 0.877241119206 
38 0.702052106087 0.245794414192 0.487800814042 
38 0.526247647066 0.473942904839 0.851257036399 
38 0.689940005318 0.450220682661 0.944013193528 
38 0.4584027545 0.188567628085 1.06408100348 
38 0.346148742452 -0.0170262961109 0.634666412963 
38 0.51471026212 0.172562041924 0.904086125486 
38 0.193863981432 0.573368564257 0.991442031881 
38 0.572970182223 0.37344463649 0.635993574351 
38 0.648990769812 0.0954627779475 0.82469126457 
38 0.874355000411 0.344088774131 0.863067629345 
38 0.140978480342 0.842855525313 0.659176783682 
38 0.510740274827 0.45277724665 0.393769448684 
39 0.175960412022 0.554502313124 0.925879764676 
39 0.140043542879 0.216626915765 0.981300051168 
39 0.241883679606 0.485911921376 0.874129232957 
39 0.101069446247 0.768516572912 0.973974352923 
39 -0.0190573396815 0.49381596968 0.794275200066 
39 0.353009464078 0.929604716375 0.684302072895 
39 0.261099694225 0.629089812448 0.714865331596 
39 0.286481053543 0.358788506615 1.21776330628 
39 0.438213089621 0.576931681713 0.932648402411 
39 -0.0751899914827 0.669714961024 0.964086912213 
39 0.410189754285 0.844031033747 1.36702789827 
40 0.401844196364 -0.0847606191919 -0.921927244493 
40 0.805567361011 -0.42458067268 -0.811936450652 
40 0.43840570316 0.123505023072 -1.07284344307 
40 0.884218280797 -0.132210157603 -0.807743420999 
40 0.380798774428 -0.0750167547587 -0.687386759292 
40 0.812160240843 0.219446468952 -0.778069064276 
40 0.762381169246 -0.171188542575 -0.896527657726 
40 0.620098514173 -0.113826240958 -0.787510759085 
41 -1.0043283737 -1.00867550881 -0.136168264896 
41 -0.432477648766 -0.687510551322 -0.363106847454 
41 -0.79035011236 -0.681172574218 -0.55449259375 
41 -0.827755428577 -0.205474702221 0.0322784467978 
41 -1.17862458932 -0.592477911398 -0.617966480769 
41 -0.991065884842 -0.575859369325 -0.663251920165 
41 -0.892443251661 -0.666317308989 -0.481637458787 
41 -0.971641987324 -0.756451371054 -0.269573318129 
41 -0.701547347761 -0.772711828625 -0.329758865356 
41 -0.644619995029 -0.549560298936 -0.498034710276 
41 -0.669353731419 -0.54391858368 -0.340955753896 
42 0.117424291479 -0.388072045491 0.473019489169 
42 -0.191813494495 -0.20569598848 0.363760565925 
42 -0.0413647250024 -0.038389979569 0.785746102383 
42 -0.212482211725 -0.362004631756 -0.133331379004 
42 0.190208287341 -0.106945831447 0.223123580561 
42 -0.219174628613 -0.224639730571 0.186432356264 
42 0.237967129297 -0.365824633264 0.2624236479 
42 0.0448681907898 0.0239827895352 0.536025986209 
42 -0.232422899669 -0.173074598572 0.249357270797 
42 -0.0565255680631 -0.241487528069 0.280361410318 
42 0.301041420003 -0.289640125576 0.259583364277 
42 -0.302186717226 -0.0859996094401 0.0389835466773 
42 -0.248442992618 0.0514137951724 0.0339347419128 
42 -0.139043019433 -0.526283608144 0.218076810101 
42 0.0796689440458 -0.197247591947 0.32853167812 
42 -0.140639591923 -0.17814459304 0.44695581512 
42 0.21655320595 -0.415523074461 -0.0516443990719 
42 -0.181242649694 -0.494539519824 0.322668187414 
42 -0.151362367964 -0.154300200889 0.0272919672839 
43 0.22482039273 -0.155008095274 0.575048157924 
43 0.223760818175 0.382451163411 0.618067990665 
43 -0.139299660502 -0.410140171798 0.763183332768 
43 0.40285802592 -0.194750311252 0.534935718163 
43 0.418556980439 -0.334839004853 0.768281409161 
43 0.408192632193 -0.0728942426808 0.949987017756 
44 -0.492322931325 1.04711452561 -0.22000489309 
44 -0.719389553335 1.1880826178 -0.0854762348602 
44 -0.470888373892 0.826941329881 0.111340897428 
44 -0.837210013481 1.02240195805 0.196919093338 
44 -0.472557817561 0.963762650104 -0.0265929972549 
44 -0.371470879842 0.992530642043 0.357889474803 
44 -0.830082147363 0.994230579974 0.383644894022 
44 -0.329870883641 0.956547817602 0.14001220661 
44 -0.520156174509 1.1563023847 -0.0538709903691 
45 0.0469287905699 -0.718519119916 0.990153822407 
45 0.194371815868 -0.834029557436 1.24418486097 
45 0.338242126356 -0.334046622559 0.899256978145 
45 0.101545707344 -0.680094415307 0.868734733164 
45 0.347272908947 -0.802205238281 0.723692251689 
45 0.106027561419 -0.804160595942 1.13732666639 
45 0.268148645454 -0.875300582702 0.718885017573 
45 -0.0616186901349 -0.538272130266 0.886005761993 
45 0.14923765956 -0.644370849595 0.954222250927 
45 0.33360411349 -0.752316156543 0.741096283735 
45 -0.11723161617 -0.684273239004 1.02341474469 
45 0.0750703623761 -0.847228834813 0.849616060023 
45 -0.01777477818 -0.682997032553 0.718372443242 
45 0.220860560356 -0.750167818606 1.0654535197 
46 0.634330900305 -0.450881895689 -1.0157163953 
46 0.141158725968 -0.0705995050192 -1.01024556701 
46 0.808839500828 -0.615355273187 -0.997332815526 
46 0.542943029707 -0.532361438488 -0.280521508848 
46 0.275162665578 -0.306857521493 -0.989318581782 
46 0.388674107951 -0.381424252636 -0.981116629225 
47 -0.64509740061 0.826109673782 -0.360508617174 
47 -0.66440274662 1.02633134636 -0.137035122078 
47 -0.64781667051 0.937295629659 -0.63468439609 
47 -0.907136384788 1.08687119816 -0.232189492967 
47 -0.108393520075 0.616501699544 -0.180392692477 
47 -0.382022472725 1.17423720446 0.0757115166294 
47 -0.604537271861 0.849900532199 -0.372579371189 
47 -0.669487147549 0.67223553465 -0.461467491922 
48 0.0174636927101 0.216863825712 0.209519564811 
48 0.240056878767 0.171768000644 0.37853967015 
48 -0.139922540359 0.541640585167 0.476242930884 
48 -0.0273914781021 -0.0243678933159 0.354454963427 
48 0.253060035644 0.768696185417 -0.330777078372 
48 -0.250333999457 0.546618973761 -0.0889463294818 
48 -0.405453652572 0.111703385824 0.52927679658 
48 -0.12287965115 0.912715328447 0.360914158623 
48 -0.532292308755 0.174608696441 0.304941610628 
48 -0.0110584461619 0.534077354339 0.15359937101 
48 0.1922531027 0.721456216754 -0.10570567065 
48 -0.0150451894452 0.399498513891 0.384935940207 
48 -0.169002852157 0.287227605431 -0.0395929107483 
48 -0.0767800158783 0.485040512704 0.0570706037573 
48 -0.433990165603 0.175028213142 -0.12961518959 
48 -0.362725825092 0.328846666114 -0.0609060812 
49 0.462452700203 0.847251720546 -0.697840805419 
49 0.50806469517 0.736277794868 -1.04873865417 
49 0.671842074533 0.779832500392 -1.14322828566 
49 0.821694107922 0.887507884846 -1.48030919517 
49 0.22558648104 0.909837769066 -1.07984343939 
49 0.566846019429 1.20130601152 -1.17567661598 
