0 -1.12603351111 -0.594485684984 0.232411023242 0.541425634889 0.0328617498121 
0 -0.897343285858 0.0182191377428 -0.015373914189 0.619737688037 0.165098529278 
0 0.288005173058 -0.226064150481 0.084163648616 0.492812926352 0.641023763579 
0 -0.828931633205 -0.0548044166147 0.270074403818 0.0513988924893 -0.226996838473 
0 -0.857389808545 -0.72454949834 0.032389005487 0.226232269521 0.176432211762 
0 -0.646354460387 -0.168757063019 0.438912740855 0.681081392649 0.293357351627 
0 -0.99320612117 -0.215477015276 -0.171437496745 0.738929541268 -0.0877943303811 
0 -0.767315724722 -0.400436430077 0.171134575563 0.607321227863 -0.158993018789 
0 -0.705845967538 -0.301753031584 0.48731222034 0.210942796839 0.14961004128 
0 -0.693729985489 0.172139185875 0.764193604785 0.476283895511 -0.111925801057 
0 -0.785201020626 -0.348586000539 -0.0918597596273 0.690862389031 -0.0818630323071 
0 -0.795444692502 0.231390862756 0.192342529053 0.726901134875 0.10111457579 
0 -0.888528430469 -0.488911867238 0.270848334075 0.315396594027 -0.0841605545431 
0 -0.716422912174 -0.369343805001 0.238204442843 0.552063599214 0.183644054206 
0 -0.702505536295 -0.473357723165 0.646298891064 0.0230523305679 0.143278542374 
0 -0.912327831218 -0.0747576400799 -0.150349560674 0.675508449539 -0.533956826763 
1 -0.275797910632 0.911125706892 0.606787530611 0.189838511889 0.238699368208 
1 -1.00753861788 1.32022748734 -0.316710716195 -0.249427452102 0.172771171568 
1 -0.273144361017 0.969773722185 0.712036187877 -0.46297100969 0.711799598731 
1 -0.714058351569 0.866949915918 0.297016895256 -0.618673299177 0.244195141958 
1 -0.637114585467 0.884468236097 0.176233487467 -0.508125895918 0.737581995075 
1 -0.211747163186 0.486217976427 -0.126629408137 -0.283763375337 0.486788321052 
1 -0.410014931763 1.54825371849 -0.483604646874 0.0225897352552 0.250362384685 
1 -0.748027156461 0.517123652825 0.438262567789 -0.386008406714 0.183968658638 
1 -0.289966911639 0.768580107007 0.431270185317 0.0266272529202 0.478154870137 
1 -0.692441122828 0.323314913526 0.135402662916 -0.201469785754 0.659961011849 
1 -0.544851406902 0.901729739163 0.361718555133 -0.476634786462 0.423626684982 
1 -0.0406233885863 1.02366660618 0.184718517626 -0.437573166074 0.198815177949 
1 -0.616701866609 0.640210555666 0.250561421564 -0.644538561787 0.542428625768 
1 0.0992228307284 0.798639859055 0.355114400507 -0.602825557417 0.318666823299 
1 -0.447584925377 1.39985009702 -0.152854287872 0.61631888461 2.02635016896 
1 -0.30910484586 1.24612065538 0.381705550968 0.00383992650828 0.11218927687 
1 -0.485614085393 0.978188078879 0.345523045558 -0.494880940088 0.619628644214 
1 -0.114326955107 0.649683220845 0.424253711836 -0.165587573669 0.526280534268 
1 -0.309039621082 0.780096757176 0.314348481137 -0.637111470454 0.545971747947 
1 -0.0572735915224 0.384671789313 0.352442154643 -0.582386708195 0.753534147919 
1 -0.796767108858 1.06170826698 0.129083720005 0.131590695512 -0.0932782870702 
1 -0.4713219953 0.363627069017 0.295058020298 -0.216149418907 0.732572134499 
1 -0.605387214058 1.04887987521 0.0297112357064 -0.454849182762 0.49221736426 
1 -0.382153975083 0.928591496511 0.206083378564 -0.149296964237 0.212689402956 
1 -0.953630068225 0.991970138882 0.517545187699 -0.631059491122 0.248150443676 
1 -0.31370640181 0.957904948579 0.374023707687 -0.269353180268 0.413191493708 
1 -0.422395532833 0.956890932179 0.545530361058 -0.718001249716 0.541182606924 
1 -0.1318649209 1.1940921662 -0.390128373533 -0.473328178499 -0.0186511303647 
1 -0.358145198656 0.922558654168 0.476283286362 -0.551805808465 0.257096791098 
1 -0.697700780061 0.888799389448 0.169488152773 -0.602468575812 0.552823224586 
1 -0.756445968662 1.38780027731 0.274880368413 -0.165484461581 0.369621314734 
1 -0.710051503716 0.652288805053 0.224572466251 -0.403252502325 0.506934773216 
1 -0.661330498668 1.10526327614 0.091531478482 -0.378955640173 0.521711375473 
1 -0.582176821936 0.705336245583 0.29393576422 -0.510117458052 0.0358245240853 
1 -0.48103153817 0.462837602493 0.0985024043684 -0.889995255011 0.458909783198 
1 -0.338695959541 0.635649087069 0.461726447854 -0.260488531438 0.595149054963 
1 -0.668495402351 0.45017295016 -0.0586949968348 -0.565187405136 0.165090668552 
1 -0.91716307964 0.837010907571 0.354495256485 -0.263322801818 0.656265052459 
1 -0.448322164888 0.557284373881 0.1669937284 -0.513324165803 0.440149266589 
1 -0.243116531025 0.878135523252 0.344114530547 0.140961321397 0.622099645187 
1 -0.513785751587 0.574505015947 -0.000698276989683 -0.219473933067 0.835901221799 
1 0.163313909243 0.968160451337 0.39622876347 -0.376771636322 0.335152125313 
1 -0.704359112924 0.599628472089 0.256109315365 0.137399659004 0.669739561362 
1 -0.568742779036 0.325385312949 0.406993671907 -0.316692877415 0.348147030109 
1 -0.309863682013 0.663746720857 0.533475297329 -0.980090941914 0.203707937392 
1 -0.667304002543 0.964645504233 0.234763650063 -0.450342787654 0.562343082005 
1 -0.583860916085 0.856234106374 0.396232333022 -0.427289268815 0.116013946011 
1 -0.731841136564 0.584811877752 0.383792352924 -0.116383870154 0.720279328158 
1 -0.614627592637 0.860817769843 0.238977258639 -0.467014556217 0.157856597225 
1 -0.615856634535 0.841037961982 0.577048729526 -0.619207695412 0.45958561841 
1 -0.861507427807 0.811494042818 0.178233403343 -0.383273198994 0.318012838883 
1 -0.418623478429 1.11100632983 0.758848489801 -0.715329921372 0.220271467818 
1 -0.219486076708 0.799493336194 0.437324006695 -0.368926227036 0.694639147343 
1 -0.59418675222 1.07719155651 0.2437025513 -0.206646640546 0.585930748388 
1 0.0919349648299 1.17223365067 0.0832414150403 -0.310169088945 0.180348180138 
1 -0.163670453472 0.792729033624 0.311125789702 -0.471612898001 0.157077820116 
1 -0.285609029051 1.05905154731 0.0857598272074 -0.21409291976 0.401411646116 
1 -0.12618643213 0.665024586744 0.906377075812 -0.437738343158 0.471834418283 
1 -0.5226965512 0.66285306434 0.127453423476 -0.228027006246 0.392207598777 
1 -0.355539611285 0.948458355008 0.151017260018 -0.557582135543 0.170848391083 
1 -0.659487084368 0.793964991773 0.505993198917 -0.528918398666 0.372126906994 
1 -0.4733181272 0.506786228213 0.285977012634 -0.770232719991 0.176852785657 
1 -0.412094665487 1.00218420849 0.475164892683 -0.518007920765 0.656849031498 
1 -0.418797459792 0.867607483972 0.313205003937 -0.52314573402 0.675694227437 
1 -0.640438201842 1.36041758894 0.588386679485 -0.581609459488 0.653134263246 
1 -0.228524458694 0.780257574386 0.540747450394 -0.581291765815 0.623750455961 
1 -0.688625234357 1.19979216018 0.451671389795 -0.440208160369 0.73677019581 
1 -0.375446502415 0.793202361955 0.0782507532937 -0.183628836953 0.488472538103 
1 -0.265041361733 0.785254783908 0.763323565648 -0.736827670718 0.235995263049 
1 -0.59581830469 0.605522157679 0.532929411985 -0.126890104632 0.530548873023 
1 -0.715846868668 0.150997486612 0.179521284616 -0.628197295308 0.43537530623 
1 -0.660101789581 1.10890992518 0.0555095471946 -0.371731599732 0.52158374584 
1 -0.596350930173 0.806240548539 -0.11047102098 -0.448511891145 0.501427651848 
1 -0.877463099096 0.698725299064 0.228052013254 -0.40372488784 0.345390486062 
1 -0.661930250375 0.623702573724 0.310932227519 -0.252712714361 0.402331855103 
1 -0.269387141016 0.453418893325 0.0982943383368 -0.283031062714 0.397073083366 
1 -0.718606103662 0.484127661305 0.324106735028 -0.13808472993 0.222022919871 
1 -0.467827549347 0.893259396087 0.62169121842 -0.50499274298 0.0195373709966 
1 -0.744278485403 1.37432971638 -0.200498192396 -0.503733381214 -0.543577240237 
1 -0.457493925935 1.34522228237 0.451324876398 -0.337729697573 0.723217069361 
1 -0.611874433223 0.644903882819 0.438398788461 -0.662970213016 0.654964201332 
1 -0.0481473754903 0.756873420988 0.143895259791 -0.555675204781 0.229287374272 
1 -0.783222985465 0.548790738668 0.0382441784411 -0.236647702317 0.116639705806 
1 -0.501380508017 0.666659075934 0.144656246077 -0.0326809705414 0.600872684073 
1 -0.147835813966 0.964794599656 0.614708824023 -0.352348158821 0.417301227208 
1 -0.579957386943 1.33590291084 0.261391109233 -0.423010829589 0.133905663629 
1 -0.499150871746 1.08288293906 -0.0690462459527 -0.35217888465 0.0674227790975 
2 0.548538203019 -1.24231530138 0.118743734358 -0.355118693553 0.178177016802 
2 0.323096720745 -1.30697624141 0.0274107692035 0.0551350638755 0.114005809518 
2 0.750175077415 -1.05237685031 -0.762166624927 -0.41312038548 0.0928283349874 
2 0.497561497692 -0.992887543524 -0.23467222675 -0.450984732219 0.013189159112 
2 0.381366218772 -0.682706010379 0.0660772029152 -0.226960153595 -0.0776640322046 
2 0.388720920241 -1.10348835255 -0.00193103650033 -0.354398030555 0.0569465524412 
2 0.726354923102 -1.15683974927 -0.260014687383 -0.544551058505 0.324747559766 
2 0.0943217991693 -1.08682687784 -0.0412507614767 -0.0446582297202 0.0636342175174 
2 0.499078820585 -0.989738488136 -0.192901967516 -0.677188575824 0.163899306221 
2 0.559301735341 -1.23332720965 0.0632640412649 0.0206509386912 0.22733432566 
2 0.273715138681 -0.857392669592 -0.699380243267 0.0126462091636 0.220818626463 
2 0.953703308912 -1.1717098279 -0.589603960734 -0.183103251421 0.219324058124 
2 0.711140709149 -1.17018771261 0.0174345699913 -0.192704096819 -0.518000037323 
2 0.973095345286 -1.04974811004 -0.302672721254 -0.186110602966 0.428095923536 
2 0.597151440382 -0.664266825834 -0.127603364306 -0.0677974842756 0.214524849472 
2 0.687385774658 -0.923072182351 -0.567208880632 -0.431959735375 0.164783734854 
2 0.343349470495 -0.920605449829 0.261466066504 -0.275210226082 0.192507253882 
2 0.250834346772 -1.32565187064 -0.683327470025 -0.22842380422 0.45165582212 
2 0.727199184764 -1.00997417307 -0.223591208052 -0.134554976505 -0.0701859142249 
2 0.736402785585 -0.886138004147 -0.359186980084 -0.165287407966 0.327678166776 
2 0.179460570273 -0.951506092295 -0.175306933591 -0.257552782087 0.00484731270072 
2 0.842240995034 -0.936132685769 0.173359190822 -0.341556558647 -0.0896167924371 
2 0.308058049924 -1.38556180028 -0.337537215643 -0.757353230481 0.193466963308 
2 0.313247991673 -1.21808947393 -0.20414741575 -0.35218364649 0.387126586648 
2 0.846968468143 -1.18422694913 -0.191069285232 -0.777824953397 0.510889795745 
2 0.632058812818 -0.809856935671 -0.0452326112299 -0.479142817174 0.470679407033 
2 0.374847777 -1.03338822071 -0.203118188976 -0.347117424911 0.066813802813 
2 0.367518587951 -1.21743171914 -0.466412078958 -0.535738066765 0.181459985281 
2 0.547329309916 -1.01023149737 -0.0876984737669 -0.474116481437 0.148157140023 
2 0.609370626999 -0.91435405334 0.197683974013 -0.0456116732488 0.0559821536024 
2 0.622560645506 -1.1002633717 0.0936438023747 -0.138575454601 0.178416182638 
2 0.668715350837 -0.807574547795 -0.192079220153 -0.251670169889 0.675668495275 
2 0.441248702812 -0.951597976259 -0.253812180798 -0.0934182435238 0.0875196652977 
2 0.305262796194 -0.767239210319 0.158439195576 -0.437595126933 0.13094305242 
2 0.36637515712 -1.16010523798 -0.120438159329 -0.221565266487 0.31068040194 
2 0.6164735434 -1.15922537344 -0.21308923606 -0.222929754857 0.194915749556 
2 0.419698959267 -0.839274227691 -0.144110446456 -0.178803022165 0.374513874967 
2 0.410985614921 -0.869078068734 -0.0225378636308 -0.406877709856 0.208888936308 
2 0.6599773035 -0.961558977359 -0.0851297208849 -0.130571948114 0.418312369884 
2 0.460617191181 -1.12807475268 -0.23467962704 -0.522213934604 0.466303785299 
2 0.260253061629 -1.40462472701 -0.281615402289 -0.321473065022 0.543901017559 
2 0.806498164244 -1.14727876416 -0.223081195236 -0.183383112663 -0.151907086081 
2 0.544312943083 -1.12035842227 0.177041976529 -0.00501880409141 0.134068610898 
2 0.259834093731 -1.19399111357 -0.420871475581 -0.509030985279 0.43850452242 
2 0.857797602428 -1.1773265663 -0.0122550500312 -0.127014933163 0.202157311168 
2 0.884841211499 -0.62826635494 -0.273508830209 -0.470765295304 0.252122254779 
2 0.903227377489 -1.2411181718 -0.116937512027 -0.252303193421 0.358836329852 
2 0.794953058346 -0.67678399289 -0.0501111724801 -0.199425082872 0.462890669499 
2 0.197453461738 -0.942719536485 -0.1548380577 -0.374141414367 0.309620343038 
2 0.585989274439 -1.34865899549 -0.210843273995 -0.234788569914 0.0619356456518 
2 0.906697816241 -1.20616973662 -0.0327001384473 -0.712184122509 0.211688917622 
2 0.224021569898 -0.833380841975 -0.417178962568 -0.0453848417124 0.433484716475 
2 0.488266774314 -1.07124326893 -0.0663554255776 -0.150998903284 0.468997432871 
2 0.225508060985 -1.35735911794 -0.53439350471 -0.600417730189 0.356932333483 
2 0.416858644894 -1.28951377194 -0.520580492438 -0.472015674001 0.160962167317 
2 0.790752744257 -0.91562063835 -0.263217874913 0.0233354403259 0.221682935372 
2 0.470356603048 -0.889264096599 -0.00435956151537 -0.0466344950093 0.382913311599 
2 0.479242641303 -0.980412094232 0.20613264417 -0.168025410232 0.261651611524 
2 0.487786135954 -0.87026043084 0.0158307433936 -0.462473239272 0.280660093087 
2 0.248167719506 -1.16969432044 -0.30682261215 -0.190034785816 0.187619249162 
2 0.851284690662 -0.941354890149 -0.186583168183 -0.552572317714 0.142689970033 
2 0.281719976484 -1.16186633576 -0.273500967239 -0.141102898922 -0.0563484699219 
2 0.796983669202 -1.23613591776 -0.598539400174 -0.0838498975348 0.10601245652 
2 0.515414773893 -1.34021458389 -0.287405422306 -0.393091153226 0.276053126967 
2 0.787962384688 -0.908204274304 0.0682238462627 0.116025868902 -0.0604475660842 
2 0.450219362373 -1.14107514632 -0.469766272639 -0.582050029847 0.0986388452191 
2 0.261524266156 -0.933376064992 0.0784354507106 -0.43854524363 -0.567337041005 
2 0.717762710502 -1.22689858343 0.00735225346616 -0.0823872264666 0.463282501251 
2 0.986785508797 -1.38778865868 -0.360009596371 -0.272914187166 0.432874321181 
2 0.4868482698 -0.989466195498 -0.394426296412 -0.0263193701063 0.257341378806 
2 0.548863798459 -0.74287058449 -0.189981340276 0.101941549278 0.173207565285 
2 0.780910923287 -0.988625180836 0.108806029665 0.0558032199843 -0.267600739862 
2 0.590320320288 -1.16220436805 -0.394546709095 -0.273361862046 0.469824088026 
2 0.681601799822 -1.02337670422 -0.433195750367 -0.303117211383 0.981548401986 
2 0.364763493587 -0.818280218218 -0.237901526707 -0.0225406517342 0.116603057371 
2 0.561764921719 -0.962937215028 -0.605912482495 -0.337053995159 -0.0115047083314 
2 0.421407711583 -1.01452142897 -0.270739628449 -0.710632995725 0.444108757334 
2 0.629034184147 -1.06439122232 -0.504411126807 0.248222293215 0.447595445967 
2 0.795714131681 -1.10303337051 -0.338969410464 -0.143025040278 0.307327344518 
2 0.958873764296 -1.55335240472 0.0149394714102 0.135789927259 0.36031253919 
2 0.773063324833 -1.22697447716 -0.0522384377099 -0.0646033455124 0.368127284924 
2 0.64301452318 -1.20071315435 -0.00662040881877 -0.322453975414 0.339036576908 
2 0.727247249276 -0.807478646415 0.225527640635 -0.122093721831 -0.0341166132989 
2 0.423097233688 -1.02081398361 0.043137396662 -0.207949804501 0.0278942875895 
2 0.354084987053 -1.28632092618 -0.0918301848072 -0.294441675955 0.0781498319471 
2 0.779954456047 -0.828113412842 -0.416414674769 0.267803565257 0.580276899615 
2 0.645415543549 -1.01448726208 -0.127664305055 -0.547032061022 0.127692823436 
3 -0.419994986918 -0.711883696929 0.113076562026 0.480182628896 -1.36099865534 
3 0.326479427039 -0.776889667575 0.529810999675 0.563802524563 -0.655098379088 
3 0.201775519431 -0.975910807861 0.585178661583 0.488321685432 -0.711654398196 
3 0.117829143313 -0.95831575073 0.963237708151 0.335627953561 -0.572764797436 
3 0.125982960718 -1.15829515323 0.309653453873 0.448138215745 -0.931905732031 
3 0.537373949486 -0.824905411967 1.16959445529 0.677852373146 -0.766597499885 
3 -0.243937948704 -1.14434085909 0.471111399628 0.151321435974 -0.780740921156 
3 -0.154610663762 -0.755933920624 1.0135866926 0.341699806464 -0.943013753972 
4 0.249289408551 -0.697751931046 0.905754569728 -0.166076892103 -0.356921581263 
4 0.216509959952 -0.670845897221 1.20811826919 -0.354083585348 -0.329842146806 
4 0.354667477503 -0.792282583293 0.821449571056 -0.492866086404 -0.331751546695 
4 0.301604875168 -0.469581106897 0.551223470937 -0.394236071662 -0.256151228032 
4 0.301161862694 -0.637561369709 0.867158818526 -0.366223085867 -0.296446240555 
4 0.470005970595 -0.853262585224 1.11492123857 -0.286631515968 -0.249824093077 
4 0.179426486935 -0.919612562409 0.492249733752 -0.402474502433 -0.432819895989 
4 0.458723799208 -0.729005394645 1.25827587032 -0.194309958749 -0.568291669443 
4 0.526916647613 -0.827756984037 0.727403377496 -0.584660042215 -0.291819259466 
4 0.566927124678 -0.854690397308 0.414225119506 -0.645229794236 -0.62110652697 
4 0.336510799158 -1.20841235857 0.811460767914 -0.494086667358 -0.343450550437 
4 0.471600784998 -0.809466817045 0.345962044292 -0.439031715425 -0.635919076929 
4 0.615516549185 -0.772851198488 0.976186827874 -0.37864461683 -0.884953765418 
4 0.631981065388 -0.863370567823 0.835423996958 -0.286963283162 -0.581619762855 
4 0.571574195496 -0.448551167442 1.01177397747 -0.600263692473 -0.195539496447 
4 0.548352812204 -0.665786300804 1.07480316969 -0.620911898142 -0.445907735487 
4 0.195281000134 -1.14459770448 0.658726581375 -0.492935994451 -0.350958682454 
4 0.723227631764 -0.402022981915 0.656965289658 -0.138764804097 0.125186726291 
4 0.397008680314 -0.258862027559 0.623063875372 -0.614765156915 -0.561922555449 
4 0.350621748804 -0.41490974441 0.861090595088 -0.314364229571 -0.633321348867 
4 0.294738109186 -1.134089069 0.927481962493 -0.376353879225 -0.188235442082 
4 0.560481859147 -1.04399856451 0.771481386093 -0.50859441362 -0.607131520022 
4 0.796978700836 -0.902098650703 0.779980795481 -0.238718330271 -0.924880372579 
4 0.657335988169 -1.05612258798 0.943663824851 -0.370489953405 -0.552945796708 
4 0.737569533865 -0.961600170171 1.01375043554 -0.667783511251 -0.684166772152 
4 0.542907934526 -1.48338692031 -0.48672977357 -0.17838751697 0.0876873644208 
4 0.445960678281 -1.07574086002 0.737240740514 -0.530333413168 -0.544984541131 
4 0.733767476601 -1.06370886532 0.842560674668 -0.240047705017 -0.244422689325 
4 1.13544139597 -1.31252524828 0.799411172275 -0.174971876945 -0.810557868481 
4 0.586943397984 -0.52176727227 1.05857283974 -0.404862928632 -0.00744185025476 
4 1.00692406724 -0.738208817532 0.815346212748 -0.194464968147 -0.788403493727 
4 1.10132510555 -0.933410863487 1.52525546482 0.581815274928 -0.562274867543 
4 0.547400805216 -0.656808379021 0.928682903597 -0.517599689744 -0.323395817582 
4 0.359494120369 -0.608384374004 0.53306002709 -0.252402378229 -0.441675395716 
4 0.484618872634 -0.54403697711 0.81293406782 -0.410097769559 -0.458005644619 
4 0.108280863988 -1.22005044655 0.645925121384 -0.22222179615 -0.133228541821 
4 0.33263906886 -0.488080665768 0.959853088488 -0.469494986108 -0.552013506432 
4 0.516272969842 -0.702585615834 0.763962227124 -0.34577120752 -0.395672392909 
4 0.32245527292 -1.04146397222 0.809745054004 -0.244323678808 0.122120098799 
4 0.213957393974 -0.630836878278 0.623602232814 -0.455918522008 -0.318499991709 
4 0.865374663957 -1.22435035443 0.744214837764 -0.567152742446 -1.04402946959 
4 0.309019029699 -0.708467549269 0.780211960403 -0.230603222773 -0.50577708452 
4 0.122008123039 -0.703895633639 0.62086744486 -0.580515568911 -0.574930569132 
4 0.44110471774 -0.710531015372 0.867709603269 -0.504564729665 -0.80157424615 
4 0.204170796829 -1.21645904856 0.645303093857 -0.418588564126 -0.172695556837 
4 0.538899839193 -1.14243947512 0.898065632815 -0.312131238986 -0.441059472789 
4 0.744083447985 -0.735726555723 1.05194903569 -0.697160322797 -0.132443575267 
4 0.0823339020976 -0.762734632432 0.745048526249 -0.122400296995 -0.523459673068 
4 0.466091218899 -0.27084783003 1.07511757337 -0.23320071233 -0.535387157148 
4 0.196399592267 -1.5062942452 0.631684808037 -0.335359640324 -0.744831509505 
4 0.39838318317 -0.920417328243 0.198380652191 -0.142230215262 -0.961636550198 
4 0.542920107536 -0.800420475163 0.955064207087 -0.404325855171 -0.478064230262 
4 0.486787284863 -0.732654368959 0.774439049496 -0.675620453455 -0.281292235646 
4 0.362083930137 -0.817242506616 0.785501351256 -0.723034349105 -0.825637614242 
4 0.608505279201 -0.708113971084 0.572730136357 -0.346178592278 -0.265805925846 
4 0.354588809213 -1.03255382641 0.71733553169 -0.396917599466 -0.350639946028 
4 0.306733751697 -0.958493012911 0.339756621702 -0.251238718813 -0.747903964289 
4 0.408507430058 -0.647762190153 0.692969589871 -0.625593334976 -0.462240836036 
4 0.560074723675 -0.859453900359 0.804238776788 -0.0943468919877 -0.362125946715 
4 0.058743722646 -1.3005283996 1.04678906692 -0.591060694796 -0.165465432698 
4 0.192831881045 -1.12334950739 0.879317823605 -0.736972803584 -0.226637762623 
4 0.473069125596 -1.13864868255 1.04205632749 -0.595008899926 -0.336357405226 
4 0.155527880465 -0.489373557846 0.592818067774 -0.398757684107 -0.619748529759 
4 0.489632024442 -1.34934572923 0.811656186722 -0.470308095493 -0.55526190585 
4 0.351798437842 -0.910732698332 0.21857559022 -0.372348997757 -0.489111065674 
4 0.282093229702 -1.12207683098 0.97965272395 -0.127268455524 0.10708715802 
4 0.0518464773708 -0.717974362977 0.989519764026 -0.691321078106 -0.268401844028 
4 0.742990148609 -0.754049285717 0.671270602971 -0.0330865646273 -0.775853562545 
4 0.56788938881 -0.598373541653 0.631957532025 -0.374815893773 -0.70103039325 
4 0.850258798276 -1.04193957488 0.651507657585 0.0213744022607 -0.616546920025 
4 0.498030556439 -0.58749964135 0.442884363648 -0.0987790206351 -0.630420864228 
4 0.716270667126 -0.793468869378 0.81092580509 -0.329742703592 -0.366637367785 
4 0.358779578234 -0.903021937706 0.685212085838 -0.141346533419 -0.685297160788 
4 0.347115618196 -0.563441210253 0.608980857595 -0.421033875717 -0.366687145275 
4 0.595606003909 -1.15610163679 0.802682750163 -0.185101987992 -0.284534671382 
4 0.192014542664 -0.992277495687 0.628873422623 -0.535612677138 -0.538106481946 
4 0.535639759062 -1.10769920185 0.803878654404 -0.577337944201 -0.688864004025 
4 0.442449192874 -1.26729854564 0.923831135905 -0.252843220327 -0.484518963425 
4 0.378108817912 -1.2288118282 0.851263076337 -0.733933329551 -0.0962095562499 
4 0.297701843495 -1.01108700836 1.28273456341 -0.501389938936 -0.71822725107 
4 0.176413317116 -0.908664897346 1.09875518784 -0.135883789838 -0.502137185638 
4 0.309580918034 -0.45807885853 0.945108891104 -0.324249646975 -0.702666764381 
4 0.576137930234 -0.0927803677683 0.643064932891 -0.357818233401 0.0619887781643 
4 0.14400214632 -0.898423961899 0.92887356813 0.165655270768 -0.624323763144 
4 0.338870550958 -0.967504255256 0.93797530989 -0.452045689734 -0.570341126333 
4 0.535098289677 -0.839598844135 0.572483397415 -0.319632169445 -0.305120106249 
4 0.601468666822 -0.767713558212 0.44668413433 -0.394787133123 -0.186388085217 
4 0.0245771548901 -0.623255374484 1.1707990239 -0.701793053079 -0.765106415747 
4 0.145602972669 -1.20692633632 0.815382790745 -0.307815654684 -0.597402393313 
4 0.540483690541 -0.847756925563 0.611603609051 -0.517165773236 -0.12793000289 
4 0.689884583097 -0.984952600392 0.465485993473 0.0874313980101 -0.221574697269 
4 0.351643447962 -0.995223271656 0.646009700519 0.104730997137 -0.288223740824 
4 0.23620418544 -0.453949551468 0.634266906001 -0.12366185044 -0.256752474635 
4 0.570159206235 -0.608321313977 0.838587073251 -0.378030601322 -0.158209450813 
4 0.950854088418 -1.2424736574 1.0968557339 -0.170595885955 -0.859330788965 
4 0.46813449608 -0.625377771622 0.97942697453 -0.653923147157 -0.123709486433 
4 0.929108626828 -0.624229909419 0.647699679988 -0.481198390507 -0.0405944259707 
4 0.222128235634 -1.11148050139 0.712758659393 -0.435419516207 -0.246367227634 
4 0.567135971229 -0.828924126798 0.665692959146 -0.353709773344 -0.547787181101 
4 0.664603820168 -0.667379464955 0.665717681552 -0.66383698898 -0.976224375478 
4 0.163890891784 -1.1660812373 1.05805635234 0.0305685516483 -0.535670371188 
4 0.932908375762 -0.709477207669 0.773034777763 -0.331693866959 -0.290339463483 
4 0.680595116362 -0.345934986028 0.929964646561 -0.212686464243 -0.219839478257 
4 0.777308721405 -0.708443122636 0.714841034451 -0.283374593668 -0.379235115382 
4 0.56618987704 -0.593789337247 1.05110514136 -0.198458125315 -0.698320785375 
4 0.58313580907 -0.832783811515 1.27027122871 -0.39441942739 -0.859543640104 
4 0.626724998668 -0.983303381124 0.579527050918 -0.307680359241 0.00756136702958 
4 0.361725551695 -0.90580567071 0.900030668666 -0.0839436557349 -0.253067975275 
4 0.574300869765 -0.842187917496 0.769244636839 -0.189761479921 -0.610180510286 
4 0.550152194213 -0.747050583075 0.911527978694 -0.491910433972 -0.606688677772 
4 0.289405294838 -0.907321776645 0.676027098084 -0.031082515311 -0.420246998411 
4 0.366874000214 -0.581113784805 1.06898821817 -0.20573057131 -0.349418447952 
4 0.10676327135 -0.478512696745 0.614527497373 -0.333468383007 -0.25872304568 
4 0.768167691838 -0.71822998681 0.863586457934 -0.525488525324 -0.800856155786 
4 0.256689625754 -0.939579387641 0.803324348461 -0.577195386475 -0.215365458397 
4 0.391005388927 -0.831387079181 1.10971951436 -0.450282229363 -0.255108760336 
4 0.345144176456 -0.776520680472 0.659436522603 -0.404242784276 -0.573814529038 
4 0.369971519218 -0.688812486337 0.829236326026 -0.397735349771 -0.228563732374 
4 0.279755720502 -0.596426924258 0.994207633398 -0.606884346374 -0.566017653161 
4 0.445077549949 -1.28325343033 0.765645696044 -0.64603990544 -0.322352932205 
4 0.470252171789 -0.67625365996 0.660769525792 -0.190450999357 -0.530942732732 
4 0.574685958853 -0.521892185806 0.623745529092 -0.903186401675 -0.578636807974 
4 0.397789288903 -0.663020939385 0.239464186068 -0.0225588278243 -0.225178634109 
4 0.273935791795 -0.82852071445 0.979177739261 -0.525240894104 -0.160128772181 
4 0.121101014168 -0.989671089203 0.472101366356 -0.110815894922 -0.0425674692344 
4 0.853258895886 -1.26904079838 0.756575441546 -0.35175855418 -0.557629735226 
4 0.323993019862 -0.910014908441 0.756204956607 0.193018008258 -0.666767071935 
4 -0.01195908991 -0.794812906693 0.355072146811 -0.884670600575 -0.630163079678 
4 0.541659058548 -0.838771071747 0.663459791619 -0.293904579953 -0.188113562415 
4 0.974975125869 -0.274609875898 1.09709869438 -0.399410119518 -0.342340319206 
4 0.427562990949 -0.688978658068 0.656747307514 -0.844471053528 -0.757840197012 
4 0.205456027682 -0.0143718754296 0.988888283517 -0.530530169317 -0.578447490964 
4 0.0551041384364 -1.1016189145 0.663724128788 -0.644533366942 -0.342159301557 
4 0.547335379941 -0.781071099525 0.531757829281 0.0382439825648 -0.253303315165 
4 0.789936720268 -1.01952870144 0.799906247749 -0.473616048619 -0.439283633626 
4 0.773369551867 -0.891684713335 0.883784985446 -0.387953522286 -0.550122489754 
4 0.0823608290924 -1.08201172941 0.716806907672 0.0269493350113 -0.558267918736 
4 0.436172779915 -0.473423796705 0.791981702293 -0.0113919877544 -0.438618838124 
4 0.354123637977 -0.668854482646 0.765224327807 -0.137223931339 -0.510040164673 
4 0.301487098812 -0.772637519191 1.16800399328 -0.476692019733 -0.25510648974 
4 1.0152043962 -1.5849372745 0.726394079073 -0.274435697525 -0.27715518689 
4 0.0930090955687 -1.04890023178 0.932989282059 -0.200332193246 -0.638426608907 
4 0.939108096113 -0.890169552997 0.977260377992 -0.710390340044 -0.0378322134802 
4 0.937858782137 -0.71911569091 0.760185225817 -0.299352923815 -0.248926249686 
4 0.235865557461 -1.004608507 0.958060085071 -0.0636780755709 -0.165991886856 
4 0.475651671601 -0.971027880645 0.67391766861 -0.774152509054 -0.37124614279 
4 0.551512409887 -1.03140764285 1.05678937194 -0.334384267231 -0.325066409079 
4 0.279938398185 -0.886576746455 0.710577569749 0.0413904225212 -0.404749237121 
4 0.764475676603 -1.05760857844 0.978029631455 -0.521285389048 -0.328407828905 
4 0.723049270757 -0.564300250765 0.541352035954 -0.289996436292 -0.447649386709 
4 0.165262559909 -0.880276951453 0.614427542837 -0.618675346508 -0.961751015019 
4 0.441623994171 -0.250965135862 0.842908057984 -0.421709282106 -0.570153271185 
4 0.576658121774 -0.769583559343 0.383378735543 -0.947982381344 -0.147875177118 
4 0.678863366576 -0.878678087051 0.57020956471 -0.271489845826 -0.410277671095 
4 0.507020888994 -0.758310870832 0.421466289656 -0.416934828639 -0.614763833839 
4 0.379264708405 -0.605655164326 0.720788979634 -0.580917796551 -0.310673350473 
4 0.460454379444 -0.192179519861 0.778342861033 -0.536165424211 -0.377319628876 
4 0.497142048902 -0.354298219413 0.671516649696 -0.386275315535 -0.250789631576 
4 0.496520742869 -1.24792535581 1.30180886075 -0.113875724712 -0.31173066349 
4 0.770008983524 -1.15817016226 0.765646883896 -0.834199424226 -0.730533589453 
4 0.482520336764 -0.717772417198 0.643712411498 -0.398769394707 -0.6993720328 
4 0.0897594844225 -0.359325434549 0.749723068807 -0.431116151864 -0.203046436713 
4 0.634778908915 -0.723466050544 0.887632412897 -0.655100486699 -0.978436564512 
4 0.649210504302 -0.948211678734 0.536882588332 -0.25847540451 -0.783520654951 
4 0.672457096919 -0.554447839231 1.02495332748 -0.162082318067 -0.363045417775 
4 0.617849619992 -1.22139488746 0.682762364998 -0.40087402708 -0.32125823368 
4 0.185231634348 -0.354094237989 0.83358014439 -0.259323021419 -0.394939730581 
4 0.369554163363 -1.00152780107 0.961060164559 -0.210415224288 -0.440882453392 
4 0.371560288449 -0.891099904705 0.71230309036 0.0832646510231 -0.622009177463 
4 0.661216747553 -0.694758209673 0.739799410975 -0.553910825677 -0.260744666758 
4 0.330922207571 -0.792199528529 0.964438349019 -0.418053678924 -0.723850454183 
4 0.405370585829 -0.775845164947 0.791827392483 -0.495615620058 -0.304015001629 
4 0.49424986796 -1.17785308834 0.933518829567 -0.16252033482 -0.770410754528 
4 0.623857692822 -1.04067171174 0.801362167835 -0.542479306236 -0.523810930674 
4 0.542947041916 -0.726052435635 0.895383542224 -0.292248918421 -0.516594907451 
4 0.577528310583 -0.864191025531 0.865620348418 -0.216832734915 -0.170051438261 
4 -0.155277722568 -1.07989626733 0.518634549331 -0.441685368939 -0.186113699372 
4 0.527955869695 -0.625065494982 0.707340685184 -0.16342206209 -0.265343349056 
4 0.548976784952 -0.842989024191 0.937168398992 -0.475715720606 -0.0717285790583 
4 0.749518404213 -0.962399665289 0.882723193786 0.00590252678714 -0.435521576833 
4 0.462631206054 -0.897964819838 0.784078751203 -0.102987328214 -0.498431420053 
4 0.121164539538 -0.536649021249 0.836867039497 -0.512990061272 -0.0838977650935 
4 0.475872184146 -0.805564764895 0.733123903525 -0.0084643403406 -0.303539236729 
4 0.509651462154 -0.841456341471 0.843308750524 -0.089602305367 -0.120185335972 
4 0.684770500488 -1.08439098247 0.717310223086 -0.0328058610657 -1.07158129638 
4 0.606667317651 -0.788780434489 0.763484859689 -0.123703869772 -0.327042993967 
4 0.808796296527 -0.781137839314 0.72029813009 -0.672148135012 -0.541106513807 
4 0.290263943233 -0.76351087423 0.964649428401 -0.648592309053 -0.775195112845 
4 0.401323117633 -0.891400140157 0.906740199288 -0.728597463947 -0.678347479073 
4 0.259744604655 -0.567959095629 1.12418301643 -0.383841818772 -0.636441080145 
