0 -0.502678600308 0.821995389917 -0.917124362062 -0.652209826308 0.261108831063 -0.271493803256 0.0405275568434 
0 -0.416247144777 0.59186908662 -0.790314521593 -0.624194436785 -0.0596968924119 -0.20414664125 0.23230600483 
0 -0.313386654278 0.487585817021 -0.235629560541 -0.309791786505 -0.137836888667 -0.876702084747 -0.049859607358 
0 -0.601898626465 0.72791945018 -0.372584846573 -0.245677553101 0.0451745399796 -0.778877114805 0.032611846925 
0 -0.393941648008 0.665766786384 -0.0690690823335 0.0470814277842 0.226254252137 -0.413075492969 0.0616692302186 
0 0.137841471837 1.00431221785 0.559152732768 0.429502185913 -0.646842161261 -0.468245355854 -0.530467959046 
0 -0.307665630921 0.627984598521 -0.199492998249 0.0414720769157 0.485185249856 -0.73482233238 -0.36590983353 
0 -0.609624629406 1.01391391387 -0.294068922797 -0.233983911628 -0.0246083324543 -0.328256058066 -0.531093435288 
0 -0.153084679103 0.832194614662 -0.332837558075 -0.0212841585393 0.0698132905028 -0.673187841546 0.0762025938776 
0 -0.619960373404 0.936408038033 -0.722896018749 -0.411262804138 -0.153796271229 -0.669042055091 0.0293184511982 
0 -0.348124816581 0.706645093499 -0.478719405663 -0.52656244439 -0.316129317418 -0.495441478818 -0.439193965763 
0 -0.138280165654 0.548600643495 -0.801092447285 -0.167683771097 0.347089591022 -0.768269542907 -0.366107865168 
0 -0.238819697527 0.786496644026 -0.0384836079711 -0.392885466141 -0.142326455931 -0.400480008545 -0.00103710904054 
0 -0.762087999809 0.504524990509 0.0533437949184 0.247734242938 0.778390813148 -0.380924407538 0.517856084757 
0 -0.498972122914 0.778491861465 -0.692065874308 -0.451177886778 -0.227772641142 -0.498286417649 0.270978426777 
0 -0.509158875665 0.206541150512 -0.380364999946 0.196644427134 -0.20213920167 -0.505743454136 -0.245326996393 
0 -0.153359317073 1.34098352599 -0.378136788344 -0.125465109089 0.476123928929 -0.770953528961 -0.259312415042 
0 -0.345152752877 1.04088532666 -0.39789775289 -0.347555847012 0.0768863363767 -0.80833923112 -0.232078398851 
0 -0.340485710121 0.783210824186 -0.4357324612 -0.451827209256 -0.0891348665234 -1.00270982477 -0.23860448587 
0 -0.530342418058 0.788621708858 -0.403868351838 -0.601034267167 -0.135046355839 -0.594199925597 0.028488111008 
0 -0.333075538963 0.634122924187 -0.3746716434 -0.326324948614 0.139504818101 -0.829688861397 -0.0440723938368 
0 -0.129416847068 0.196586019113 -0.260304015818 0.293589360985 0.374317751342 -0.911118132058 -0.458127864255 
0 -0.279628226197 0.872951818018 -0.659176320223 0.0269892133168 -0.0971410409909 -0.678464702573 0.0479542317111 
0 -0.501404788608 0.724256281576 -0.35496243339 -0.518961813128 -0.277405457084 -0.664700971053 -0.0588055104986 
0 -0.282598765582 0.40025623471 -0.274712343929 -0.661163340326 0.00869511961358 -0.388199195416 -0.21422490169 
0 -0.340364809625 0.608910829178 -0.134068863518 -0.231679413369 -0.146755352314 -0.5054393963 -0.339173490402 
0 -0.871157915499 1.04936388664 -0.0448695390456 -0.183283745656 0.050655197641 -0.566258568952 -0.166972308454 
0 -1.2069657918 1.0056085974 -0.314467666108 -0.433075942619 -0.234718654996 -0.73013964656 0.264072918347 
0 -0.225273555736 0.654709248141 -0.0245296247531 0.0484622193593 -0.11666416294 -0.719512458132 -0.355720575109 
0 0.131577094394 0.764314023818 -0.263528159512 0.43987329474 -0.25388080486 -0.329939790496 -0.107104348281 
0 -0.188001315698 0.166987483085 -1.01277366571 -1.07824251685 0.260008959279 -1.1913186201 -0.276104881484 
0 -0.803176591577 0.80010986221 -0.510274632744 -0.128194080334 0.335516458098 -0.484972443894 -0.276675978851 
0 -0.313873607388 0.933946940797 -0.132759217463 -0.0708116911563 -0.0227789972936 -0.844657799767 -0.101195172186 
0 -0.77996881911 0.834094427342 -0.256398015348 -0.142671775381 -0.113633206519 -0.927409484004 -0.0189756287664 
0 -0.536801700071 0.79755807658 -0.512255927408 -0.54387465397 0.568636163682 -0.539853964412 0.0682476619199 
0 -1.05625219599 1.06890582937 -0.603925784501 -0.61468146784 0.166262847871 -0.536615034581 0.0683841062569 
0 -0.641225034582 0.877362889725 0.0581674011336 -0.419273637055 0.133071207181 -0.492423959965 -0.521508461903 
0 -0.825850349531 0.672463632778 -0.0560069329554 -0.00234335279614 0.338412384011 -0.580079041019 -0.572827444583 
0 -0.747006535979 0.503135271868 -0.198551281462 -0.101084027262 0.0193496791656 -0.606611308357 -0.159426566256 
0 -0.52930907746 0.498641586577 -0.345265250081 -0.213538426589 -0.315546112539 -0.334393354722 -0.372450968674 
0 -0.670264054623 0.868282662962 -0.0221760974385 -0.755391118317 0.1819512595 -0.521823277837 -0.360252803626 
0 -0.427241975526 0.926153544139 -0.387101365504 0.0189859360106 0.0964515359291 -0.862154434053 0.214743098873 
0 -0.281473327559 0.910856169896 -0.333424212179 -0.170836547053 0.250656764846 -0.483900921208 -0.263629923484 
0 -0.0099671091116 0.957664147481 -0.316971516917 -0.553002144314 0.15099758164 -0.16012066101 -0.293748296997 
0 -0.477488640064 0.205677078722 -0.142129551291 -0.480044542905 0.497581017031 -0.367597944618 -0.407188615522 
0 -0.430091582928 0.392977267278 -0.451812021856 -0.215383313743 0.216193022277 -0.584867737178 0.483922394626 
0 -0.589474419084 0.656001397921 -0.33489854759 -0.563020541125 0.243411962964 -0.419983255881 0.104019199677 
0 -0.531510915242 0.707392744446 -0.646374735438 -0.494605516859 -0.0907966894881 -0.651970264395 -0.22402420366 
0 -0.553193028002 1.01375963851 0.0176233910541 -0.544692002691 -0.309268458133 -0.987762037322 -0.191176733252 
0 -0.195857667162 1.19943252251 -0.366074707085 -0.0929785242625 -0.146979304781 -0.626988755879 -0.0763393240568 
0 -0.364041899873 0.373053846873 -0.0389715069877 -0.175605944923 0.228530748734 -0.189715119176 -0.212933121155 
0 -0.19558079709 0.950715174898 -0.220010309743 -0.159183239239 -0.318080569161 -0.67497180731 -0.216566587017 
0 -0.364452379395 0.975481858271 -0.435545562929 -0.0967872972639 -0.00737487100492 -0.587186044893 -0.0305401234957 
0 -0.336979540254 0.804405325866 -0.30905379035 -0.234457024203 -0.303135579607 -0.525985092661 -0.276539252289 
0 -0.0512863568546 1.08970322605 -0.10024539469 -0.0621485980953 0.0859772733442 -0.705823508112 0.327183114285 
0 -0.742837650011 1.07230228484 -0.318064269686 -0.330967502327 0.233226218713 -0.998867744227 -0.0390281556599 
0 -0.227728835103 0.136037492102 -0.00389612530001 -0.0872975081952 -0.136304121217 0.0127351574592 -0.157835080696 
0 0.678150464095 0.946748734731 -1.00559448339 -0.0864252641696 -0.0648092372208 -0.363351218742 0.62796926751 
0 -0.368633265247 0.63889304583 -0.413581895394 -0.36818376601 -0.0265699223663 -0.468164095393 -0.139557807198 
0 -0.264052530402 0.35235998652 -0.286530137909 -0.125221548237 -0.175312905062 -0.363574904883 -0.221956293735 
0 -0.327512966965 0.513765922279 -0.461228440224 -0.625635563302 0.0852049765427 -0.288174907856 -0.177982321067 
0 -0.230455462792 0.651940583414 -0.207520495987 -0.414946571844 -0.321733039282 -0.486567548529 -0.0331833388576 
0 -0.886041241099 0.983890063057 -0.160443427687 -0.272750991204 0.212263295383 -0.923748714049 -0.0305271465156 
0 -0.366184416252 0.997574787267 -0.817179893616 -0.0506863937702 0.00677245673118 -0.576339111794 -0.364213257698 
0 -0.0340437819899 0.707717904908 -0.308406639026 -0.396885139188 -0.0331741027135 -0.497704696382 -0.0385395468262 
0 -0.381123423947 0.627938169368 -0.398117139872 -0.0455584208734 0.304748752991 -0.611252526029 0.0735907306377 
0 -0.298321843073 0.8209416653 0.0159373873655 0.304777224783 0.0883016847751 -1.06566876106 -0.102387634482 
0 -0.244212259679 0.720801414848 -0.574111174085 -0.324074729341 0.112896078366 -0.383335896352 0.256593821461 
0 -0.657813968551 0.307372320938 -0.500937892487 -0.0847759776457 0.290170284765 -0.389063856899 0.25630138985 
0 -0.495338157913 0.742568634255 -0.45835193003 -0.0307653175584 0.309755331941 -0.785706325005 0.0338435483439 
0 -0.113412442931 0.838206826378 -0.451819909703 -0.339371209882 0.367179419695 -0.75367113186 0.0458395730855 
0 -0.387628536317 0.547090572327 -0.6561575816 0.337745450675 0.0637785130677 -0.748528703667 -0.0822586421011 
0 -0.395298986358 0.537660953855 -0.627011398467 -0.538326571644 0.198694492327 -0.739882750171 -0.260439163329 
0 -0.655819309967 0.686617136393 -0.847303692727 0.00872486379593 -0.193492492286 -0.283327128256 0.214471482105 
0 -0.0481365972003 0.799099021003 -0.19371587436 -0.346870980321 0.236343014021 -0.544801971673 0.117115823222 
0 -0.396079730804 0.496392238935 -0.343105086843 -0.285199632861 -0.0530957009929 -0.903603217185 -0.18168705056 
0 -0.343399798619 0.602945592715 -0.627457448539 -0.0776222295428 0.326458379104 -0.858748597893 -0.0375918183119 
0 -0.669091185134 0.220577334426 -0.405796972836 -0.0846387975537 0.197137739351 -0.469157023248 -0.182312747803 
0 -0.289491236925 0.692123447242 -0.15354793909 -0.428106302966 0.343906606084 -0.625430092734 -0.0630623452296 
0 -0.152986690617 0.72180369011 -0.214625029046 -0.370097675731 -0.190642516865 -0.472682905092 -0.39288369228 
0 -0.441781857441 0.30243344873 -0.572654948798 0.0508140142839 0.516463038465 -0.729196977044 -0.151268251849 
0 -0.111324488162 1.03271617489 -0.639554397823 -0.0819661082208 0.0697783064092 -0.378515407574 -0.444734547168 
0 -0.584448404313 1.36984135247 -0.169364083536 0.736157556726 0.770742382246 -0.512087003619 0.041944010002 
0 -0.676108336359 0.469574630351 -0.369990524509 -0.24575800891 0.121459882434 -0.701035129964 0.185872251384 
0 -0.0412050642992 0.707654314271 -0.376857693448 -0.270348121312 0.01291157894 -0.528021674986 -0.0507433700871 
0 -0.21724220625 1.11537491701 -0.845423564461 0.273160432925 -0.63685468284 -0.385553340882 -0.665563736739 
0 -0.2308135146 0.7616663241 -0.712821077133 -0.162543916169 0.0873287360041 -0.542345442086 -0.141371032941 
0 -0.385705800368 0.720598239906 -0.211033761497 -0.276966797586 0.322879700097 -0.726978576529 -0.276004489296 
0 -0.377271572 0.560862699325 -0.83105200081 -0.348346910177 -0.0732141183119 -0.128444544616 0.0110477250228 
0 -0.820854397351 1.20851680643 -0.23303571353 -0.196863414746 -0.0467603766454 -0.590543380592 -0.251894572033 
0 -0.00239184964856 0.590386154836 -0.363060166036 0.178300669595 -0.168122134531 -0.602492997297 -0.117947523676 
0 -0.405800373805 1.04635928473 -0.555927841395 -0.0757108058617 -0.187789888174 -0.732420204772 0.086306619048 
0 -0.225947465132 1.03231841737 -0.635485248671 0.190781299799 0.274978039968 -0.567700859703 -0.467361196232 
0 -0.446386332943 0.672595125345 -0.286373120711 -0.039977063859 -0.201332473153 -0.575603168038 -0.36090884574 
0 -0.53665244552 0.824056321629 -0.423690178458 -0.32902472741 -0.255891327658 -0.392936159777 -0.499144286384 
0 -0.35162310081 0.441575604455 -0.513321032752 -0.469245345183 0.235620695788 -0.72547752401 -0.0812761326789 
0 -0.587451217583 0.754023488687 -0.440918585921 -0.331634122407 0.178534855847 -0.406025590783 -0.423542200669 
0 -0.311193349852 0.859626096049 -0.660127073338 -0.291713712696 0.405681390614 -0.5001517639 -0.470419603001 
0 -0.208442792508 0.79172059012 -0.437137828029 0.0331256957761 0.0685637554445 -0.263753848408 -0.180876253658 
0 -0.238266323102 0.642789948473 -0.678712669026 0.0856131209433 0.113939934482 -0.834460756711 -0.255961574354 
0 -0.467950617665 0.879374029231 -0.412535231303 -0.15042433928 -0.00209501371663 -0.625909473245 -0.200446579712 
0 -0.218341390857 1.02382976837 -0.422364739613 -0.515695518755 0.103792273065 -0.598184577423 -0.110994834993 
0 0.592290708052 0.755499132531 -0.659442943355 -1.0706553598 -0.316508190701 -1.14052432537 -0.104418220252 
0 -0.464775872176 0.746875172663 -0.597733617607 -0.156705610851 -0.0669993951199 -0.653687475414 0.0264720055552 
0 -0.494552717982 1.06248460362 -0.321915515632 -0.115266784941 0.162320742777 -0.776314673764 -0.0640146984458 
0 -0.61702144646 0.840694490467 -0.234990248208 -0.652186011555 -0.0665634164209 -1.09753937297 -0.127169090012 
0 -0.468297431795 0.528442964953 -0.68981342648 -0.462341654023 -0.199648746862 -0.785652430525 -0.217031136928 
0 -1.13533692743 1.14094749059 -1.12068459711 0.12323611283 0.693848403146 -0.605670156886 -0.246919708128 
0 -0.590598951616 0.543040687283 -0.105349475864 0.0501104398105 0.446431457788 -0.752333427344 -0.282768063404 
0 -0.879976689125 0.838823354494 -0.339236025092 0.265447564638 -0.260140510773 -0.768193638438 -0.133788812 
0 -0.636184316491 1.03009672382 -0.478752736409 -0.665983783055 -0.408360068468 -0.584185794537 0.00585177019573 
0 -0.448101259825 0.531374811649 -0.28729227253 -0.227758524322 0.226355869055 -0.528878129644 -0.517568684447 
0 -0.540690612356 0.896430279304 -0.526406550383 -0.147837608347 0.00169685692319 -0.58594140929 0.0360833953107 
0 -0.553797809248 0.849463086264 0.0316501064184 -0.00490975508466 0.0410878861539 -0.399542631647 -0.0561892391168 
0 -0.0123351489508 0.160529859049 -0.623042065234 -0.402728349495 0.054870223678 -0.726949910392 -0.435622120175 
0 -0.512258367001 0.754552398583 -1.16587100049 -0.206450055871 -1.00774549392 0.0385597716443 0.20971491986 
0 -0.671185515768 0.496628523485 -0.736520320737 -0.533416502885 -0.285563993371 -0.84641093468 -0.109965092561 
0 -0.396188098782 0.595967040857 -0.0715786910685 -0.80410411848 0.534908954235 -0.401518466388 0.175269081709 
0 -0.47154595083 0.763022794938 -0.250212625209 -0.253481556663 0.0577782353427 -0.436712590895 -0.0890000452569 
0 -0.486588176242 0.772993679009 -0.344747582863 -0.116744169948 -0.499237477401 -0.33372699873 -0.138462228174 
0 -0.408407260638 0.992426867354 -0.743584199594 -0.103950940913 0.173210833897 -0.233531386757 -0.184809890824 
0 -0.539259213285 0.525663074374 -0.803983908099 -8.22218207985e-06 0.276786258641 -0.43442823291 0.247707262953 
0 -0.50840905528 0.666638439411 -0.364050213183 -0.673823949369 -0.0721036132845 -0.913022852891 -0.15343582633 
0 -0.344647744013 0.219851724028 -0.345407948579 -0.153533544772 0.206684569674 -0.711696141656 -0.411359405678 
0 -0.339374795934 0.154155594032 -0.308759593755 0.4510307391 0.495624737642 -0.201655601975 0.0975312399251 
0 -0.25998849676 0.317623189658 -0.284695627637 -0.254015902832 0.0771295447728 -0.696954130011 -0.0180357317974 
0 -0.249059588703 0.689221105229 -0.728883300702 -0.181715614663 0.0456640974694 -0.462929316169 -0.138616296478 
0 0.0088916903623 0.735913493352 -0.933580034248 0.0791231455033 -0.170786357065 -0.492227721221 0.338770617512 
0 -0.340548352914 1.08313576475 -0.474233001353 -0.441382547729 0.130622939129 -0.142231253787 -0.27629727294 
0 -0.49327987608 0.680532355437 -0.631760243578 -0.4390505134 -0.363259762481 -0.449271705802 -0.109347516393 
0 -0.399224711581 0.510199818461 -0.459095548002 -0.554841249903 -0.0700023376366 -0.66139941582 -0.099435953038 
0 -0.711070157696 0.211855728364 -0.807327918079 -0.356637078103 0.263132405725 -0.37887442509 -0.122224846208 
0 -0.10981986818 0.0376509275029 0.117610680602 -0.17060060998 0.117090868952 -0.466966537713 -0.394800593095 
0 -0.360501995766 0.0959880824055 -0.389745326169 -0.197179723362 0.107910452756 -1.04148202417 0.04585223868 
0 -0.57033641606 0.128428754251 -0.830355758933 -0.125715563636 0.00950177876492 -0.706156530646 -0.256595623961 
0 -0.743381094343 1.12627389977 -0.495903331184 -0.367755063676 0.253810496097 -0.535612769265 0.203604998413 
0 -0.390685513865 0.564419849152 0.419879285086 -0.278605193173 0.137388039366 -0.919419266322 0.214325599943 
0 -0.611581327333 0.336349780408 -0.314186572227 -0.452051619379 0.241385360086 -0.35772810366 0.0354891092418 
0 -0.696150233936 1.00016238574 -0.235363410717 -0.798049598818 0.0478269866234 -0.895928017732 -0.558254034776 
0 -0.213029268417 0.344469126309 -0.44753323331 0.0337316040723 0.210488171156 -0.503561938244 -0.149135435967 
0 -0.101647415785 0.570381943266 -0.129327799093 -0.269166120864 0.197593254122 -0.902680207169 -0.244999794938 
0 -0.352955459464 0.399024942752 -0.183749534256 0.0127142719164 -0.0368700838864 -0.369154841748 -0.27696395404 
0 -0.564471155572 0.885657324959 -0.539110358232 -0.0140499322581 -0.241865792786 -0.952016560319 0.0694076898243 
0 -0.384041689275 0.610958257117 -0.216742638984 -0.248645241515 0.0811611284165 -0.481214297325 0.06668027667 
0 -0.688982213992 0.909640551189 -0.071748422937 -0.397546797587 0.0717091552875 -0.698035596405 -0.488551254118 
0 -0.548530242554 0.754707994937 -0.496891072129 -0.103894427581 0.30837595141 -1.03754946574 0.0337189933126 
0 0.136371922469 0.731327583215 -0.513493161674 -0.301554903101 0.395542988471 -0.672769287239 -0.541207385253 
0 -0.411467839953 1.20702525252 -0.410921086864 -0.384985204239 0.0175695433432 -0.603055098512 -0.116352802868 
0 -0.270335832092 0.48536166365 -0.25953600074 -0.4850788109 -0.126513888309 -0.446642350781 0.0148552462974 
0 -0.293198220266 0.239962263601 -0.462007887898 -0.29260837881 0.00902620685966 -1.09816802667 -0.0730448740253 
0 -0.172974477443 0.405804874813 -0.186416071176 -0.304857841476 0.105589192595 -0.184378412896 -0.416574297809 
0 0.187498483718 0.657270353801 -0.789397011303 -0.353482216999 1.05261433049 0.218201062137 0.390340962391 
0 -0.383415803575 0.401994899512 -0.677914924407 -0.251155960703 0.205617300266 -0.79508236952 0.150567067511 
0 -0.298284931115 0.428205132081 -0.418719343095 -0.468770654228 0.4696487694 -0.821181257794 -0.134495986604 
0 0.17400293792 0.781819031741 -0.322495709879 -0.256545432709 0.692231512832 -0.955597086029 0.306594477171 
0 -0.751988890869 0.442273307891 -0.494684575299 0.358874373514 0.0783839756087 -0.112593748879 0.581105544918 
0 -0.426043773111 0.949834578525 -0.615247621205 -0.307956142279 0.0857999617623 -0.64939532245 0.0651182207519 
0 -0.10477945721 1.21522870077 -0.171558351708 -0.152120768216 -0.00688863311501 -0.624389164124 -0.106560656205 
0 -0.438182991923 0.805397852715 -0.631892981906 -0.34102640743 0.0747250555655 -0.617048331709 -0.486261751499 
0 -0.664891946659 0.588623925705 -0.436868460938 -0.191797165582 0.0909970115255 -0.792607105358 -0.519486946418 
0 -0.436320299303 0.468946086304 -0.589828644518 0.100590773578 -0.117977389411 -0.533832708755 -0.421700344881 
0 -0.53627312703 0.365217670569 -0.217715818825 -0.187427802425 0.264407850544 0.0751593036614 -0.27229167067 
0 -0.132395146598 1.01588618704 -0.274237358267 -0.0585696141014 -0.158906069491 -0.550848888909 -0.125833381269 
0 -0.0681140109179 0.589338967082 -0.591354893817 -0.137803669817 0.00871810412568 -0.575999080013 -0.432323463699 
0 -0.437484965664 0.615569583187 -0.633912576093 -0.495645639066 -0.110286456284 -0.627144061399 -0.0386044442447 
0 -0.711001377065 0.942776297255 -0.553187884958 -0.0715359377563 -0.315785714948 -0.477998694388 -0.112649855109 
0 -0.765571293396 0.971124936674 -0.566613917027 -0.260016770761 -0.166337709776 -0.850734276816 -0.176552620918 
0 -0.402267382507 1.1903808299 -0.449706289054 -0.655676368831 0.0340716671428 -0.840321950161 -0.079829780381 
0 -0.128026803389 0.948346427174 -0.622727180586 -0.240728608067 -0.264001209291 -0.372458895635 -0.171995696203 
0 -0.35208511355 0.607500031176 -0.277550560854 -0.677927745955 0.454941035521 -0.898870245592 0.451861268975 
0 -0.208890841008 0.62587218235 -0.324749998912 -0.607477617387 0.146564933919 -0.845038533618 -0.232558527863 
0 -0.709146622431 0.582391391261 -0.214919677981 0.289732294519 0.101160402549 -0.37287466447 0.231931235734 
0 -0.440171133401 0.51705163144 -0.59961772178 -0.449731660427 0.0798753876069 -0.775828329604 -0.00354116114371 
0 -0.460685494054 0.639346639431 -0.404200971229 -0.189876273137 0.145084462459 -0.478284958592 -0.233766971551 
0 -0.912996629135 0.812777461903 -0.41831513994 -0.323249215429 0.348352280053 -0.642504880627 -0.22217499014 
0 -0.868628429553 0.476321558437 -0.365730227685 -0.0501746938142 -0.0708688289733 -0.456246112474 -0.125531596574 
0 -0.57052265903 0.147315409048 -0.709811263307 -0.120327717586 -0.00509825087061 -0.988781720652 -0.187476781816 
1 -0.624358351017 0.788928795162 0.826253792644 -0.280212178046 -0.907487181664 0.720874859813 0.700851819589 
1 -0.193211445468 0.423077055564 0.435231025263 -0.508116663156 -0.95509895634 0.259975047653 0.77202688894 
1 -0.253457193672 0.730874945628 0.244155960552 -0.466739671516 -1.03235866355 0.710000642918 0.311106178468 
1 0.224862476428 0.555669854685 0.617927525626 -0.59003689811 -0.9199195798 0.975447207612 1.2623912165 
1 -0.114288029143 0.124158909513 0.374762625453 -0.32822509657 -1.10973995615 0.974987186928 0.582634419976 
1 0.253459239911 0.310402740895 0.245340596886 -0.440745499405 -0.930547001247 0.605136892585 0.879006815505 
1 -0.0891452805861 0.560367595129 0.561994043576 -0.384045349809 -1.16342312497 1.14193827419 0.454132425974 
1 0.0166135249143 0.563153560006 0.277746825298 -0.497931399122 -1.01383967339 1.11392038878 0.826508700314 
1 0.415632310427 0.301853029563 0.330969279549 -0.151020755351 -1.0484754017 1.28908204188 0.766696489004 
1 -0.378255856425 0.0927856542787 0.0342134053345 -0.708594755472 -1.10669695695 0.899064775649 -0.527689599666 
1 -0.183624361237 0.658945732148 0.269475546462 -0.316495074934 -1.2035235918 0.769893227579 0.874228371152 
1 0.47857622914 0.652022838213 0.107476869668 -0.523705058745 -1.24290743885 0.887073522168 0.535019353551 
1 0.245421321548 0.242800332829 0.299592211143 0.183268732817 -1.44245152997 0.936918915565 0.730578159789 
1 0.102555235924 -0.0134794077138 0.306359069716 -0.94062698623 -1.18697521126 0.634167490398 0.601042995371 
1 -0.401582494388 0.816511354756 0.415179631567 -0.027494448199 0.113234602023 0.92472643237 0.20547448081 
1 -0.243247828355 0.533990758189 -0.0448260542054 -0.71167129162 -1.223151902 0.805322239332 0.617165929931 
1 0.0177641182079 0.493209293176 0.212325375866 -0.144111399292 -0.984288804142 0.734940721986 0.86573083392 
1 0.215221176377 0.572722425664 0.346124181961 -0.112482824842 -0.91753820634 1.22727916472 0.511759371217 
1 0.00241539094284 0.0919864593747 0.202336348043 -0.582223924751 -0.696859181784 0.9430900024 0.5417706016 
1 -0.232828211782 0.940094177037 0.0120458918225 -0.42127605243 -1.1996394556 0.713716806079 0.459372585188 
1 0.45203604021 0.238605461571 0.257819853658 -0.30650514802 -0.917536695671 0.682121833605 0.714098232712 
1 -0.128436223042 0.649801533705 0.450998219154 -0.62764226001 -1.37399201947 0.492952635728 0.744439896627 
1 -0.236488396625 0.54920379729 0.209185900102 -0.726934990611 -0.837032483252 0.811525343873 0.898132226799 
1 -0.140476364293 -0.0107139291227 0.490822499182 -0.335959423351 -0.976712863904 0.794010324601 0.18211599326 
1 0.0289349530972 0.517878761982 0.168759432616 0.316056472211 -0.975942722711 1.12902604947 0.602303243414 
1 0.166350885436 0.303088579873 0.340087607125 -0.426839574858 -0.787199453018 0.709806825884 0.321567557162 
1 0.0953167489239 0.434850980325 0.665829326041 -0.54695951916 -1.19307145396 0.47237517469 0.770604584401 
1 -0.273469379411 0.145788931051 0.111567515913 -0.117169650334 -0.799707250533 1.00717696386 0.974902445322 
1 0.145489109871 0.690532977904 0.317858986877 -0.561393358714 -0.765409363526 0.633255555603 0.914197621604 
1 -0.281779824635 0.183480285289 0.606285378919 -0.281443661301 -0.911618836744 1.13548206888 0.425360691609 
1 0.117515832492 0.466092547968 0.437555563596 -0.279492399969 -0.740052167821 0.342789712111 0.747803146911 
1 -0.178220377807 0.29691536576 0.570075081042 0.0653500786747 -0.988257228205 0.743889556758 0.425642831336 
1 0.363671498733 0.251250431616 0.400524831193 -0.758426101455 -0.885751547678 0.820364568527 0.791652823042 
1 0.0632725803615 0.665132473747 -0.18588860578 -0.406591609947 -0.979509803589 0.62427079976 0.783937247552 
1 -0.106434333331 0.55205127253 0.195309541641 -0.374757406014 -0.851903588571 0.755430327136 0.532445723671 
1 -0.130453080156 0.307064662408 0.212153720438 -0.620129227647 -1.05345551954 1.11634838266 0.584125946804 
1 0.331182364294 0.794477851945 0.348381323196 -0.568060136735 -0.734898396029 0.880407818675 1.24963286916 
1 0.364253689064 0.206187146918 0.301889277511 -0.807918127633 -1.16196285389 0.638142896709 0.53384764856 
1 -0.310646770095 -0.0346719645822 0.030485907062 -0.47401431987 -0.98609749335 1.26724309289 0.640929938906 
1 0.0296124879005 -0.201553668917 0.159673561139 -0.312805393485 -1.03969811869 0.341450759284 0.775914444612 
1 0.171386540588 0.215803082022 0.144649269572 -0.550056382471 -1.02340682195 0.949768775774 0.480734419211 
1 0.0682794555058 0.159649062981 0.556051009315 -0.418672597572 -0.812455974582 0.81084429858 0.951923210579 
1 0.0508229043543 0.460884421135 0.0964281910665 -0.724025918294 -0.804958319732 1.04899017926 0.902948782056 
1 -0.0553955862158 0.604755202346 0.581590968929 -0.306121928943 -0.978941059646 0.717333573335 0.349364436013 
1 0.345858995264 0.350178063905 0.313131152519 -0.31082598221 -0.939261104891 0.658164976771 0.987201037128 
1 0.413450097784 0.311409938163 0.148870860147 -0.446236147559 -0.841968587463 1.04198786745 0.151080337239 
1 0.0753410929101 -0.25260774001 0.314854703795 -0.314704965255 -1.09205326284 0.74394697151 0.415218743612 
1 -0.0367839386389 0.140019411116 0.318518667277 -0.291173308856 -1.12149348048 0.763888016681 0.79615904097 
1 -0.275664662148 0.210292380148 0.369551110362 0.107538735112 -1.48135785761 0.604075108883 0.9522309017 
1 0.327778258038 0.219079592357 0.53202409535 -0.159996987337 -0.954279088545 0.840729423903 0.426017813178 
1 0.341160919463 0.384513501667 0.0232517784318 -0.437585863494 -0.678349096549 0.802118462741 0.774498185035 
1 -0.346572372135 0.157515718541 0.393437323485 -0.352533734266 -1.26949336298 1.10775761423 0.261196096212 
1 -0.37119471387 0.381601888806 0.169791831074 -0.481104182169 -0.927762480355 0.533184641928 0.513939957216 
1 0.175233867211 0.511958524889 0.0633561229826 -0.439908377315 -1.02223120542 0.688693829246 0.925190905472 
1 0.0399297390221 0.339986581485 0.1603186119 -0.402104807105 -1.00854655124 0.194739115902 0.204853844867 
1 -0.0603456876604 0.479978983643 0.29902693553 -0.317592433178 -0.638008341418 1.07248723455 0.602695516352 
1 -0.0883929143174 0.0645526934393 0.180525343322 -0.627503959097 -0.995604968866 0.735520688658 0.727991168752 
1 -0.110204355586 0.0246194462725 -0.0778916218746 0.066854499862 -1.0191801033 0.492583594099 1.25449613056 
1 0.228137812644 0.0258777481575 0.605485786957 -0.579075326171 -0.765443026225 0.930405720442 0.667644824508 
1 0.134486232613 0.191135243296 0.205001185151 -0.202119679951 -1.27577765504 0.815507861839 0.660328621081 
1 0.173585058856 0.698554850236 0.117957073833 -0.370428781361 -1.05768425326 0.550328380395 0.617520380017 
1 -0.174198652819 0.436428784883 0.435726832296 0.0901468943052 -0.780737224639 1.06352180571 0.795208015249 
1 -0.191363905382 0.657615314159 0.398571523801 -0.57240213262 -0.776887926898 0.792044167375 0.570149956085 
1 -0.171125719548 0.0334825700393 0.194709478706 -0.171407601092 -0.95577181103 0.826001145764 0.859075068656 
1 -0.0514735223366 0.909746104099 0.243336086596 -0.307222109092 -1.24443834327 0.56408081247 0.668489724186 
1 -0.158688782095 0.24195384966 0.162071352883 -0.359312686349 -1.27419080937 0.535413435025 0.835601753891 
1 -0.161502755304 0.181001715178 0.225899120826 -0.393113952639 -0.616688601371 1.10779273036 0.344330003995 
1 0.460203415736 0.44966954734 0.434642281423 -0.210435485362 -0.953845513754 0.571211819618 0.981844084818 
1 0.108632265318 0.472900034726 0.314331005 -0.371605919037 -0.541157068544 1.06507031982 0.115066247639 
1 0.313587859428 0.36846702264 0.550986230434 -0.656427522521 -1.07652249763 0.625076696796 0.616920836944 
1 -0.00837385333965 -0.008937836455 1.00895711763 -0.470343715572 -0.82479616833 0.587929220691 0.631497611693 
1 0.0544794030563 0.397377975366 0.224380464236 -0.408131523034 -1.05397368182 0.971284572376 1.00551030219 
1 0.130364498647 0.382976382596 0.032055019339 -0.494722311098 -0.825867397912 0.697823879198 0.837478882813 
1 -0.477691126488 0.421505354868 -0.129354789583 -0.370082657188 -1.30326328488 0.621951317705 0.332299214925 
1 0.0693437866185 0.0876864300526 0.8178027092 -0.364253263985 -0.908838801609 1.09070095445 0.358272994042 
1 0.483725000367 0.261011463482 0.170043740039 -0.288735945511 -1.29777821292 0.477560972063 0.681104554511 
1 0.0479229314251 -0.0975394219408 0.620508162664 -0.407348217424 -1.33331815324 0.460033121511 0.611306394615 
1 -0.376404511201 0.19717648411 0.489093383893 -0.202990510269 -1.03715255029 0.592279134283 0.766079309271 
1 0.178467369077 0.468353937747 0.0183301877972 -0.596616713557 -1.30794451621 0.83341333049 0.507497644943 
1 -0.137021488376 0.47233973785 0.0576335928518 -0.645217226152 -0.8901133288 1.0821558993 0.60693228291 
1 0.10381761524 0.40793872657 0.260132406641 -0.476052227715 -1.28775256096 0.645851216493 0.226098252067 
1 -0.108887797505 0.578152733977 0.729497769181 0.12525405809 -1.0279959764 1.01809083639 0.64483178894 
1 0.106722165562 0.376566724898 0.0868394822727 -0.429971779961 -1.09491427896 0.738055147591 0.899376909945 
1 -0.430332660051 0.201616088544 0.071306641436 -0.106927391751 -0.947216031026 0.581818480097 0.574255001089 
1 0.0644513248266 0.277948308304 0.18146608471 -0.672310248951 -1.16907221489 1.11944071375 0.68855409625 
1 -0.430005720583 0.369445577786 0.0584259776713 -0.739799168269 -1.3035348742 0.606263874882 0.593138416843 
1 0.198041706776 0.0805569270244 0.176870573379 -0.364697182822 -1.07901609125 0.871995871563 0.929029684907 
1 0.21370063168 0.196137800857 0.0835648735411 -0.350304932938 -1.09943687984 1.00782767736 0.787590683583 
1 0.0302894834622 0.439038205425 0.594052610656 -0.40268119619 -0.849750816212 0.485543127375 0.909157095221 
1 -0.0545181163661 0.119821018706 0.448936747576 -0.436803262047 -1.18184732714 0.558863899454 0.64733610151 
1 -0.0510161919196 0.276281930175 0.329143868628 -0.489943392715 -0.561810640175 0.996473683143 0.360101464852 
1 0.20116724394 0.591011400966 -0.0196244687644 -0.337504954325 -1.25700706872 0.99065682511 0.794237828357 
1 -0.202750083005 0.387834313827 -0.0137682911771 -0.486836085265 -1.15016649955 0.563013019645 0.376598425011 
1 0.0974494833859 0.0428026781634 0.53072738182 -0.548742528552 -0.816893320116 0.890120918924 0.549984758293 
1 -0.131748861799 0.378828205511 0.288775475093 -0.0177795440716 -0.938925544318 1.08778907289 0.503298200397 
1 0.10195997877 0.697053313246 0.640400176871 -0.640096801699 -1.00746980972 1.08700390567 0.583215039674 
1 -0.00674603553044 0.44491309654 0.0816002099782 -0.398768694308 -1.16455787533 0.769368827832 0.51375027983 
1 -0.0921332959434 0.409907817482 0.441265160546 -0.341983672066 -1.08039514313 0.58232810786 0.389801025567 
1 -0.321137652785 0.446496989338 0.339689339642 -0.111737495848 -1.29158831601 0.896122550821 0.930460201302 
1 0.104704081291 0.0736941712613 0.319941758471 -0.127997829236 -0.940821444962 0.703817989568 0.674897648419 
1 0.0200079254838 0.545981683614 0.496506121376 -0.343563762575 -0.796692058144 0.637860151502 0.865643249762 
1 0.284041813226 0.62978507714 0.31906549259 -0.0915824963015 -1.12428603809 0.574538335523 0.509049198694 
1 0.187056278775 0.462417610795 0.493870338027 -0.285188224239 -0.633412456725 0.390649904422 0.655109322617 
1 0.323051154161 0.236799615747 0.437004812775 -0.915477955668 -0.765763531144 1.11658496428 0.699087770619 
1 0.0172625791747 0.230700535157 -0.278800322987 0.0156797276018 -0.588486166139 0.690990472818 0.870200418355 
1 1.02620027631 -0.165996294765 -0.15121564607 0.0058177862701 -1.1601835993 0.55768043768 1.04259589164 
1 0.0758657318044 0.0352912218651 0.0869984607129 0.00894250720634 -1.06790882055 1.04225040407 0.492505438749 
1 0.298043617595 0.500730459139 0.2950245844 -0.231739668568 -0.891227914846 0.201690095176 0.83222946035 
1 -0.155902285309 0.733507718352 0.970948161871 -0.328286628361 -0.969648321392 0.396656581808 0.389800685741 
1 0.05578747514 0.594121180465 0.562518659589 -0.0253649387106 -1.22894985844 0.819371200786 0.33773650608 
1 0.0626325672137 0.30554530288 0.229425122597 0.0977365673786 -1.08652954174 0.891614645597 0.787209438968 
1 -0.256078838427 0.353325186604 0.5645074059 -0.0221042598 -0.941670663911 0.90909883874 0.205411828284 
1 0.412876245345 0.350474260889 0.443980604164 -0.453732736631 -1.01859934305 0.722870988218 0.335428022017 
1 0.752118420503 0.832172909709 0.657045542337 -0.248747063777 -1.50459686434 0.522009629438 0.764479856561 
1 -0.0363069715156 0.365821933728 0.287776275152 -0.30271946829 -0.583115757015 0.327022001705 0.446651407624 
1 -0.259154761537 0.124075823213 0.581812966299 -0.421130441661 -0.798804560867 0.777610321405 0.422973987538 
1 -0.275837095983 0.164818631262 0.419590436322 -0.537913814719 -0.93033175236 0.321450884883 0.82785799876 
1 -0.144090140072 0.616223147718 -0.174693267267 -0.435499395779 -1.25093411025 0.188075749614 0.579104459755 
1 -0.00814035266592 0.743819956865 0.361951843055 -0.465891459197 -0.945687010943 0.768851916764 0.496693647782 
1 0.417014704067 0.551083915073 0.148833741206 -0.52054391894 -0.979030247602 0.593785832302 0.474205327667 
1 -0.282650059861 0.22653550237 0.699170239529 -0.461977336309 -0.63661234598 0.682767880371 0.736544574453 
1 -0.153824254345 0.281284752189 0.440289520232 -0.97116258363 -1.22394333754 0.923641744468 0.863571930248 
1 -0.120868871975 0.675067112788 0.273751911591 -0.649939274713 -0.823622047163 0.904941155398 0.478610989473 
1 0.276531696532 0.398127314907 -0.156810924322 -0.628534028002 -1.00687603972 0.814524083686 0.605123410771 
1 -0.20896499199 0.35095229103 0.282287663752 -0.249810865293 -0.731222550796 0.467002947358 0.543257547381 
1 0.00488996492735 0.208873564485 0.0640142861883 -0.443721789967 -1.05559362783 0.921498040755 0.792399523618 
1 0.0423139020717 0.3116367543 -0.124650997554 -0.524333479912 -1.16161485836 0.938559800934 0.458540079211 
1 -0.0840559120827 0.423967304234 0.286502971587 -0.603630676037 -0.944247601358 0.553351683654 0.748468108002 
1 0.137225215072 -0.0800948129163 0.0504410935355 -0.361444023974 -1.15090692847 0.476929073159 0.554358369892 
1 0.196623934912 0.161285049301 0.475554672981 -0.176968069086 -0.86349210773 0.742357462282 0.531786058467 
1 0.120633874902 0.487983204561 0.147448803393 -0.414568302493 -0.920422890849 1.20522592286 0.565114513159 
1 0.112477922479 -0.10070986554 1.00076547983 0.713511341082 -1.06454155048 1.13293836499 0.343439422913 
1 0.026696113237 0.476342594703 0.207048094125 -0.723821036569 -1.06640304508 0.665720993733 0.610531364633 
1 -0.149076921319 0.376797019319 0.32235116066 0.0500269774562 -1.38894937541 0.681936580163 0.929145107983 
1 -0.21157255031 0.484319269924 0.0563623636899 -0.22710366464 -1.63300080227 0.862770039413 0.879542325572 
1 0.173391515955 -0.0803631783863 0.509067976258 -0.621525101761 -0.997494752578 0.548916869454 0.595271207327 
1 -0.0087031740853 0.19749424107 0.463672780357 -0.340988148832 -0.927918073609 0.62283871001 0.759789236243 
1 0.0200704976347 0.330755261971 0.709336748571 -0.629855196746 -1.29133949914 1.14766348689 0.653483757452 
1 0.335751023887 0.546622852356 0.60888704749 -0.0202777275222 -0.877462650299 0.630905451648 0.424053648574 
1 0.189957371482 0.222830349442 0.446269028794 -0.500937034157 -1.02441955062 1.09181169328 0.975956945357 
1 0.306163569785 0.672001803138 0.257975873776 -0.181125456601 -0.859990424609 0.652712396969 0.8515784627 
1 0.208284784246 0.485201405272 0.411718937776 -0.219763127824 -1.06637011951 1.10171113654 1.04101080522 
1 0.0947987200089 0.674325252788 0.225689592992 -0.187535591718 -0.951139908757 0.592570855193 0.311753780065 
1 -0.229919309064 0.131240483209 0.359463687077 -0.338794774226 -1.02401581884 1.05438064048 0.937426278352 
1 -0.424252191127 0.414928050244 0.429194235648 -0.846639076691 -1.29128201917 0.74984357584 0.422887057315 
1 -0.159343683273 0.148388616472 0.56587158799 -0.32648980695 -1.17871144277 1.1169508404 0.787447392725 
1 0.261800251073 0.310290523202 0.436733442909 -0.472718762952 -0.973529126218 0.487929508408 0.438168424829 
1 -0.345004733634 0.514634281705 0.257556524817 -0.185765616169 -0.687683706317 1.11123328415 0.555780062488 
1 0.0995993963014 0.487160819494 0.110832861078 -0.0903578895503 -1.53401873391 1.07355728745 1.18865601685 
1 -0.175589754742 0.458691862656 0.574498831895 -0.575560272646 -0.870785205017 0.785014809459 0.666673099531 
1 0.452148952211 0.42725999408 0.42719993909 -0.129610003601 -1.06293451744 0.520184949858 0.752420666267 
1 0.261379698731 0.422664488098 0.304188039837 -0.193839272931 -1.20382331612 0.409987110906 0.722845246628 
1 -0.00867262928918 0.342998387366 0.527550797042 -0.596888803789 -0.98897446404 0.479284662358 0.192735976241 
1 0.0919867273565 0.643147816019 0.65629356127 -0.350289038077 -0.655997586352 0.704663013636 0.25742653896 
1 0.0865942462046 0.451046629679 0.349661093438 -0.13544953602 -0.422961344075 0.723070969253 0.69768178875 
1 -0.00273430402086 0.593091136679 0.435778597094 -0.463753697031 -0.77570677989 0.803217482366 0.557463784456 
1 0.0771786924121 0.521536668466 0.0388517071866 -0.255909078871 -1.20869716675 0.301862790904 0.812715673338 
1 0.353533755793 0.52219113794 0.276622983942 -0.421953964229 -1.05111354972 0.595550668024 1.02275430794 
1 -0.280985942453 0.181073789173 0.190669585443 -0.375164284961 -1.15316590647 0.800838512594 0.487022054051 
1 -0.133498973703 0.0305393814398 0.1793634164 -0.0855216508498 -0.816897308462 0.796312119049 0.76377575587 
1 -0.115723811376 0.449821266277 0.66830066205 -0.311431748416 -1.58123203301 0.858205526087 0.168518582181 
1 0.0710384728571 0.486463559314 -0.0371287503385 -0.204441137895 -0.754859680386 0.984517389122 0.674835030791 
1 0.0276002323779 0.375198707051 0.37040012508 -0.422902011173 -1.50402870459 0.54256754442 0.534915408571 
1 -0.108031733187 0.00128852700562 0.160877431135 -0.341317285396 -0.826507821921 0.723438592408 0.627857434996 
1 -0.094808324027 0.326996254782 0.381541809211 -0.325037559114 -0.711821863586 1.16226612552 0.609179008701 
1 0.0670085859044 0.30844833405 0.18659334216 -0.633605497757 -0.880148470053 0.930632629813 0.634651765214 
1 0.292282188283 0.602282053384 0.430743188333 -0.438887221595 -0.529997969484 0.975026146687 0.377063777294 
1 -0.283713346778 0.502149925608 0.355288154223 -0.294487749792 -0.666584728122 0.922894878512 0.340267203627 
2 -0.0924215558768 -0.16650249606 1.06117744923 1.0780691484 0.359631010782 -0.399862583658 -0.772510659993 
2 0.0598165921736 0.053574941908 0.71851370115 0.612617623619 0.428868949447 -1.00924801352 -1.03700521837 
2 -0.113210130472 0.0957383080822 0.765574333213 0.933014097516 0.525452316047 -1.03090685177 -0.893088287778 
2 -0.0356758162723 0.242144138822 0.913230500344 0.761484900831 0.6252696942 -0.391063069946 -1.00733836712 
3 0.626891349858 0.494560289473 -0.0152145684777 0.934099896678 -0.483514817167 -0.0255923688723 -0.243119625596 
3 0.569890240588 0.459151962523 -0.441335452128 1.00907701467 -0.74639260412 -0.263128656197 0.00896028013243 
3 0.313268095011 0.721243152716 -0.401272555612 1.40478849983 -0.106068977688 -0.455342798363 0.0510349809981 
3 0.653764627612 1.07368644577 -0.321824459177 0.750825447596 -0.686144254056 0.0229782644515 0.0599367267467 
3 0.813828046047 0.742871888442 -0.191249719214 1.04573649522 -0.796986904948 -0.175571172627 0.0138960541979 
3 1.03925878816 0.643204690624 -0.357151643137 0.525632318931 -0.555057811529 0.00807939217872 -0.111015120891 
3 0.783980019559 0.90102422643 -0.498209649416 0.729659548714 -0.385037360874 0.173420246093 0.202243597084 
3 0.627269041979 0.580255454211 -0.632382672134 0.918651826235 -0.547567109611 -0.465305813611 -0.503888737837 
3 0.751627192167 0.824741261508 -0.243896450198 0.430812559064 -0.57734304916 0.25204651623 -0.425212083153 
3 1.24268638416 0.805821482338 0.0166378507488 1.06814458192 -0.750844518446 -0.171009564384 -0.235265506641 
3 0.70208924075 -0.142712719451 -0.458645192733 1.24955392859 -0.262871547266 -0.0926578547092 -0.197466177038 
3 0.754463546179 0.686817586039 -0.344982909945 1.03967703908 -0.509548152393 0.0920856233398 -0.144935845084 
3 1.22209814825 1.07641245011 -0.177747355152 0.668112716671 -0.692800536666 -0.543438445883 -0.193725621032 
3 1.21048248414 0.706262815492 -0.400535223527 1.27331060625 -1.04578274731 -0.442873904166 -0.2418781643 
3 0.75731673987 0.681930126118 -0.40052637021 1.09110257008 -0.411660292821 -0.12337601699 -0.676447191107 
3 0.963700983871 0.399659754253 -0.150596948471 1.33897456128 -0.621013717968 -0.0503196710502 -0.0522601750866 
3 0.472678979562 0.991988025692 -0.213135930447 0.870092108384 -0.47949834696 0.205811567332 -0.0406329167815 
3 0.919605133658 0.732989792835 -0.103812039873 1.00316200539 -0.683205521412 -0.0244803336384 -0.288120051062 
3 0.500385026081 0.689498636842 -0.590856902583 0.889184693581 -0.46138584184 -0.122273878577 -0.490207909653 
3 0.986359967686 0.768048076452 0.141112959931 0.606921498321 -0.348892276525 0.423789608397 -0.344580002462 
3 0.869827665385 0.723747991607 -0.430749763211 0.942968928493 -0.777126062911 0.0894598981598 -0.151612974169 
3 0.353373527016 0.491577731978 -0.627200871247 0.869271993634 -0.541187523524 -0.117606182382 -0.116676209422 
3 0.826049276326 0.610744954285 -0.319241574281 0.689421716419 -0.591630493488 -0.0939062935831 0.00847394579291 
3 0.949053281609 0.71169771455 -0.261388063602 0.98243476993 -0.817066275885 0.0724516488952 -0.306475226839 
3 0.834986466053 0.647362819152 -0.416344454247 0.816266287807 -0.311165167397 -0.0128880371998 -0.415869185241 
3 0.968944338448 0.996653907696 -0.51245114068 1.03799811563 -0.323935278229 -0.688102252037 -0.450062839688 
3 0.808142065273 0.879837370143 -0.146299369773 0.580800170285 -0.558779814523 -0.17853182012 0.253165600039 
3 0.870933907503 0.812559843125 0.12445266576 0.959145087927 -0.747454769616 -0.41095587116 -0.494189724077 
3 0.302793682851 0.638136447987 -0.95768206177 1.1921409529 -0.546375509669 0.176378174157 -0.0982498094475 
3 0.670652477592 0.549507100571 -0.258953612838 0.865140234362 -0.510826036688 -0.0245364061433 -0.428287111829 
3 0.969434132071 0.666688655343 -0.367471681729 0.664884152995 -0.826833112442 -0.177493794021 0.0594478189587 
3 1.14031764927 0.68006611967 -0.607488841537 0.883482737806 -0.545954561842 -0.0786474362108 -0.296549314979 
3 1.01787512675 0.872108314205 -0.293554295897 1.07247887746 -0.572609058251 -0.100662904002 -0.0225329202202 
3 0.698103053255 0.729803158413 -0.41035105993 0.651910454565 -0.728680841326 -0.128422256494 -0.192234723002 
3 0.58300719252 0.643445704211 -0.65559148708 1.11956800743 -0.563993694378 -0.0409649673102 -0.547051568326 
3 1.27642345817 0.479767673179 -0.40393828171 1.07504314563 -0.881890013655 0.236978170316 0.0386090969929 
3 0.520151539798 1.15460040541 -0.581617907496 0.678206835283 -1.28085223392 -0.308278310937 -0.84493831453 
3 1.21320735196 0.700807045428 -0.294590336143 1.00143575795 -0.497667807769 -0.0116744380019 0.170667416083 
3 0.627760989693 0.696320395179 -0.0996814287246 0.87913682159 -0.691980662846 0.0139008331608 0.153321452278 
3 0.906268728377 0.619333329963 -0.143126868678 0.870572319763 -0.789950944109 -0.555466422928 -0.394726781388 
3 1.13923802592 0.534932295991 -0.622004386909 0.64094731534 -0.452712047403 -0.159000248707 0.0770482699006 
3 0.558455592334 0.970813204139 -0.51374532461 0.846063357196 -0.540075247469 0.195656970966 0.243751099608 
3 0.576304636584 0.298793052359 -0.38220523181 1.329141632 -0.537025032288 0.125063817608 0.0248751964455 
3 0.604697695887 0.277164449891 0.0826227555926 1.32711516384 -0.14107898886 -0.683432698719 0.0510499927123 
3 0.982747765636 0.432733469791 -0.151827072265 0.916923105705 -0.922246280649 -0.389893531252 -0.197666720922 
3 0.820191099823 0.89102180985 -0.492959946258 1.1531306926 -0.397628617429 -0.159351277238 -0.169048851779 
3 0.654923875566 0.654361536355 -0.580708994389 0.81643146654 -0.638926892521 -0.176897221437 0.0480274567844 
3 0.835710083998 0.600751147487 -0.015166535827 1.01297273903 -0.81939617172 0.0184921659527 -0.603250771933 
3 0.977430755005 0.540290905479 -0.309902961274 0.706935120199 -0.658151653283 0.019458120885 0.113088746149 
3 0.691578431456 0.584261705104 0.171953626294 1.04399159108 -0.378059979651 -0.151073459103 -0.05440698428 
3 0.99281487678 0.458056445263 -0.751060561362 0.927364063002 -0.310135375646 -0.244900064648 -0.453467490379 
3 0.670344653408 1.0268979694 -0.4495662879 0.525156884683 -0.316754453504 0.0197478389479 -0.416114122583 
3 0.839286904587 0.570478619607 -0.0180428813081 0.950383870431 -0.316236309332 -0.803173889338 -0.0136200775438 
3 1.14833744234 1.13196075794 -0.747320866416 1.2356212056 -0.0513741216192 -0.0109874226553 -0.194221562701 
3 0.93758347492 0.544836181373 -0.280108364195 1.16882156522 -0.473251167671 -0.2743544256 -0.346092348495 
3 0.757319918995 1.70113298606 0.00397685498668 0.734551864641 -0.539474744419 -0.766005560015 -0.264278369351 
3 1.21593418198 0.881125704495 -0.166240002547 1.11508634911 -0.718166080541 0.0329497966933 -0.104337373045 
3 0.688165073685 0.780507573529 -0.321669743433 0.88044089722 -0.865315013267 -0.336316831613 -0.459489246063 
3 0.575689790673 0.9258003404 -0.348071057976 1.03904372035 -0.427461375248 0.0515554003261 -0.23207263339 
3 0.472694932895 1.02341931422 -0.125946875016 0.862950411928 -0.84856122533 -0.216001211302 -0.50739464804 
3 1.0530500196 0.734594092037 -0.297303670628 0.763922418548 -0.707568239828 -0.213690042423 -0.390070430716 
3 0.792446261094 1.03012992876 -0.279910798643 1.33788031993 -0.397148456299 0.0509448978858 -0.0469015952502 
3 0.780093483433 0.659051425513 -0.325617521575 1.20854048522 -0.72273142382 -0.573040371982 -0.444054951511 
3 0.95671328199 0.793035507357 -0.722549753284 0.86768696944 -0.777947162777 -0.273477859961 -0.259697287489 
3 1.12818780745 0.930653643763 -0.0603338313468 0.703381476403 -0.461224920051 -0.0641027565151 -0.267429014194 
3 0.981856589753 1.03529648779 -0.351491752641 0.502574772497 -0.769524425507 -0.199918035992 -0.0484955225243 
3 0.933038902122 0.531461032073 -0.321153103699 0.662084003158 -0.530091966538 -0.196244576014 -0.521838680968 
3 0.82758328338 1.1673769111 -0.183226465864 0.696203295119 0.0306290982081 -0.015515894847 -0.235740281744 
3 0.715320593541 0.936741311601 -0.0289589917033 0.876240729367 -0.41373854382 -0.105984153463 -0.0756062169676 
3 0.859240600301 0.337606455735 -0.62726128649 0.898631739024 -0.659534479269 -0.387891423352 -0.390139462546 
3 1.100823675 0.870567105981 -0.755185931819 0.279713886819 -0.780494230822 0.0594011513609 -0.111585978003 
3 0.553166149637 0.615099758859 -0.234883790791 1.10186586008 -0.779588087776 -0.278008690558 0.116285137062 
3 1.06967560513 0.699357150912 -0.581031286807 0.761261329261 -0.430929875547 -0.217712725719 -0.215219281006 
3 0.63964369904 0.818642934569 -0.579416551983 1.10142743179 -0.55872753932 -0.814752295903 -0.187012531705 
3 1.17229375958 0.977726952698 -0.0298606949379 0.850713700733 -0.697594157726 -0.27991959961 -0.275638985251 
3 0.992908063424 0.565523101695 -1.08541872745 1.17524693152 -0.571583044907 -0.0711101182276 0.0779558777821 
3 0.92730470282 0.661149965523 -0.276020282071 0.666972489717 -1.11667111537 0.0290916653259 -0.295136466243 
3 1.19567206471 0.894990200606 -0.780744836757 0.99073804939 -0.730399897338 -0.377285280378 -0.219354848093 
3 1.11737439919 0.782089776959 -0.321129769223 0.562529338352 -0.829191480326 -0.102027136359 -0.508888080445 
3 0.91940285221 0.615589849154 -0.771560207125 0.703062878317 -1.13634042233 -0.103690559847 0.00874141850316 
3 0.888240578402 0.371976676505 -0.446666465386 0.705509723648 -0.624391111174 0.0634058586453 -0.146553006452 
3 0.594590309553 0.49538807574 0.0244564138283 0.792197098434 -0.890923180227 -0.06325217583 -0.24660718736 
3 0.529104106842 1.21401988771 -0.231006671236 1.35773610831 -0.548170443529 -0.139885170516 -0.0592357391885 
3 1.06015122564 0.647530758948 -0.491153338129 1.18128987314 -0.419605188959 0.0746205687311 -0.152020855215 
3 0.866048074429 0.797423517404 -0.330379643347 0.537435422887 -0.657355309622 0.291724777153 0.0995032145051 
3 0.867093867157 0.550988629471 -0.453992177429 1.15695255727 -0.668508592021 -0.474339554951 0.0655261330166 
3 1.21308212641 0.982766648922 -0.163293535915 1.06551237999 -0.487198170305 -0.558647386069 -0.0627204210279 
3 1.03417639065 0.924862538051 -0.332476316241 1.17589666198 -0.852022186115 -0.329690543907 -0.177921634321 
3 0.780113234599 0.45567337218 -0.885473142288 0.900723257602 -0.372370846229 0.507732352736 -0.159009040217 
3 0.625384461473 0.961120739754 -0.46371914992 1.0719434962 -0.421667814251 -0.102674638538 -0.110863398214 
3 0.40050520686 0.892349978054 -0.312450550452 1.14443983858 -0.591256414892 -0.380844410308 -0.839603962092 
3 0.916598446901 1.0679468267 -0.264399424167 1.33175200231 -0.906503287814 -0.0504547580299 -0.122691487211 
3 1.01478822991 0.343826934777 -0.236344358279 0.75865079687 -0.82382809923 -0.0906365283582 -0.0514360448751 
3 1.26239651801 0.317720654415 -0.103270672867 1.33060852594 -0.904301038467 0.00318070777571 -0.295145827395 
3 0.964471257266 0.590150971679 -0.121620436052 0.800497583106 -0.828788056015 -0.166109116214 -0.583167733631 
3 0.536109767276 0.426349313178 -0.590977236238 0.841561281347 -0.455117697666 -0.16386270159 -0.266428677297 
3 0.813420543426 0.849138797709 -0.35118390692 1.02695187706 -0.56844832111 -0.143562495715 -0.234844164137 
3 0.599023518207 0.623564283105 -0.567411823605 0.956991221464 -0.659042371 -0.171987756438 0.0321164970248 
3 0.602560960364 0.462907012351 -0.42548877388 1.08841695424 -0.749703094799 0.0155558470005 0.135142390453 
3 0.468033485683 0.652542205448 -0.710466923306 0.993012795383 -0.377068872946 -0.06851875807 -0.151604602334 
3 0.771544316474 0.49339755411 -0.250246002168 0.834625789241 -0.990714945517 -0.141165312602 -0.215151380844 
3 1.05373153518 0.888559602835 -0.2996911924 0.7009308941 -0.966573727169 -0.11539066686 -0.236657937766 
3 0.638363081198 0.479112394982 -0.394840947039 0.626287899335 -0.742183909857 -0.0229903297887 -0.120516409975 
3 1.08586131843 0.805990562676 -0.457032453965 1.13283361666 -0.886701584218 -0.115213186976 0.271765575473 
3 0.888709345411 0.834951053806 -0.726909920698 0.887630978887 -0.564683328782 -0.21659811115 0.134826711707 
3 1.03325405088 0.486939855247 -0.912586382612 0.915930814074 -0.622265163008 -0.0478133291103 -0.181638027283 
3 0.843726456862 0.861605449295 -0.409532049735 1.05711473587 -0.459359141994 -0.240899952552 -0.116536174929 
3 0.697076914236 0.631872243209 -0.18465156322 0.592801962979 -0.226430990671 -0.080690780868 -0.0130645571347 
3 1.23447458039 0.707387520672 -0.272005459197 0.737295573379 -0.535010699451 -0.218280120472 -0.187500917331 
3 0.938979024307 0.639132245574 -0.430913562666 1.16702313319 -0.251864659116 0.0223776357752 -0.275852022255 
3 0.666863515056 0.380706428445 -0.397857551604 0.341346180634 -0.671541265897 -0.317341218629 0.0953925398289 
3 0.483092437391 0.852589249965 -0.124398079715 0.762381779607 -0.557954364864 -0.220943820796 -0.459723909553 
3 0.952922345768 0.849554455019 -0.524428634641 1.01182986351 -0.716195584178 -0.473730147739 -0.0471604957763 
3 0.524215127883 0.770138089292 -0.095654746144 0.767618449855 -0.526428606529 0.13903738449 0.222258615136 
3 1.2688612086 0.738890643776 -0.266339530547 0.772086409225 -0.65850398363 -0.51557327339 -0.192502562598 
3 0.699726691366 0.537394085444 -0.499918445399 0.858375166119 -0.604945766715 -0.202296946521 -0.164561229599 
3 0.882202048889 0.654722511126 -0.646792970285 1.00503232613 -0.484473340211 0.25129717208 0.02022713677 
3 1.31787078304 0.691932380413 -0.711416853238 0.772000745875 -0.661056858241 0.216453525843 0.00343542639251 
3 1.63287498947 -0.0645160233141 0.116796137998 1.66086482017 -0.548820098078 0.334835739923 0.351784254935 
3 0.836826543393 0.832124139296 -0.586828888045 0.880219870561 -0.737655280045 -0.503110820232 -0.360414105443 
3 0.507730869236 0.931922708311 -0.530571604998 0.702280302457 -0.881348447511 -0.0277027587435 -0.331219326886 
3 0.76452799591 0.563186868304 -0.34560379678 1.25931123211 -0.707699352285 -0.0465762813169 -0.0562912942905 
3 0.682727227298 1.14905309058 -0.513502137403 0.89713067317 -0.680063124377 -0.19456447074 -0.353345183839 
3 0.942038913976 1.01807210304 -0.851754292284 0.941345615641 -1.02516349287 -0.121396122848 -0.0477615423086 
3 1.04499212417 0.870409442036 -0.16700180287 0.661586295274 -0.574409293769 -0.149799889606 -0.130553530249 
3 0.973096650892 0.683080365028 -0.0354971960733 0.898154637438 -1.08994097492 0.28228104653 -0.316199044574 
3 0.821997605635 0.843656002753 -0.598372076049 0.95025213976 -0.261926317543 -0.129347769172 0.0507541998523 
3 0.785494046017 1.21783122688 -0.159897954933 0.818266446933 -0.652087945345 -0.101823344289 -0.233841647027 
3 1.06780882974 1.33982050585 -0.844623689406 0.791469201965 -0.629646064876 0.16627568855 -0.484254250002 
3 0.44332161195 0.555528774248 -0.197515742427 1.07769791611 -0.805339921845 -0.0460899370139 -0.272012806771 
3 1.15439130831 0.820895674507 -0.204148465065 0.670918876635 -0.575359324492 -0.450110167305 -0.11447786273 
3 0.795424395442 0.55780477002 -0.390187981804 0.785410330671 -0.0859417657695 -0.13649126486 -0.306564048208 
3 0.505788158883 0.929359824113 -0.463029490076 0.979620705345 -0.420959750157 0.249160991829 -0.126631927346 
3 0.809812031927 1.02369169808 -0.55010095704 1.03758676094 -0.307729620614 0.129969684742 -0.266479775595 
3 0.77561927904 0.6973777628 -0.371440531328 0.995750660372 -0.320445433874 -0.0297701874094 -0.304932735097 
3 0.775238182567 1.19970651952 -0.738436153077 0.699549739958 -0.493401203993 -0.194241005129 0.0124782528076 
3 1.09164465233 1.21643669118 -0.398355943865 1.3014600462 -0.652866341306 -0.190307311964 0.163480195278 
3 0.938762241651 1.03973384115 -0.518506177447 0.997515241192 -0.942781512905 -0.48807615033 -0.2414753584 
3 0.611870512379 0.483280960082 -0.430241822489 0.933127828643 -0.52842478818 -0.0963430458469 -0.0787975444209 
3 0.949201197716 0.571313661439 -0.259224462912 0.820549567646 -0.770679147993 -0.0337644026498 -0.126405676193 
3 1.13158282759 0.681312423526 -0.369630576097 0.615710338114 -0.839584437915 -0.120566520567 -0.296415107672 
3 0.603685360161 0.684370788175 -0.433105887966 0.709903751744 -0.80418787554 -0.101879646061 -0.578267024607 
3 0.678215884227 0.891071318091 -0.849306250094 0.883223789821 -0.541435604193 -0.14242337261 0.289049635225 
4 -0.338120217516 0.0714691956093 0.397114313089 0.945796154582 0.648374567157 -0.975860214746 -0.972934894811 
4 0.0224371166754 -0.194114778363 0.577882464192 1.01379926686 0.648606188399 -0.54822251795 -1.07275327454 
4 -0.220755681039 0.269770164785 0.513192829356 0.595989296606 0.823878738846 -1.04419492609 -0.546688609394 
4 0.0243598743897 0.326213883355 0.390363953826 0.538398055578 0.13085950048 -0.504268668138 -0.848584297809 
4 -0.1962461673 0.158240540495 0.562725311969 0.508409290679 0.645254295391 -0.884083823603 -0.799235510131 
4 -0.0092679176567 -0.295787085872 0.633903905011 0.753530899777 0.683736599265 -1.01791949828 -0.538786855231 
4 -0.451914008353 0.239769824883 0.800060223086 1.03130421316 0.821844754564 -0.708020105722 -0.979511672707 
4 0.0273860774186 0.00860288166116 1.03059582328 0.778859341108 0.574783313236 -1.29001754017 -0.731309498556 
4 0.13315602481 0.120714225201 0.36437908611 0.793211848422 0.170033778921 -0.836428225333 -0.829269839127 
4 0.214398754882 0.310489970258 0.165741547637 0.808778891359 0.329760462986 -0.58717353672 -0.494141775228 
4 -0.125154679712 -0.0552520397085 0.664697831579 0.521013681479 0.0987724416402 -1.01290963618 -0.166800801369 
4 0.161140467721 -0.400234462623 0.422265601374 -0.866533558731 0.556625379221 -0.84481572162 0.278537120431 
4 -0.0166710500194 -0.0392561792832 0.969847535741 0.830739108154 0.11853139145 -0.960860935056 -0.500786616145 
4 0.0636518826704 -0.320531458218 0.577389824192 0.961487155153 0.490977490093 -1.12003393167 -1.01006087814 
4 -0.186613625919 0.137407563029 0.649362285838 0.793694873999 0.540884265918 -1.12343913797 -0.857247648028 
4 -0.00637449377785 -0.137178982083 0.781186233806 0.95655114074 1.01960886705 -0.828798038816 -1.01570967123 
4 -0.0773458240191 -0.268667208396 0.34087161056 0.637422263809 0.275753571303 -1.05723853901 -0.846374029056 
4 -0.112884259642 0.378236618995 0.590201908285 0.363317824556 0.515835451893 -0.809406274322 -0.663208337494 
4 0.0387620498678 -0.0958290005403 0.527030138884 0.880542467289 0.909513485506 -1.16820219803 -1.03314406372 
4 0.145021813556 -0.154104380721 0.371209921369 0.813159127065 0.809692417393 -1.0789770609 -0.703873762184 
4 -0.014739423093 -0.0793753758281 0.608007878709 0.620147995393 0.837686741208 -0.876467175971 -0.94015659101 
4 -0.31768689242 0.279730834564 0.566910045146 0.804322342512 0.340848245614 -0.691491832375 -1.02459215044 
4 -0.488893634309 -0.00737790615723 0.410722717454 0.600161320912 0.891147834449 -0.527963324249 -0.765805930332 
4 -0.204385981419 -0.121724774948 0.712392479953 0.583835231005 0.654511398224 -1.0182206408 -0.875222927608 
4 -0.32269285438 0.0144612287754 0.505832047293 0.930988435532 0.649634856144 -1.27693208202 -0.90435266652 
4 -0.28054838701 0.0433321951467 0.386327836954 0.369552808646 0.417432391207 -0.923924321416 -0.906135349039 
4 -0.523705808201 -0.334405320222 0.521570273628 0.353799241197 0.58108663203 -0.696039588466 -0.981836826122 
4 -0.25211935704 -0.179688819382 0.070817112481 0.963032556216 0.02204596978 -0.603999286144 -0.680133817063 
4 -0.0323388107204 -0.474151213654 0.761717291078 0.636023695117 0.663268707821 -0.849788997007 -0.478719378689 
4 -0.0472671403474 -0.249408688795 1.00488678595 0.499268839696 0.904699558109 -0.865729097677 -0.406058484088 
4 0.0254176921436 0.334445183421 0.832292356137 0.594242970804 0.659381029907 -0.953793846721 -0.741179987018 
4 -0.348172924645 -0.193649389388 0.471356228504 0.96696888833 0.524105796503 -0.911451558676 -0.363937327303 
4 -0.699987694007 0.243235545409 0.910053842768 0.501442591124 0.591291607125 -0.994885654266 -0.41910143999 
4 -0.259784134677 -0.00251950762637 0.483313684401 0.60486414174 0.793906372927 -1.10418785394 -1.09346673242 
4 0.0380046813356 0.470769728157 0.740602811915 0.525233515218 0.707338174818 -0.734921624248 -0.78307436271 
4 -0.354535165072 0.0802095624293 0.350663939231 1.00108320549 0.355605370845 -1.09313390893 -0.379098533743 
4 -0.0409945438337 0.0640055846374 0.482324454992 0.29813048063 0.194451450995 -1.02625397982 -0.368893122182 
4 -0.0497232731937 0.10910434245 0.269100757477 0.728064764395 0.698961310387 -1.14246788383 -0.78638352508 
4 0.238184542669 0.0293323444341 0.311325877961 1.19975143136 0.200962461094 -0.919042449831 -0.702306890724 
4 -0.152698820921 -0.0761693974156 0.543253778905 0.398377952328 0.397138525131 -0.355131036195 -0.538240097531 
4 0.054584457916 0.0107664218917 0.679429787599 0.630539371357 0.532180352678 -0.693314187842 -0.602364777712 
4 -0.0801706212817 -0.196658147294 0.544098538388 0.216712205267 0.78127885386 -0.738657617218 -1.04969442046 
4 -0.0792205310746 0.101965792511 0.436046094569 0.11688130429 0.441219533042 -1.20573810408 -1.12330752947 
4 -0.447819193383 0.275009187044 0.481717145619 0.684285858159 0.456788312172 -0.902107966204 -0.841938962962 
4 -0.0690877289119 -0.0693071957803 0.4292159102 0.729171232994 0.657320021574 -1.18422968712 -0.59017171069 
4 -0.561174823438 -0.238591390916 1.0652955165 0.629793815804 0.38647856235 -0.609210537496 -0.9254012678 
4 -0.0920703697253 -0.00415784885305 0.462374791967 0.65836154554 0.757260588625 -1.04344753189 -0.160435596953 
4 -0.146633393248 -0.19457383172 0.476960794161 0.99777610405 0.465784548084 -1.27565413859 -1.08473008007 
4 -0.157711876154 0.045616189791 0.49386790222 1.3185815537 0.612310193702 -0.786082779766 -1.03703616396 
4 -0.50172550273 -0.37413230152 0.648015151877 0.80508487257 0.387122260648 -0.922469879673 -0.594419514545 
4 -0.206153902346 -0.290428346802 0.580706685261 0.937864653764 0.523056369894 -0.564014834561 -1.34444989108 
4 -0.321161385585 -0.484308249462 0.609413756415 0.416650248171 1.23640862973 -1.10155186818 -1.45376645411 
4 -0.0958629499005 0.039240016944 0.447940060661 0.555116877237 0.443823262317 -0.944208616628 -0.804574879702 
4 -0.128639443404 0.0984229064853 0.834500436522 0.544738928219 0.643001657381 -0.794603686206 -0.853051964577 
4 0.0337681817655 0.561302662847 -0.222755355657 0.628603671087 0.368242586528 -0.775522870253 -1.12628020974 
4 -0.224675473878 0.110148281139 0.371188891278 0.485762704331 0.440734536455 -0.572817241006 -0.569206159892 
4 -0.176657974383 -0.262439715552 0.4129836743 0.703252377824 0.73924044358 -1.18399398077 -0.785076396123 
4 -0.512359558145 -0.24430792755 0.266491184816 0.184113178618 0.694391353895 -1.01124606864 -0.940888163761 
4 -0.17053499004 -0.0969889017759 0.516943260379 0.922097254172 0.86258265439 -0.891472186329 -0.652429835223 
4 0.0952947457673 0.248989862776 0.814710976295 0.197992397981 0.60257129877 -1.10124171895 -0.928496123693 
4 -0.435200820058 -0.464524739917 0.448061268281 0.756153650154 0.751500612425 -0.614405522321 -1.14331740316 
4 -0.376758090979 -0.0172211290518 0.332506831701 0.591866231567 0.421036930837 -0.460010141853 -0.85625547497 
4 -0.0675803846355 0.076892205406 0.703721786752 0.517846307937 0.774372672069 -0.902411569798 -0.416440343199 
4 -0.16968935177 -0.25625495271 0.621936746714 0.870096638472 0.515660545035 -0.878708212449 -0.922781773953 
4 -0.48959054836 0.0877289294562 0.423041400697 0.602517578647 0.502534142103 -0.948156163204 -0.488411469978 
4 -0.261321510549 -0.3957990773 0.673850745232 0.359826018348 0.660454403714 -1.17435758858 -0.597973964505 
4 -0.0507650042613 0.0106442100976 0.487272400509 0.774713745362 0.426884722988 -0.53707240354 -0.927333185223 
4 -0.23893570519 -0.129821986798 0.66000004589 0.606038361519 0.936662588441 -0.865383623946 -1.02680322669 
4 -0.178756519934 -0.323604866311 0.405155387374 0.482422195658 0.658126917597 -0.935675878167 -0.580913125678 
4 0.175053459858 0.266490897934 0.413277490557 0.477507562366 0.598828597879 -0.52172636788 -0.511415759794 
4 -0.431507179349 -0.121214883116 0.685619992303 0.815304462524 1.18638122714 -0.818260924722 -0.683974667219 
4 0.0953519192315 -0.254984353731 0.291470586746 0.733725979345 0.268641156216 -1.03141785502 -0.817163534923 
4 -0.011730975912 0.107921464949 0.526441172451 0.891598577425 0.418967929008 -0.913328982169 -0.687009202104 
4 0.104763780523 0.442184759109 1.91050332629 0.761749861013 0.335694179696 -0.924777618694 -0.656983846461 
4 -0.0360734827137 0.162659007688 0.586924656879 0.631691499306 1.06361427157 -0.65901153945 -0.747829039121 
4 -0.279848433795 -0.107565818923 0.818253223159 0.354261156549 0.733645659319 -0.927355549685 -0.720294477544 
4 -0.109731415036 0.27281411661 0.608152781837 0.542942986652 0.825876243631 -0.788665640868 -0.876637935201 
4 -0.404878134076 0.296214761426 0.235277604828 0.543231477557 0.894796700673 -1.00046605107 -0.691595448024 
4 -0.743369689942 0.113403072321 1.23092579425 0.133486503795 0.483500162655 -1.40118868452 -0.351941359656 
4 0.167838505167 -0.0234264672093 0.684008072274 0.859262902666 0.155282021847 -1.04716795183 -0.68427832929 
4 -0.239016301725 0.247815906941 0.641370307457 0.628707951911 0.704460751582 -0.911385333636 -0.557575908542 
4 0.0795010849257 0.328747564018 0.401315930184 0.59262659697 0.79482987522 -0.887945422319 -0.534936336881 
4 -0.38864730487 -0.0686045340358 0.86453019014 0.478189153014 0.742967934063 -1.07667522639 -0.65706694052 
4 -0.126365467567 0.0861581376872 0.142224965498 0.800966048489 0.749956875124 -0.735228842952 -1.06933324794 
4 -0.273483465046 -0.222374465459 0.23168361389 1.06177902398 0.526208870045 -1.08670734928 -1.05030796433 
4 -0.357009508985 0.23438324493 -0.228716181688 0.366373982522 1.58938111229 -1.48849818146 -1.36371288645 
4 -0.209957161314 -0.198000913366 0.976758813759 0.519403293724 0.880886566899 -0.776894905087 -0.903874151817 
