0 -0.202077389456 1.10719818614 -1.15777113667 -0.790198893204 -0.492314028894 -0.628051367825 -0.246058943041 
0 0.029014336652 0.889144469087 -1.06021909349 -0.891216442451 0.0385687440579 -0.345204180445 -0.960080815033 
0 0.0234173294914 0.478153565869 -0.547000885454 -0.957494557355 -0.443766589121 -0.853526098966 -0.245079615138 
0 0.0362029328246 0.910142792082 -1.01127549174 -0.604745553692 -0.580071288562 -0.374807614226 -0.213100316522 
0 -0.253406191487 0.661927211479 -1.02230800503 -0.995495027509 -0.439988153461 -0.0233738696063 -0.257047123831 
0 -0.00910961580783 0.976652932263 -1.15056466616 -0.989126414549 -0.39902707483 -0.249654484241 -0.37634282526 
0 -0.296296064712 0.973105858628 -1.04558802893 -0.779665094984 -0.707520041795 -0.558777296159 -0.748501587492 
0 -0.23470883276 1.08587820246 -0.77524243721 -0.81694594635 -0.438162260891 -1.10385578305 0.317451122046 
0 -0.0494589501702 1.10711369866 -0.726620751961 -0.832068134663 -0.273912847093 -0.454265294049 -0.580957522799 
0 -0.0249475860194 0.972015376781 -0.948930406901 -0.931027027532 -0.459635793598 -0.60956028292 -0.0675568473746 
0 -0.194546735338 0.49066631387 -0.841177846317 -1.20022977996 -0.474433431937 -0.796611678896 -0.570113893271 
0 -0.404974603118 0.687919714326 -0.924835776028 -0.435778095958 -0.596886997984 0.0138680184175 -0.497886451147 
0 0.161337456236 1.01562109236 -0.940561523298 -0.967909821424 -0.571687159813 -0.494568267969 -0.598863236293 
0 -0.233373084892 0.352897077551 -1.33591634159 -1.1839492086 -0.429727233987 -0.256662103644 -0.707260927543 
0 -0.16640138867 1.0442291947 -0.749785396989 -1.39391938708 -0.534201841312 -0.648864861545 -0.316074407886 
0 -0.0928977989923 1.04801668636 -0.762839765177 -0.525820178269 -0.191103112899 -0.227306571659 -0.750153666208 
0 -0.297426898292 1.00727606899 -0.771780575702 -0.956979180984 -0.327712011631 -0.488237963733 -0.506935977587 
0 -0.430798411455 0.588065559166 -0.533357081348 -0.684653528143 -0.390996375419 -0.692116508073 -0.40660275015 
0 0.398810925078 1.23574664627 -0.490177310719 -0.531669550482 -0.748812166147 -0.543314112511 -0.483084874324 
0 -0.21476593657 1.03488498615 -0.882225859986 -0.793570118595 -0.3592544433 -0.00821308658738 -0.224534140729 
0 -0.194628540672 1.08683528476 -1.05091043547 -0.681647026657 -0.51754779162 -0.693576363619 -0.413086278786 
0 0.0267619230201 0.67004849811 -0.613580522353 -0.805777155869 -0.372446118813 -0.139232626045 -0.0492512793181 
0 0.127988794761 1.01946055875 -1.02336012005 -0.640399235118 -0.817896766006 -0.63772388132 -0.263234709111 
0 0.28299745782 0.441617442972 -0.711293307054 -1.06694145694 -0.483417883017 -0.114596025183 -0.131798817018 
0 -0.422851259656 1.29646557171 -0.643875498137 -0.786997951986 -0.120182909908 -1.03100011556 -0.233236395492 
0 -0.19340268141 0.846674490442 -1.27207130985 -0.869481483149 -0.734609907239 -0.223365712282 -0.477960835066 
0 0.160343146693 0.77867099074 -1.02196515876 -0.844930807899 -0.39082992182 -0.75700326512 -0.678476428339 
0 -0.159761035397 0.83164665984 -0.802920999162 -0.847895592134 -0.400798412224 -0.279031257903 -0.194489416923 
0 -0.15772203381 0.892014051448 -0.870944680708 -0.737119834568 -0.501004100976 -0.341422276799 -0.351143834383 
0 -0.0849441281892 0.938279447001 -0.668921477964 -1.00488134955 -0.325872574888 -0.710906551856 0.0745095288709 
0 -0.112033366062 0.750556007444 -1.23230270958 -1.42034813425 -0.238279928428 -0.695040138019 -0.826212210955 
0 -0.504996287403 0.864911230145 -0.937293489675 -0.890149927658 -0.584831582528 -0.349375559548 -0.238974707841 
0 0.00657930944282 0.467608747493 -0.803370090459 -1.08715345144 -0.43101247133 -0.987618491211 -0.438759947226 
0 0.139587020721 1.00090508044 -1.17805823177 -0.693027271219 -0.264052599785 -0.757864947247 -0.143636656778 
0 -0.0237794859389 0.883265263122 -0.737414973901 -0.812779537301 -0.708262363725 -0.471779226617 -0.421925080315 
0 -0.252332064272 0.800875097194 -0.900693899605 -0.920335277162 -0.297539750688 -0.639938185276 -0.241706420078 
0 -0.110224535615 0.87861283937 -0.889845681211 -1.09670909119 -0.379048369258 -0.346008913344 -0.49467931764 
0 -0.327653195302 1.18096203141 -0.542469579796 -0.785911269746 -0.789271893465 -0.815625879948 -0.00153339725855 
0 -0.505578248372 1.31343352872 -0.83138509883 -0.530223256205 -0.270407373406 -0.681410854521 -0.0283211728374 
0 -0.117523155404 0.60663565428 -1.12974911749 -0.773582151352 0.00312400305751 -0.144699421885 -0.770869729716 
0 -0.0354891613346 0.493906191855 -0.804557530546 -0.74885557994 -0.733834256049 -0.708701952844 -0.242786941726 
0 -0.164584539051 1.51138347227 -0.0260361129087 -1.17489019059 -0.504221239733 0.197215873398 -0.397908080804 
0 -0.113108048872 1.07023603601 -0.91357217093 -1.08874434823 -0.526953782472 -0.306768917281 -0.596721511611 
0 0.0604506358704 0.997913932766 -1.11177835752 -0.74990293138 -0.400566821577 -0.190276635469 -0.302106676997 
0 -0.332639273893 0.914760103073 -0.998435287713 -0.602256397389 -0.364336727017 -0.547548532266 -0.5657353708 
0 -0.308641475828 0.54598505121 -0.786319202089 -0.787921010883 -0.607834308096 -0.642108309023 -0.66143439221 
0 0.244058276024 0.720877358411 -0.659173675562 -0.598124427543 -0.472925566321 -0.676517551192 -0.0550163506712 
0 0.379416400858 0.897253898183 -0.659274803376 -0.711902018583 -0.618783930589 -0.536836369494 0.110532268335 
0 0.198269963463 1.20404288564 -0.309131160168 -0.447570104145 -0.126003267375 -0.424004267654 -0.240161970445 
0 0.0504004419482 1.25323607484 -0.997663906825 -1.07417972574 -0.385191949353 -0.585486146693 -0.394662271283 
0 -0.15621045457 1.04029849637 -0.772309742222 -1.02302956659 -0.178821460976 -0.64665904183 -0.190069456908 
0 -0.327163370498 0.0885868764818 -0.743781520163 -0.302276709353 -0.151791915211 -1.33113785469 -0.697044899493 
0 -0.129214894962 0.671866226836 -1.2933874209 -0.675456193648 -0.190395112984 -0.683702657987 -0.557608338864 
0 -0.377671847886 0.928080346018 -0.707069581726 -0.713246582107 -0.443671880068 -0.45469968685 -0.158717976608 
0 -0.0182011965881 1.19132854783 -0.965543821814 -0.884659231369 -0.444207502407 -0.270629130649 -0.0699483181743 
0 -0.124798176133 0.72449566397 -0.615923938953 -0.373463276193 -0.29285049552 -0.375093833222 -0.379362174336 
0 -0.235369945186 0.86722759295 -0.9798597231 -1.11253577684 -0.535473768412 -0.415957509241 -0.476110077579 
0 -0.100159947682 0.714152146268 -0.556290224135 -0.508640457428 -0.640186061501 -0.513044061287 -0.653696245752 
0 -0.439919636016 0.925803560073 -0.783132202918 -0.774816116652 -0.654218838627 -0.5636630613 -0.13141990045 
0 -0.271868038873 0.883275982689 -0.746655596078 -1.4510117526 -0.375897627774 -0.654183586598 -0.661994110745 
0 0.0501656728422 0.496603251955 -0.935291920879 -0.530526486386 -0.457788717699 -0.987119956432 -0.487551983235 
0 0.131019941561 0.93493582621 -0.540743454517 -1.04142217793 -0.465540814801 -0.518894523244 -0.585476295283 
0 -0.163741292912 0.743112316386 -0.88877148502 -0.734723847408 -0.872317393657 -0.413968688975 -0.390301160487 
0 -0.58541332252 0.934369491146 -0.989133551653 -1.10297078728 -0.118970703691 -1.00831162514 -0.525109549583 
0 -0.00927998277313 1.06679517063 -0.873394258316 -1.12880858144 -0.480376537444 -0.740234240433 -0.44344313167 
0 -0.288955136671 0.98024393578 -0.989398994664 -0.918514868262 -0.139707046487 -0.972882400087 -0.336091597009 
0 -0.580880201695 0.738420184485 -0.613993240456 -1.03833003414 -0.731097249819 -0.669076361578 -0.490047731312 
0 -0.240789373064 0.875292917746 -0.737971049693 -1.27221271141 -0.394504837353 -0.335816904738 -0.44546146986 
0 0.0577825432518 0.970411919359 -0.801233691596 -1.01677308449 -0.618728437507 -0.416632106352 -0.29229472852 
0 -0.224640795424 0.848062006984 -0.558688293339 -1.11259940491 -0.259771184371 -0.397023670131 -0.272997234325 
0 -0.594780410024 0.885558167376 -0.313999716007 -1.06139573208 -0.436831147814 -0.277665260271 -0.235006384523 
0 -0.164448149587 -0.212585035746 -1.25954986883 -0.0320793234469 -0.362111122942 0.652115518263 0.166785121605 
0 -0.387985753374 1.04331447081 -0.861031059556 -0.814735374666 0.0397475165567 -0.643255626783 -0.31486909429 
0 -0.10533029003 0.683104477564 -1.10936077274 -0.820441241624 -0.543184830832 -0.436621157081 -0.254697626316 
0 -0.18216237316 0.669869194579 -0.78336659271 -0.680219902789 -0.438363571812 -0.489849918033 -0.29741505269 
0 -0.309323992027 1.07057265171 -0.573380538649 -0.938968132852 -0.356462167063 -0.460955733833 -0.743193823207 
0 -0.162127518429 1.00734849958 -0.985883950772 -0.239839427355 -0.318529988039 -0.692039222939 -0.30886625879 
0 -0.383865345253 0.707906874635 -0.97188598204 -0.53542092729 -0.324898130478 -0.743828959507 -0.680496103616 
0 -0.279721152422 0.350261441178 -1.8950257428 -0.409044749701 -0.607373590904 -0.199209750026 -0.448159329499 
0 0.0977051045013 0.792781651276 -0.837081195107 -1.18511114334 -0.188946665357 -0.542426543962 -0.0986305266812 
0 0.18389679656 0.721468364569 -0.973638153184 -0.524094055728 -0.343457955134 -0.811476645145 -0.710597927655 
0 -0.395520217163 0.919786484927 -0.99482899542 -0.617322978136 -0.340583455162 -0.485362968975 -0.580692160165 
0 -0.734314700684 0.383527534682 -0.890803537019 -0.76056977329 -0.426883705438 -0.420891431177 -0.271131134665 
0 0.00610946263976 0.928792110764 -0.904220295734 -0.500955938354 -0.0931093341666 -0.628684040532 -0.740421647957 
0 -0.124233213239 0.710462521145 -0.941054441901 -0.847952437852 -0.192201758784 -0.910286991351 -0.34827905293 
0 -0.0616816327865 0.390181782651 -0.674179275398 -0.891459745956 -0.517217280862 -0.696435404679 -0.634872833 
0 -0.059422618527 0.947569728152 -0.972731317935 -0.516795282728 -0.058154847992 -0.35195093704 -0.282627846727 
0 -0.417362082897 0.68355622593 -1.20536405489 -0.706451390558 -0.201301501115 -0.226893895909 -0.344086693977 
0 -0.340208596972 1.46189712178 -0.899597347234 -0.743848270612 -0.0581732702359 -0.683615120163 -0.065979472467 
0 -0.335998517843 0.309034382366 -0.71030676546 -0.535616522345 -0.136610409391 -0.815882081994 -0.19265432616 
0 -0.692253335797 0.183002180386 -0.566365520038 -1.35334992892 0.231971230506 -0.224662820517 -0.485137132806 
0 -0.889019310694 1.51105887844 -1.07805131786 -1.25124589255 -0.917894265891 -0.890073047712 -0.341527693685 
0 -0.4267988441 0.974094607581 -0.686819915162 -0.730804895125 -0.832600467423 -0.455800197116 -0.352801004338 
0 0.104749100473 0.71573085434 -0.515572815221 -1.10274734605 -0.68089677554 -1.02374052477 -0.602495350637 
0 0.133375147709 1.22232222786 -0.527776676759 -0.948967509851 -0.289029171929 -0.708365057319 -0.350848151779 
0 -0.43951430653 0.770061662553 -0.620324535534 -1.21160280192 -0.381887909334 -0.731852358696 -0.492323697855 
0 -0.0961692098946 0.890004240722 -0.551627495566 -0.705596164062 -0.1170436347 -0.380138182798 -0.321517656748 
0 -0.373633911397 1.53020030786 -0.545982350456 -0.752484005165 -0.214680510485 -0.0571016016573 -1.00004850707 
0 -0.9354255644 1.3959370072 -0.872845057791 -0.814381424281 -0.208944813196 -0.634650724118 0.0542302898585 
0 -0.234441992785 1.35968798745 -0.754153584378 -0.715482140019 -0.408041782255 -0.693832568666 -0.546725305474 
0 -0.529297127737 1.13463431577 -0.672847142486 -0.977584047308 -0.641931101392 -0.598036561976 -0.0214740239782 
0 -0.0628811600907 1.46741828993 -0.931940533903 -1.15171266395 -0.448296586516 -0.329143364962 -0.265079848807 
0 0.181826329983 0.444069862457 -0.522261676835 -0.553816119364 -0.0430989652487 -0.846357297519 -0.39408235008 
0 -0.897667389033 0.265350705119 -1.1538977006 -0.834765973063 -0.708401449907 -1.93384477046 -0.403275315454 
0 -0.131100715526 0.731175668025 -0.995437700046 -0.859997931272 -0.232544566042 -0.657634905263 -0.80880258448 
0 0.0196967322356 1.43364652081 -0.923793309387 -0.634576006103 -0.346058899242 -0.769646917494 -0.0460273666883 
0 -0.141337567705 0.396920848754 -0.998526206415 -0.682162086252 -0.187009978794 -0.150804212192 -0.290105620752 
0 -0.47476614092 0.734312039897 -0.715268049905 -0.734558945197 -0.729855501588 -0.581639124942 -0.279229814414 
0 -0.498671918534 0.992249713083 -1.42784487317 -0.752331647055 -0.388532694392 -0.656468184087 -0.508901482223 
0 -0.220553032963 0.937409202599 -0.988729173965 -1.03188674848 -0.624091511415 -0.65245316076 -0.971649924862 
0 -0.0627801610423 0.69836136612 -0.46504470445 -0.536668031708 -0.0730466698605 -0.614890741931 -0.435752382025 
0 -0.102240749521 0.889801846708 -0.0520171475376 -1.31941967415 -0.31826427192 0.278545829422 -0.936618588525 
0 -0.323040156217 0.527989521377 -0.694046620794 -0.977914058776 -0.382712048907 0.0175369014103 -0.620406558907 
0 -0.605427882825 0.933940577725 -1.170576842 -0.854798029586 -0.725134133596 -0.527743147699 -0.442486889314 
0 0.0365923358564 0.769158024291 -0.850906911218 -0.646260779558 -0.127716520947 -0.484623294061 -0.746493787015 
0 0.0110472571401 0.916152702503 -1.01549451555 -0.926615927986 -0.0200236914312 -0.515810254521 -0.563130403782 
0 -0.359110053449 1.02187977619 -0.673534712876 -0.708413852498 -0.31800946667 -0.511926089997 -0.613925677537 
0 0.0370407859034 0.510381488704 -0.674749529514 -0.945213239851 -0.279945213215 -0.600278068891 -0.273035833593 
0 -0.134991220597 0.984350414396 -0.657417007115 -0.619550751388 -0.836405774903 -0.177681353383 -0.246209411836 
0 0.0136778962145 0.55686723135 -1.02780795777 -0.932645994698 0.270003589027 -0.537073739076 -0.762553689759 
0 0.025063276389 0.840086769469 -0.85114740578 -0.63141669678 -0.149454289688 -0.787231398588 -0.178816553785 
0 -0.353469671502 0.62684585331 -1.02593223307 -0.480692830414 -0.564182177314 -0.617922991891 -0.350500646704 
0 -0.26812763478 1.06444956387 -0.928644646188 -0.819494617193 -0.23487159809 -0.899366380312 -0.222822453613 
0 -0.244695164199 1.08734031073 -0.954851499051 -0.975685909072 -0.430712967293 -0.353262647252 -0.318867201085 
0 -0.289870899058 1.09063117862 -0.858699184791 -0.934084798497 -0.530486139392 -0.482114690886 -0.534472987559 
0 -0.339618387311 0.891079863996 -1.07895440529 -0.779861976335 -0.480094741468 -0.238009188513 -0.336543627426 
0 -0.489793714506 0.833144225891 -1.03139688501 -0.824861144088 0.168747904998 -0.714840710425 -0.0989806809151 
0 0.0615605901381 0.710223559825 -0.944457630874 -0.342305949004 -0.488854055481 -0.374165864163 -0.552725254533 
0 -0.382771379798 0.867413905178 -0.937108819903 -0.896236946825 -0.191095203567 -0.638511360385 -0.564207154613 
0 -0.162801430841 0.882514215555 -0.858380472072 -1.00302499024 -0.173588250434 -0.425058857763 -0.760768455975 
0 -0.318108767615 0.916913685861 -0.766285676028 -0.934311789384 -0.242431518661 -0.816723299717 -0.251251400884 
0 0.0610205936745 0.87570384242 -0.96088322007 -0.910172454854 -0.278838307363 -0.471184856402 -0.379959210763 
0 -0.519241930426 1.18621766425 -1.09407109879 -1.04397957881 -0.674957946136 -0.634776105949 -0.667924238275 
0 -0.0282040826167 0.612489869188 -0.945555364451 -0.800035936979 -0.0984072895516 -0.392317167851 -0.200059434685 
0 -0.177734416954 0.52176092018 -0.597013195427 -0.540566591752 -0.381111351097 -0.932998084014 -0.51128801934 
0 -0.501987092331 0.582709406403 -0.905334694963 -0.755603746759 -0.611142315007 -0.532224526667 -0.541271040104 
0 -0.312485243785 0.883466487292 -1.11458298174 -0.931254361794 -0.918600852059 -1.07699373169 -0.676338957927 
0 -0.177367393466 1.15816125441 -0.918463159021 -0.499346012132 -0.306935336983 -0.430176746915 -0.709367266797 
0 -0.402084813793 0.642921559135 -0.64038724755 -1.33957423824 -0.659776115851 -0.477014449386 -0.0290105522117 
1 -0.933822483737 -0.44970366277 0.906514092316 -0.927100349799 0.543200377854 0.644772044924 -1.17838412885 
1 -0.952851200684 -0.712130649372 0.123507499783 -0.360125240139 0.393349370493 0.562685461508 -1.0068211046 
1 -0.705189408108 -0.378331631979 0.532760050156 -0.486587265461 0.423973669851 0.64052786148 -1.0698529037 
1 -0.737526126617 -0.557188582014 0.27725987527 -0.513206245116 0.504104521256 0.91302023546 -0.971029893774 
1 -0.829688660508 -0.60186868223 0.933336376384 -0.611757686062 0.517622862677 0.787136952111 -0.853165632491 
1 -0.471359848659 -0.640755569661 0.201872030558 -0.736694394504 0.458046646338 0.180773871757 -0.938555995929 
1 -0.482859085337 -0.548287203647 0.875884757923 -0.529631056987 0.469111126931 0.637100018422 -0.762210872186 
1 -0.706556973042 -0.768370989662 0.396012863706 -0.902464170444 0.400160576098 0.788445011757 -1.20313055074 
1 -0.725181471837 -0.508068411154 0.489173392449 -0.784592109399 0.851605021714 0.914621707505 -0.681864207998 
1 -1.09591651083 -0.643410692475 0.922099989831 -0.699836093052 0.558299868543 0.695473484879 -0.847017975422 
1 -0.780105867482 -0.275690811279 -0.629568101814 -1.20098229951 0.955056383239 1.25548472629 -0.674086153955 
1 -0.904193100949 -0.479783757129 0.432783758829 -0.972400263206 0.210426587664 0.699018155371 -0.996697216998 
1 -0.779871431645 -0.62141197692 0.149196147594 -0.890025415397 0.46415270632 0.600601553603 -0.922166753046 
1 -0.955035610572 -0.602904915223 0.162269747233 -0.552734317081 0.765112040279 0.455658725462 -1.00382499742 
1 -0.860926602376 -1.054018413 0.403938070899 -0.705557458023 0.22500453933 0.19634448504 -1.26860659173 
1 -1.09391973354 -0.36293756216 0.448664815855 -0.971594331488 0.69497585015 0.891185174443 -0.827201214578 
1 -0.479648833812 -0.878012523955 0.595947359427 -0.636193848622 0.89328734958 0.754653123565 -1.23034209259 
1 -1.02800830292 -0.306595011882 0.223037965647 -0.503272172016 0.638276751049 0.49098550979 -0.64652776259 
1 -1.10885616797 -0.655629490366 0.577366415804 -0.298735222698 0.535429758356 0.45972026975 -0.878611093821 
1 -0.650872829981 -0.760499016737 0.320190136121 -0.577839539713 0.741958194018 1.12651386139 -1.42996022581 
1 -0.759061528345 -0.543615423368 0.633467416035 -0.867602176493 0.248147925261 1.03577243407 -0.593531369631 
1 -0.932050720396 -0.704564139247 0.194177068823 -0.526383510798 0.429099263445 0.744502618683 -1.00593531221 
1 -0.644112593149 -0.611713604401 0.554539446974 -0.851180633955 0.0378871523456 0.632910201873 -0.768654570005 
1 -0.943675358279 -0.747719121225 -0.00311221495741 -0.551784594622 0.0572065212767 0.657443024274 -0.907203931218 
1 -0.229359859817 -0.304023318568 0.828701040204 -0.833792122993 0.56593898607 0.649491143875 -0.791554950493 
1 -0.340334137966 0.393520260876 0.71515983377 -0.176299559093 1.61482703716 0.0299356531439 -0.714526000535 
1 -0.793656724692 -0.739914282384 0.29333115707 -0.864680740585 0.59993042219 0.708395673928 -0.817687089398 
1 -0.680493090603 -0.876043968625 0.556807663025 -0.501379053341 0.680746951469 0.760442915245 -0.69282085929 
1 -1.14031509635 -0.510205188537 1.07886414189 -0.384969096187 0.693314963994 1.43644184137 -1.51185226082 
1 -1.27146784455 -0.825813960237 0.248566617424 -0.686884383241 0.296635150339 0.350341573076 -0.823625605433 
1 -0.613803115548 -0.708265409586 0.317800847034 -0.768341683782 0.639050394467 0.270309791749 -1.020018209 
1 -0.635406307276 -0.542665238932 0.549376456117 -0.844246114283 1.17253998576 0.662212263065 -0.548845205907 
1 -0.545555507984 -0.550177733583 0.332442174289 -0.648854795931 0.40242133846 0.998842277881 -0.823182623489 
1 -0.54327337202 -0.792799269482 0.403061178081 -0.771136935177 0.313496444994 0.743733404992 -0.647684452079 
1 -0.783528509203 -0.93322702826 0.494361385299 -0.974242128173 0.936779577282 0.725334669317 -1.29383661633 
1 -0.496608895399 -0.484690784365 0.110995093246 -0.148905974059 0.702201508966 0.652201314964 -0.726689910802 
1 -0.709848153725 -1.06455774381 0.289023850937 -0.648350677683 0.475770649229 0.491230598012 -0.797906042199 
1 -0.931526538134 -0.365279573704 0.765915898058 -0.745547668469 0.495184994145 0.793714013381 -0.810306710102 
1 -1.11393906864 -0.517415017711 0.397678700988 -0.566271012691 0.627803329333 0.621717832748 -0.659069800679 
1 -0.765588172858 -0.733889958672 0.179519221662 -0.608554583574 0.131006188765 0.855162456577 -0.922563122734 
1 -1.31326101831 -0.544493891564 0.718031350464 -0.970366972202 0.412871506478 0.425676502528 -0.661539134424 
1 -0.871285806243 -0.921935064575 0.316403011667 -1.02640857069 0.61561983309 0.437578881394 -0.810957395621 
1 -1.00154305451 -0.985674386078 0.628412973277 -0.530668510611 0.71487395719 0.477570552765 -1.05010402359 
1 -0.89279647209 -1.02558957019 0.611619738984 -0.952515054412 0.157168899422 0.697562762349 -0.403018571893 
1 -0.94115645511 -0.934833468274 0.492815107089 -0.511927173426 0.356877304687 0.609821247783 -0.849390900107 
1 -0.533013469594 -0.373568226936 0.0639288528925 -0.450178040844 0.618257198279 0.462020002726 -0.890066918996 
1 -0.852487859831 -0.781049531709 0.245146612416 -1.04403857838 0.564316973425 0.416755087686 -1.13247670822 
1 -0.508927976605 -0.503916375678 0.236685106365 -0.784750950298 0.565798997789 0.658224656142 -0.890121015267 
1 -1.20435705671 -0.919325091346 0.194641617966 -0.813557552365 0.509294496458 0.776169869283 -1.25066770031 
1 -0.799400854248 -0.592805074499 0.455862773431 -0.960053592295 0.935555855502 0.534137148513 -0.898265364567 
1 -0.557351990665 -0.543383834541 0.147379813821 -0.725684170405 0.334764113784 0.33073013203 -1.10708549497 
1 -0.878015404534 -0.201564220253 -0.122037831436 -0.183109115383 0.469052295713 0.780451836496 -1.36496396211 
1 -0.337127246993 -1.043148846 0.353515917531 -0.82418815223 0.80762277618 0.671201190562 -0.917856340516 
1 -0.16200553917 -0.599287755227 1.08214898221 -0.576028465846 -0.0726224278233 0.447481714319 -0.582447210137 
1 -0.887286051373 -0.613559491317 0.356814646696 -0.60037174332 0.313039391346 0.629403609252 -1.25415316448 
1 -1.0347232226 -0.801927351726 0.0568829539359 -1.0272186702 0.894574304805 0.617830851857 -0.944836711646 
1 -0.844531703205 -0.182935751904 0.111716408756 -0.736737464287 0.620244005057 1.18439899613 -0.942237698712 
1 -0.701101126424 -0.447895997043 0.23505640509 -0.47375330546 0.307493790855 0.504350681216 -0.848192145762 
1 -0.756347947043 -0.634385278122 0.395284560383 -0.818161726526 0.371463706694 0.924010965994 -0.727770104322 
1 -0.667439905558 -0.559630377612 0.498710001108 -1.22149415855 0.755225650878 0.739408342736 -0.599605891416 
1 -0.62019255808 -0.526616262745 0.590682374283 -1.13996764197 0.687618965794 0.572130200419 -0.839938813675 
1 -0.681080078936 -0.568374330569 0.194847184895 -0.626673262108 0.493360164008 0.406460430656 -0.710387278393 
1 -0.753221125332 -0.574444753397 -0.257783782909 -0.470802454845 0.526514744786 0.832931365137 -0.854657114378 
1 -0.67010870636 -1.0863792903 0.397550370484 -0.685142504571 0.622994502988 0.52707801418 -1.02614837674 
1 -0.887894853162 -0.522746174436 0.48442448599 -0.644789069095 0.535585563029 0.618368256238 -0.993971403489 
1 -0.796427917853 -0.891890989815 0.366278345027 -0.456125067735 0.716036899743 0.737557040876 -1.10743756168 
1 -0.460015651768 -0.788010949709 0.574316592722 -0.706108122794 0.126341235105 0.665254553909 -0.950627824768 
1 -0.869991388219 -0.362427713365 0.398690000195 -0.340018284002 0.696050648665 0.829050720789 -0.674886688577 
1 -0.664068699469 -0.748292339702 0.150013313088 -0.729541723085 0.620148791201 0.176333351308 -0.731546909117 
1 -0.343937688765 -0.696423093918 -0.16489703747 -0.678865144763 0.247866156011 0.616777922191 -0.756732735899 
1 -0.791728777725 -0.297341595578 0.210943056561 -0.859296416658 0.40112440192 0.767107412832 -1.05428352926 
1 -0.765624693411 -0.785140771774 0.416599848733 -0.340237253313 0.471045991319 0.513209619363 -0.971280987671 
1 -0.300788704045 -0.648781851943 0.455936108889 -0.681549681865 0.4204991957 0.859060518842 -0.95478723202 
1 -0.379998361588 -0.609261950087 0.429258588634 -0.530806813968 0.585131574978 0.944163391346 -0.873629974635 
1 -0.705620083107 -0.815265949805 0.26155565731 -0.802201742845 0.723646964964 0.853772257686 -0.711554194257 
1 -0.847899360772 -0.565712108634 0.568660146662 -0.42240582351 0.891244719735 0.515795280727 -0.897092370381 
1 -0.363535009603 -0.765785751394 0.452605806106 -0.679677250379 0.423706923918 0.537819466994 -0.59152998331 
1 -0.424847841476 -0.490339827038 0.183642942073 -1.02252985833 0.720837279988 0.532107293159 -0.801212295952 
1 -0.729052414492 -0.774716309024 0.479049418393 -0.514415926903 0.687115315768 0.522810995569 -0.717513209892 
1 -0.452341998022 -0.702888969336 0.593900422455 -0.597602703902 0.549052788578 0.643855395203 -1.20242693612 
1 -0.688194992775 -0.712857084979 0.132658810948 -0.480952886049 0.302024942438 0.100928492414 -0.607858725882 
1 -0.800817333984 -0.276818713671 0.549875933255 -0.825911282822 0.492735493717 0.371752807325 -0.77380457483 
1 -0.951105698846 -0.559110250763 0.791147890883 -0.641048523633 0.422274086401 0.633044590522 -1.48990996705 
1 -0.832207154964 -0.302357834635 0.68488996416 -0.749561946198 0.322920289867 0.48720387821 -0.739983237581 
1 -0.943740514857 -0.355867180167 0.82709028686 -0.792294837139 0.44950393925 0.980156817713 -0.694562188096 
1 -0.762812834958 -0.745979363055 0.403237390112 -0.642464759369 0.685232459211 0.70446421091 -0.932641209733 
1 -0.439978121547 -0.404357055024 0.545345580459 -0.893823915886 0.727605773907 0.9712797125 -0.991993544165 
1 -0.894845240414 -0.737760339145 0.227737246558 -1.06721681601 0.306388549173 0.718921322679 -0.80325532501 
1 -1.36165919436 -0.736450978394 0.0870821270697 -0.841147742034 0.769367037177 0.148789266633 -0.367615165216 
1 -1.02401249906 -0.815925672146 0.848475378068 -0.739186478862 0.499123990003 0.844858325651 -1.22299288601 
1 -1.41883856798 0.176478384783 0.420788010666 0.00925218558588 0.432357636341 0.296551529405 -0.515734980842 
1 -0.601710712713 0.126983792795 -0.167597404767 -1.05584210446 -0.485750202428 0.911328272489 -1.94786889213 
1 -0.835543100622 -0.626831665419 0.433395550298 -0.610744681541 0.724259318723 0.739077529029 -1.11818022877 
1 -0.818514558002 -0.477085766196 0.194567587452 -0.878867585505 0.349159310189 0.882952644737 -1.10012909421 
1 -0.802405425353 -0.660993813962 0.292257390531 -1.04116241457 0.14258090832 0.995317666225 -1.06564833073 
1 -0.726215032416 -0.411169928928 0.825927876935 -0.432266299079 0.784200048426 0.783656954392 -0.673652750428 
1 -0.902869859934 -0.731645668894 -0.0384811906611 -0.321260492918 0.404314414651 0.778542804669 -1.01709187677 
1 -0.771231970949 -0.535633347141 0.141709277743 -0.745432724623 0.72659780666 0.666050909795 -0.77507281762 
1 -0.678825666628 -0.941379326782 -0.442606075698 -0.680034563709 0.412208439989 0.848555494691 -1.3090756454 
1 -0.475941217012 -0.538880490306 0.384999406144 -0.829695957548 0.549898332625 0.686479763399 -0.807906722344 
1 -0.970238181178 -0.936514457145 0.45394182102 -0.635140187994 0.473039424255 0.859425071798 -0.88257051917 
1 -0.827196039759 -0.729821496974 0.0257701302942 -0.611003932998 0.544538816756 0.317375594278 -0.825297516643 
1 -0.693799986709 -0.502085430127 0.242483529493 -0.72768619674 0.279034606505 0.33737336176 -0.838009986223 
1 -1.2250156696 -0.563328475148 0.248236195458 0.174857216137 0.55010004652 0.581278591475 -0.642320158397 
1 -0.532311184459 -0.554271529617 0.425892788017 -0.417472953001 0.427391746652 0.755772490499 -0.852077840087 
1 -0.73259811018 -0.739927624408 0.284706363792 -1.13219678488 0.27029856284 0.612246742071 -1.06110019569 
1 -0.693670565298 -0.731425486293 0.622306091046 -0.482821105195 0.302244015155 0.566950627812 -0.764399765166 
1 -0.990050428398 -0.82425298333 0.233846472739 -0.287689010581 0.756432294516 0.858287769592 -1.00367568152 
1 -0.579235920581 -0.754830787782 0.545134708698 -0.501708453621 0.296839724182 0.81706414726 -0.884660088887 
1 -0.993284921357 -0.41467623414 0.163821185181 -0.764919346927 0.547883141263 0.216909643997 -0.834553327009 
1 -0.337342109361 -0.381399518509 0.437531442829 -0.829878972714 0.527586820338 0.703422414769 -0.940218510365 
1 -0.635872113572 -0.606387899203 0.303557899573 -0.458562121885 0.786886942451 0.570077282945 -0.408777067794 
1 -0.656666021354 -0.735419136402 0.231715393675 -0.85469149567 0.182124863131 0.536876412424 -0.849557522875 
1 -0.691499687828 -0.828025026797 0.275367947131 -0.358193134521 0.563786926982 0.757596218331 -0.849278091149 
1 -0.502543845385 -0.604910607793 0.280678489253 -0.629616020482 0.605729142796 0.528785155238 -0.730924445104 
1 -1.1309316817 -0.701698904635 0.775422298267 -0.686934454252 0.581748046964 1.19769564033 -1.20374806726 
1 -0.584159816263 -0.327536255774 0.292513629384 -0.919994730025 0.769089237022 0.526691322037 -0.824913473003 
1 -0.691068219149 -0.626674090358 0.383305808432 -1.03926092504 0.0785118112867 0.729879772136 -1.12418609039 
1 -0.809244450909 -0.472527232328 0.238844719029 -0.406382039295 0.690328135861 0.817985857041 -0.538402572881 
1 -0.363667807776 -0.465621413567 0.266826771087 -0.69684043233 0.373704820141 0.924403057106 -0.374981877513 
1 -0.884134525724 -0.590207750014 0.248582039121 -0.488219700015 0.401973080796 0.681435092552 -0.580512245602 
1 -0.71930333261 -0.605126306619 0.232844777185 -1.08810950479 0.269960327743 0.959306878461 -1.0866909231 
1 -0.696421254246 -0.645232511127 0.423357167603 -0.407559271206 0.148962795897 0.842733708946 -0.6762191549 
1 -0.707474827141 -0.381467490337 0.522827942507 -0.449707399253 0.528596974722 0.607146279425 -0.961830201803 
1 -0.640885324307 -0.630424518992 0.535697998752 -0.574712020609 0.909365411177 0.628191170199 -0.471859123376 
1 -1.05501554356 -0.526833836984 0.134702587448 -0.652328688241 0.580058178908 0.638700435497 -0.843082440312 
1 -0.250278697845 -1.10649176643 0.337141007709 -1.16502083325 0.469251945225 0.584123168891 -0.430339944968 
1 -0.898728882837 -0.973497855758 0.374489711524 -0.30485536456 0.0461143354039 0.585521835391 -0.366012945872 
1 -0.500218073712 -0.866196112181 0.256699843197 -0.450484065167 0.478531394946 0.858537750771 -1.07417511216 
1 -1.22188530375 -0.60105848225 0.415159006344 -0.386724159549 0.496189914493 0.600105430971 -0.532556882559 
1 -1.28924835477 -0.75818627028 0.338687507445 -1.05532910365 0.696583391168 0.682256232597 -0.39950592758 
1 -0.826856066304 -0.692032711405 0.342757993989 -0.50139376587 0.839506542899 0.642649553005 -1.12375605279 
1 -0.559629836317 -0.755518936846 0.384536443463 -0.523642921714 0.57363636568 0.821008461005 -1.23931317348 
1 -0.606926069641 -0.930597808323 0.296777981265 -0.263434749639 0.835612891214 0.574427791468 -0.795098616041 
1 -0.597029513296 -0.676786429481 0.464410740527 -0.6890907758 0.537389676078 0.836266730354 -0.787663300676 
1 -1.16694528176 -0.84070353039 0.547627349041 -1.14001277313 0.861016345275 0.775807928149 -0.664864320139 
1 -1.12746950188 -0.568079393238 0.379589149375 -0.523360336387 0.199447844068 0.577379280831 -1.21686272346 
1 -0.929235165041 -0.600560929851 0.525845264558 -0.547345533851 1.01581468799 0.567924519633 -0.863179005581 
1 -1.11537966582 -0.580269592341 0.350671317231 -0.536899451967 0.621209222423 1.42348042583 -0.746695135747 
1 -0.206085745055 -0.700256417698 0.410212477991 -0.733347050169 0.287708097923 1.26317863631 -0.424329937727 
1 -1.61394805924 -0.49088590297 0.0684015729863 -0.348365183068 -0.0067742176107 0.735725911131 -1.02323280542 
1 -0.51032497417 -0.0932431891425 0.217579718272 -0.597724947876 0.411638768649 0.695975013293 -0.946421699699 
1 -1.14533201483 -0.513841974008 0.247481706073 -0.483791604141 0.585197164451 0.654571235677 -0.780849546475 
1 -0.679075485371 -0.611596283507 0.0326835545322 -0.576769621381 0.687797131586 0.796868307415 -1.10923618232 
1 -0.694947103345 -1.05309862647 0.145225790634 -0.615781524871 0.386617690028 1.01246495375 -1.14985682821 
1 -0.716985216626 -0.696269826315 0.332769511463 -0.827391469383 0.163952159476 0.645934673846 -0.699266294841 
1 -1.27684609929 -0.48695463821 0.550741303929 -0.803330132918 0.520102867804 0.711966272195 -1.24373096694 
2 0.741893726702 1.2167144756 -1.37774937192 0.178629505287 -0.00465743687066 0.212378842034 0.0860888986719 
2 1.17372732057 1.35931097016 -1.20784963256 -0.561072093192 -0.890922288692 1.15583616876 0.107383459269 
2 0.463147805053 1.03077438261 -1.39296507759 0.235318342206 0.0787926330849 0.477663590158 -0.176595790681 
2 -0.814778421403 0.665152824376 -0.183960742189 -0.0195740386392 -0.362843277743 -0.116289670841 0.0263291110623 
2 0.555090241237 0.865367614283 -1.09960500591 0.647133961097 -0.359792908211 0.400854586877 0.139496894035 
2 0.284955402738 1.2894594762 -1.18610546281 0.184823623211 -0.0305007839761 0.371640932131 -0.0992153033225 
2 0.672741093089 0.840843843257 -0.923650906907 0.073960250027 -0.0122462769201 0.461483864819 0.0729481131839 
2 0.257490063263 1.38458079085 -0.856498104265 0.45111617768 -0.0780285975453 0.22482336599 0.183603712367 
2 0.400249078186 0.878610353663 -0.902782503825 -0.325854083896 -0.221235019574 0.62102499926 0.146636535874 
2 -0.192410371605 1.04116168736 -1.46809158514 -0.161865244476 0.0603164112762 0.356062002606 0.164779233868 
2 0.393343157775 1.07551680299 -1.03354154107 0.426047721987 -0.398712966341 -0.18696478248 0.14285709643 
2 -0.0743837004164 0.906360857111 -1.01135516258 0.583671874586 0.415946500983 0.0119765876411 -0.956541940219 
2 -0.0754795328585 0.95566502852 -1.19593611153 0.131368583836 0.0312411828836 -0.00195548560311 0.612145310088 
2 0.0959205482098 0.86891764682 -0.99816179359 0.124335727194 -0.265514930537 0.152812826891 0.45485677824 
2 0.0196882630387 0.922417196254 -1.00529881475 0.0106717110866 0.340185946562 0.629456538549 0.0190317163241 
2 0.538696034115 0.778055628453 -1.23093507181 0.11885972123 0.155130837325 -0.0160323140493 0.339802303633 
2 0.0126193243324 1.06346053297 -0.933514398318 0.49677364914 0.0749207696272 -0.139704422325 0.517198949988 
2 0.366010647895 1.19222083023 -1.020331551 0.705095998747 -0.165098888866 0.0713384772704 0.502967930711 
2 0.739487972807 1.28461756371 -1.21693604269 0.210304651143 -0.15121056391 0.243294457247 0.115799777085 
2 0.141426175679 1.04032479602 -0.784267002773 0.454491105679 -0.0517699018986 0.308663182515 0.105028217267 
2 0.417230279079 0.636801810093 -1.1489058889 0.34884847021 -0.12400886118 -0.0869795964955 -0.205598115324 
2 0.244676125012 0.888605605178 -0.790948682159 0.21844962642 0.0505292950667 0.3209319162 0.196835107672 
2 0.166503471546 0.926377017715 -1.26253556107 0.0626362006261 0.29635214888 0.0520385468496 0.376784159475 
2 0.3756342881 1.29468610544 -1.41645004036 0.187627192219 0.192459762021 0.233679539075 -0.187901532421 
2 0.454446494057 0.821428537544 -0.689540199184 0.0483998289689 -0.0461642809153 -0.171384038579 0.446444522792 
2 0.391073912309 0.704065369375 -1.31913791668 -0.0284111652315 -0.559544652644 -0.0141197912818 0.493201507459 
2 -0.0365958123401 0.476193071253 -0.619002455082 0.119540054526 -0.0623153918397 0.388924639198 0.589355574016 
2 0.552799069657 1.0421995812 -0.890589080035 -0.121465838384 0.125387027497 0.357077098004 0.113370678291 
2 0.47556499691 0.834304761928 -1.13272043796 0.219905413899 0.0768799067507 0.2428542898 0.024482323167 
2 0.440340518483 0.623000152369 -1.05819584097 -0.0118643774368 0.0343173971828 -0.163674366734 0.0930060077449 
2 0.248578154828 0.832225804511 -0.685672106951 0.0898878990818 -0.282660339214 -0.379125337139 0.27682785513 
2 0.552518729991 0.849956154007 -0.775148240443 0.00479738098735 0.230449406646 0.517647657905 0.414351523855 
2 0.438183105814 0.800662575828 -1.34609349834 0.232512604694 0.324199799666 0.382249297526 0.448040445671 
2 0.360769514503 0.735871763628 -1.01244197022 0.031289747896 0.0823302112729 0.249365103531 0.395883806271 
2 0.433242789114 0.992774033122 -0.633854283082 0.0336564573587 0.0975673665663 0.426033755222 -0.247929877134 
2 0.574211097933 1.37020981809 -1.03071835012 0.187267694563 0.133279634716 -0.0099602373895 0.129869858715 
2 0.649163443859 1.32945423412 -1.01595966049 0.509265694269 0.597831280635 0.234826872392 0.234841873262 
2 0.60091022268 0.51626640614 -0.763428120996 0.00619899899952 -0.157073538884 0.32794739596 0.266311968752 
2 0.245086101754 1.02018886742 -0.839520570062 0.319143435657 0.372541665591 0.304728796578 0.187936455292 
2 0.304395450763 1.16728257351 -0.765562356298 0.596572090174 -0.699676980469 -0.162904853673 0.109047629668 
2 0.100752623129 1.13820629317 -1.07618698995 0.349794762505 0.0270346734385 0.392893847598 0.133640961203 
2 0.529230505895 0.97515184326 -0.726860239637 -0.0682697018757 0.300658496465 0.221028055402 0.944250699036 
2 0.257928192847 0.923706569682 -0.766874256565 0.299391048925 -0.0303209426494 0.138286646309 0.137358378588 
2 0.620070891493 1.12530175613 -0.936568325674 -0.00581021119856 -0.0349118786033 0.182324646316 0.0959548467248 
2 0.384219687455 1.20257383214 -0.590311016406 -0.0564862334289 -0.130765814227 -0.237995215963 0.400983119029 
2 -0.135724655969 1.08170872796 -0.916111980968 -0.0562885930853 0.033773540399 0.84256842479 0.379907466658 
2 0.264816484658 0.760920615964 -1.33355671086 -0.105573844055 0.420055089521 -0.0663211164488 0.583050678298 
2 0.157253178338 0.562325360528 -1.21519945196 0.486454739944 -0.686855846175 0.141156239865 -0.152054676771 
2 0.312816317549 1.15101030449 -0.968020468859 0.216647587348 -0.170961691772 0.0999936351849 0.351919017419 
2 0.348765943011 0.790791860447 -0.876856709106 -0.0355436286483 0.0697014945185 0.299821463602 0.238621047191 
2 0.428789020745 0.889130602499 -1.08473701369 -0.151201643733 0.542427603548 0.166591130776 0.291156490704 
2 0.512228052561 1.16100346728 -0.844155731554 0.242846447691 -0.172082552221 0.435192042222 0.378417231355 
2 -0.0318526714514 1.12302714748 -1.13850203188 0.360895478163 0.188673678681 0.672347067293 0.38705110078 
2 0.271219405251 0.761777074325 -1.04113909493 0.33121566609 0.206995081735 0.137883386677 0.299695288035 
2 0.152096952164 0.621082321973 -0.941716723039 0.109804513141 -0.283635869882 0.131802062156 0.331027791726 
2 0.132762693752 1.12089133606 -0.752557210092 0.400044522186 0.344736186422 0.221799969658 0.293471242445 
2 0.0772206489424 1.81723234755 -1.06814954513 -0.349428020755 0.677279389431 1.27941807083 0.970090803913 
2 0.823084383991 1.02898137555 -0.871365698346 0.135799555567 0.0902395447228 0.176594634008 -0.222544618191 
2 0.647837704421 0.996352386189 -1.17840309838 0.257544062536 0.2016220939 0.405862836535 0.0611217920712 
2 0.252197776794 1.13482210921 -0.718135629233 0.255414467031 -0.0124704877346 0.344447970754 -0.0929699124301 
2 0.318863941453 1.23777919874 -1.65834863679 0.163513415445 0.119753379887 -0.192198063026 -0.110501331575 
2 0.730360450434 1.04471461161 -1.18614260637 0.139065675303 0.138121927581 0.0104631014073 -0.0747238214081 
2 0.0819415781077 1.01231260653 -0.865032060908 0.0583370555675 0.320410193448 0.105378010202 0.450225076484 
2 0.218878462426 1.33281758076 -0.706142048849 0.362274205182 -0.133221812941 0.538113773481 0.22878234058 
2 0.400996915582 0.920247880895 -1.19573346549 0.206857104631 0.255336911705 -0.0475221748708 0.19894362752 
2 0.391366814992 1.25765909465 -0.756228647689 -0.281087093783 0.120079301607 0.292342243527 0.0815802676413 
2 0.192232982479 1.14245314665 -0.853589799967 0.157399568345 0.286544021073 0.437051384302 0.145489867624 
2 0.448640640794 0.841445716592 -1.07348235353 0.586427363505 0.294857547279 0.00109822250593 0.165293889436 
2 0.0722669521517 1.2049653985 -0.541055987821 -0.146639795407 -0.0996076965123 -0.165756326831 -0.0460905960948 
2 0.0271475958685 1.11788681124 -1.03102942884 0.231343090726 -0.0473083008092 0.346504019585 0.176900249835 
2 0.293863767246 1.17252891247 -0.658057495003 0.145179136241 -0.140763862983 0.101041683015 0.0765423822045 
2 0.290139988449 1.14288917393 -0.972036289132 0.260517659252 -0.15350523631 0.195300507434 0.232441176132 
2 0.310838179336 1.00760643573 -1.07936799468 0.148947200435 -0.215315929655 0.118174349137 0.0738198572538 
2 0.339338625185 1.19552722613 -0.623575995878 -0.0801918315387 0.269221982266 0.23437260783 0.155126943215 
2 0.410420674049 1.31620700713 -1.13095685798 -0.129171292575 0.248806976405 0.165713768196 0.203250857147 
2 0.544594588598 1.34477389941 -0.89461245899 -0.0351576970681 -0.248097465145 0.453422283523 0.571191128403 
2 0.549146340905 1.01850612846 -0.81899538209 0.144688280594 0.570783093279 -0.103916727409 0.612929090099 
2 0.506140171881 0.802258360852 -0.800772217566 0.381595581241 -0.0391366883787 0.0242640478094 -0.0433208157168 
2 0.761249641804 1.01618830476 -1.19935170815 0.156595334058 -0.128770214719 -0.0143588615162 -0.210906871179 
2 -0.167172426868 0.759763775589 -0.784609619251 0.738006062004 0.736239357248 0.212513604703 -0.0951714131061 
2 0.135091080492 0.809530663359 -1.17915410406 0.0718471405004 0.0393332481311 -0.0824840781788 0.0243147189621 
2 1.14429947974 2.37209814711 -1.05235160225 0.0917401138186 -0.468079022792 0.441786968123 -0.182841328325 
2 0.346876537489 0.512590031646 -0.432080532547 -0.00133553879747 -0.0445864826447 -0.0654261891742 0.122094345052 
2 0.541181566858 1.00271314811 -1.04617005221 0.67344860668 0.197919832754 0.173557628507 0.286305880482 
2 0.4967445656 1.3653935886 -1.04562954235 0.735713546989 -0.0534978246915 0.392836474098 0.280102169057 
2 0.21842368923 0.675940834748 -0.950144516743 0.180241784379 -0.117619306321 0.0848612779709 0.757500542534 
2 0.546759101067 0.866875720075 -0.924798041507 0.00862812275692 0.219853608096 0.0888484020503 0.0334160712484 
2 0.448920150015 0.758510807836 -1.36287482333 0.192457331842 0.150975396051 0.373507732187 0.105809418741 
2 -0.00293901399438 0.849849156611 -0.826113141464 0.196627802277 -0.154204900882 0.467079608104 0.462589586867 
2 0.2176933296 0.79862687042 -1.1967561034 -0.219717612236 -0.33684089206 0.173201002268 0.408883241011 
2 0.15364310582 1.23071988679 -1.00605622694 -0.17140813355 -0.0209836896547 0.549727851037 0.209415326473 
2 0.713965500856 0.863649183863 -0.985700438011 0.385208223548 0.561769165944 0.015440096177 -0.138776709205 
2 0.409789531676 0.946935267664 -0.728060981966 -0.36257556272 0.115409919463 0.27915475687 0.0943883211127 
2 0.0592979819194 0.828891921141 -1.2265399072 0.115815926565 0.599005264396 -0.0884982717808 0.565852629635 
3 -0.878485972409 -0.816051129792 -0.558773078292 -0.496106300743 0.566384576954 0.688172322792 0.686224086944 
3 -0.494243432308 -0.583148613567 -0.970720750752 -0.420743783675 0.232719303258 0.949068702348 0.014478550825 
3 -0.774804186174 -0.401554553807 -1.23160017673 0.47208854194 0.394728550793 1.12913040162 -0.323123167062 
3 -0.494391380768 -0.38763851913 -1.07539303762 -0.244531646666 0.255556520553 0.723022183795 -0.038712879607 
3 -0.610836945551 -0.0703658424293 -0.838619012492 -0.169062604931 0.207095494596 1.62009210804 -0.435202076947 
3 -0.589098907132 -0.45385382463 -1.04476791379 -0.296451619254 0.443615710489 0.86970963439 -0.206543202613 
3 -0.567301021057 -0.474476488337 -0.973888339027 -0.197265620787 0.126422809934 0.936998131317 -0.294845791872 
3 -0.622070833142 -0.181156561216 -0.634087587526 0.0530810156762 0.730168629624 1.10381554172 0.34671092094 
3 -0.584805450606 0.193380682544 -1.01364144162 -0.44290145088 0.649307001366 0.716969006105 -0.0895654995734 
3 -0.663733847986 -0.370795864097 -0.556820116707 -0.293523360851 0.43693412359 1.05083581387 -0.42169625359 
3 -0.642957946559 -0.161156477653 -1.04067665604 -0.0355870825752 0.492683264626 0.865004632291 0.145450671094 
3 -0.652195439548 -0.258791806361 -0.771301218462 0.0862625481244 0.417487443537 0.971454193372 -0.090251167337 
3 -0.62240459585 -0.581052983674 -0.803185056362 -0.102536814422 0.498581512933 1.18990759824 0.0592980064075 
3 -0.621731863834 -0.22405287043 -1.0959381928 -0.174491428032 0.622198768532 1.0586773586 0.23282114749 
3 -0.85943998578 0.168432580823 -0.29940243536 -0.398172773454 0.324908607614 1.09931030351 0.141963079302 
3 -1.04295321575 -0.222932366467 -1.04764614406 -0.0345918378779 0.515825388268 1.37140115877 0.15397696415 
3 -0.608791772709 -0.0857803497532 -1.22707103686 0.0472273269395 0.555177144829 0.61054300637 0.138937207793 
3 -0.54240141669 -0.266519025235 -0.96736316786 -0.0916150238103 0.0955316608896 0.423133936544 0.0957123375236 
3 -0.864419478762 -0.489943475875 -1.40571012082 0.476090275882 0.859669520626 0.494261218052 0.318893795255 
3 -0.675160091825 0.179873452994 -1.40767458445 0.0337597787797 0.604687172597 1.05490849409 -0.0590920835085 
3 -0.820584293957 0.0822378619612 -1.17746713966 0.160695224233 0.0767771180496 0.694253234106 -0.121525644108 
3 -1.13608465187 0.114764259564 -0.720885831852 0.0270628828636 0.219481644465 0.722479776281 -0.0483054347769 
3 0.0325628755311 -0.25358154714 -1.18694447255 0.0983256692709 0.861120550944 1.29324245232 -0.203687407147 
3 -0.562649237481 -0.25308400678 -0.624050278396 0.186884671107 0.102747339174 0.940722042607 0.471257370528 
3 -0.733109872701 -0.0488836050423 -0.919854959352 -0.145525392508 0.416119281064 1.24647880461 -0.226595519209 
3 -0.543036498281 -0.510875632449 -1.20871011688 -0.238095647935 0.564248316868 1.0604703338 0.270958634549 
3 -0.509756222886 -0.184028894281 -1.06056520249 -0.183926136789 0.252252868523 1.01883459644 0.144761454739 
3 -0.866135571099 0.117855292249 -1.14249906408 -0.331895237935 0.568033956917 0.617712463258 -0.00317423565282 
3 -0.818778639617 -0.273452528052 -0.939414833298 0.0181979257587 0.797414329791 0.629579259185 0.0700057397576 
3 -1.43428535568 -1.06472957454 -1.27930125643 0.245214977209 0.228530961058 1.67679474134 0.302591636787 
3 -0.687128645196 -0.151194017736 -0.642425994867 -0.135596421956 0.246464195542 0.887883379414 0.220918036059 
3 -1.30498418378 -0.207440611692 -0.790213759678 -0.172128898041 0.376627203989 1.08694163333 0.376006984615 
3 -0.574910003915 -0.241012934615 -1.1952076242 0.40521855301 0.326453190581 1.04812630007 0.165718411245 
3 -0.498453084053 -0.369211149271 -1.14419013957 0.0817051705207 0.139701504903 1.24447255788 -0.282534934279 
3 -0.838984938366 -0.397177811075 -0.846658085847 -0.227277000976 0.474071050892 1.41286776287 0.460152415002 
3 -0.277512284976 -0.0614455556346 -0.762707203376 0.0397239255281 0.234211900993 0.537171387648 0.148494265782 
3 -0.879250043378 0.163576773594 -0.760364328761 -0.0403067836675 0.190229146085 0.903309125811 -0.0477387100356 
3 -0.450586775282 0.0937716810332 -1.28846021459 -0.177492877536 0.286145541818 1.30983342161 0.00837132575141 
3 -0.671685709349 -0.571908912439 -0.862694018014 0.144190858186 0.530372450158 1.32253856459 -0.0102195909539 
3 -0.0563394855394 -0.297053186727 -0.896364941645 -0.109937190011 0.709226964113 0.942484519717 0.359117282355 
3 -0.501517082613 0.025681726263 -1.05415234068 0.0260275622311 0.706458910618 1.38272713998 0.215766753135 
3 -0.471534828611 0.000441260793681 -1.05414361819 -0.0875946717414 0.30651723168 0.901289261884 0.0499304369897 
3 -0.877557931515 -0.678612535038 0.401091304654 0.12997409071 0.212769942877 0.636297473951 0.255894795923 
3 -0.735713058198 -0.201141088906 -1.01722153892 -0.105148771008 0.340087789916 1.26231115078 0.00325851098426 
3 -0.484589740424 0.313208555163 -1.14981821554 -0.221383814512 0.240124821615 0.911009589981 0.218311034356 
3 -0.815920031282 0.227138726509 -0.972317142728 -0.0767372402521 0.315570687318 1.1240094753 -0.135590280665 
3 -0.636903915044 -0.343997003615 -0.800363069031 0.271227127251 0.534035568976 1.02247317719 -0.156269353543 
3 -0.595433235998 -0.161266162807 -0.780293237427 -0.414927630234 0.764101862713 1.10592014779 -0.0989982081611 
3 -1.00766649602 0.316574559573 -0.649252155304 0.619910657714 0.0354630015335 1.92762561591 -0.669335774147 
3 -0.452257329575 0.0947295486814 -0.549486179832 -0.435280771916 0.107259961334 0.768473809765 -0.91432305133 
3 -0.972113401552 0.0433488267168 -0.621114391645 0.295782565782 0.351027711433 1.18582061622 0.340764817776 
3 -0.870547071144 0.0108181338819 -1.04324016849 -0.155902242478 0.756867711664 0.880083423558 0.00657977666416 
3 -0.604388656974 -0.0396466953784 -0.731079877784 -0.31471906631 -0.0579357116694 1.24699170989 -0.0847580850676 
3 -0.679623337546 -0.0597787048737 -1.01681726845 -0.290270310834 0.528149642563 1.03804939508 -0.00289663840786 
3 -0.675760444558 0.0232824221216 -1.1460688463 -0.256903711489 0.491945268499 1.10523599331 -0.126251087484 
3 -0.713303866488 -0.0751385239349 -1.07338696544 0.175000715029 0.525768580049 1.17267602732 -0.082368684622 
3 -0.966959856843 0.235647922029 -0.980582318919 -0.140556398434 0.0927072741784 1.30843225338 0.101657402164 
3 -0.898355224791 -0.208880077417 -0.852113297964 -0.0132445022315 0.481516733595 0.787561547418 -0.443358949235 
3 -0.988052483843 -0.121635388432 -0.775609706676 0.432697539881 0.685621831354 0.887283767169 0.227370609299 
3 -0.356862776395 -0.530406405822 -0.849110432417 0.110536080212 0.873587385507 0.780851630319 -0.0337984294787 
3 -0.245071615959 0.00193959824236 -1.23056063875 -0.110150111579 0.28733215805 0.978628070244 -0.133090029749 
4 -0.986192403692 0.456341626259 0.788816324507 0.539113611148 -0.612928289238 -0.53955111536 0.812385932467 
4 -0.596930192162 0.833368308272 1.17702749978 0.383237147268 -0.157231579719 -0.801752094113 0.942938335983 
4 -0.75488244807 0.633696022177 1.26848903509 0.274807197717 0.0199264492542 -0.974857190374 1.34601249728 
4 -0.963207185119 0.698828665083 1.12180739035 0.234301362517 -0.20454645536 -0.825626888 0.97639323724 
4 -0.401142014416 0.648841845324 1.19816793043 0.357774299365 0.0145767011187 -0.538912543742 0.886877873807 
4 -0.402674623939 0.749347282761 0.884550563497 0.323764733084 -0.00122005176563 -1.10041441236 1.40589564231 
4 -0.898144781746 0.760812356992 1.07262428243 0.417241572759 -0.103126438953 -0.829934545027 1.21721472831 
4 -0.579536201474 0.847574601026 1.46124093403 0.411456119608 0.0821369637927 -0.723182156421 1.18114590122 
4 -0.452254085872 0.681277667678 0.772815818124 0.422831030911 0.175341008663 -0.740620378323 0.927563910051 
4 -0.782941515522 0.999781533177 0.892425355043 0.311432711547 0.168436136112 -0.978660596666 0.891250905163 
4 -0.0156196538129 1.11617061597 0.948649678436 0.187056930699 0.165526771169 -0.805712386737 1.20412750857 
4 -0.664319399737 0.589648292377 1.10025027717 0.305766761773 -0.248782946658 -1.05673804913 0.614666168991 
4 -0.45774123645 0.62553010591 1.0775635049 0.538221007777 0.277522037027 -0.481411759875 1.25572600174 
4 -0.740363935021 0.443188913182 0.698942813626 0.283546076416 1.389353314 -0.11140462084 1.19225932191 
4 -0.604033854302 0.963895104412 0.935352374681 0.0956996245746 0.177281514463 -0.759130131913 0.695110476657 
4 -0.505334053803 0.906000684746 0.576799658641 -0.0451055795872 0.342971012159 -0.519235739551 1.33281454344 
4 -0.345140868729 0.4007080908 1.46080824369 0.33581965742 -0.116584801314 -1.45500841057 0.916495203496 
4 -0.925894390935 0.791706454584 0.599357021018 0.262192094005 -0.0527162689777 -0.759641409079 1.05421594012 
4 -0.269590674508 0.783305618499 0.66260121597 0.384659762616 -0.319712654883 -0.395789076535 1.19116393502 
4 -0.110663958318 0.492302382008 1.12128711426 0.0817758195246 -0.16142008555 -0.802551574571 0.474629399718 
4 -0.95042199345 0.71914256905 0.83635561712 0.216348687861 -0.141282672637 -0.662813354916 0.753692857361 
4 -0.589968067228 0.900563973622 0.576604001173 -0.222702216023 0.16753237911 -0.680415260516 1.03253701912 
4 -0.724711395041 0.721914584507 0.837120142639 0.356990966872 -0.339592572975 -0.667121284854 1.03136280817 
4 -0.210990179134 0.581473193685 1.09654032552 0.0698198311547 -0.138622544097 -1.02345978034 0.713982384217 
4 -0.101466264529 0.661061901816 1.51003710476 0.0257193592767 -0.371854763386 -0.668215162488 0.740843823818 
4 -0.822156333295 0.899791024227 1.18591837011 0.341246578385 0.0283318351738 -0.992209613572 1.21057827571 
4 -0.326865910751 0.779841943251 1.17950281255 0.139871673893 0.134444501003 -0.94361679662 0.747831162776 
4 -0.627585284783 0.584763997161 1.03876359357 -0.503125572222 -0.783326774436 -0.938430894002 2.00045177471 
4 -0.770561397587 0.367454101453 0.999771813394 0.529372727548 -0.360967453789 -0.93249949791 0.723749443851 
4 -0.781649601167 0.761987923744 0.742184288154 0.0195598094797 -0.292668785416 -0.498789190381 1.02503021096 
4 -0.82435401848 0.77984444558 0.881590169348 0.0692286647309 0.065094508369 -0.95661965927 1.27335332477 
4 -0.766106048036 0.727046857313 0.808833204363 0.200959995764 0.105837270549 -0.824978615584 0.842625053805 
4 -0.423019589253 1.0382537676 0.728786752109 0.470325804041 -0.550112716911 -0.759408257618 1.14810015844 
4 -0.486852212281 0.906425309888 1.05884338631 0.231688533895 0.441437839763 -0.59025996002 1.10374760024 
4 -0.476182469658 1.02230249665 1.18594360291 -0.190169607816 -0.0223944322589 -0.883801490656 0.806682652866 
4 -0.291165127835 0.88737799189 0.902089891574 0.307954647857 0.033417846831 -0.496068920712 1.06641731498 
4 -0.563875099623 0.710427118958 0.695650007113 0.582944173698 -0.149230807746 -1.10110284775 0.719746440834 
4 -0.967430204455 0.532631610463 1.19654458843 0.426296919476 0.397536560722 -0.787351996711 0.938603628657 
4 -0.384034291291 0.487276149913 0.843540929731 0.0719798261857 0.0932597619355 -0.927203881566 0.902516769016 
4 -0.668354849615 0.877501155256 0.832188893677 0.311101533382 0.150959606083 -0.702361697774 0.838983390396 
4 -0.897512999636 0.890114878087 0.976320806191 0.0423020386642 -0.0855595434294 -1.33808225436 1.0410630524 
4 -0.728594028983 1.14287989375 1.61175714977 -0.111403802326 0.209092149996 -0.740499040328 0.693366153018 
4 -0.541324865571 0.947705735546 0.647161572403 0.245779460568 0.0673282210922 -0.862976201988 1.04913594049 
4 -0.488088571685 0.89014216851 1.03452203507 0.167574447365 0.162988477523 -1.18625683351 0.859684743175 
4 -0.586294036924 1.07213614503 0.884578327939 0.143028854161 0.200123041727 -0.387187763496 0.557569337838 
4 -0.223414825869 1.03720567551 0.815706314396 0.422556388346 0.22457038197 -0.977288782728 0.931304189102 
4 -0.708368907269 1.2947602077 1.11108648371 0.0921364693968 -0.0421500791418 -0.839728754751 0.866673426532 
4 -0.128986892091 1.7130849731 0.600486751538 -0.0411374605747 -0.442844142844 -0.560529503603 -0.0889557307944 
4 -0.338324401795 0.906032787454 0.723434856194 0.161520524769 -0.169207835564 -0.728239887589 1.21649537626 
4 -0.337727565163 1.1798534233 1.08043377216 0.546741695458 0.0762315316137 -0.774963420442 1.27770729688 
4 -0.763752870419 0.773047265671 0.6522258011 0.0959161776867 -0.140498856013 -0.745170155799 0.951776255519 
4 -0.547543740598 0.580717894168 0.825851447535 0.42354893315 0.174210735323 -0.87509780848 0.998269069307 
4 -0.707425537722 0.815943950431 1.236866025 0.458124448134 -0.122511608424 -0.874197100528 0.865793422564 
4 -0.461914814122 0.792081919374 0.922439522851 0.0198358229643 0.224954980688 -0.729583799262 0.874678454442 
4 -0.443795571913 0.819824429432 0.990396438987 0.459592539268 0.202594650928 -0.770228851437 1.02259248674 
4 -0.527964366823 0.21720451376 1.45318565193 -0.0355829328833 -0.247177538738 -0.901497524895 0.952499662794 
4 -0.716073818944 0.700230806861 1.38283470004 -0.259323656818 -0.105656953306 -0.626435086489 0.679853693957 
4 -0.287300173652 0.227706642098 0.995013802378 0.418108719644 -0.00608175695248 -1.02372471216 1.03195472971 
4 -0.607684059603 0.830874931275 0.664878944952 0.316691607646 0.0190473364552 -0.709200650818 0.93488780024 
4 -0.298392744588 -0.0153065459104 1.10114686753 0.143610405985 -0.481073168192 -0.874013661838 0.438325218107 
4 -0.241520796058 0.683493394912 0.948906287727 0.769636880281 -0.280176236238 -0.579850179412 1.22556698014 
4 -0.372541833426 1.04795520434 1.52458845732 0.684482706109 0.0153908470522 -1.08959903705 1.11579102467 
4 -0.777777432676 1.21715752768 1.34908443423 0.283335943407 -0.66593202989 -0.704667630099 0.457008580708 
4 -0.121060693725 0.990060228562 0.902775813806 0.151387528236 0.0546829976975 -0.862782511262 1.09839068851 
4 -0.337019737689 0.764091871631 1.04917326263 -0.025051798358 0.195073795747 -0.92572894274 0.809042124714 
4 -0.500640204895 0.832700106964 0.677774033038 0.642419023526 0.338025678292 -0.790237249827 1.25324362354 
4 -0.794389210216 0.798823195854 0.654399889004 0.403491713454 0.499922253862 -0.949039037577 1.26347744916 
4 -0.671237331501 0.978733370148 0.58817399472 0.421412681125 -0.000751065976426 -0.535515469356 0.780547515338 
4 -0.167167603402 0.787150034696 0.87278112946 0.250022735367 -0.121358670567 -0.72287971464 0.891177776429 
4 -0.513396751553 1.11272136177 1.23820428013 0.617128285711 0.138983388609 -0.773669322824 0.872716168479 
4 -0.124218969179 0.67530243414 0.832397263173 0.580041667034 -0.0641194686891 -0.68072197185 1.04125010607 
4 -0.325129322951 0.484773287712 0.856103828998 -0.00560391217097 0.00978217522932 -0.402991305273 0.929706165482 
4 -0.495318628938 0.610882753353 0.858868698641 0.0762835211106 0.32745032699 -1.21412614982 1.15675645022 
4 -0.242536346159 1.05879773669 0.996455330473 0.108700428762 0.146740991683 -1.03247469364 0.874572551435 
4 -0.466034945511 0.486009292608 1.18418754799 0.381076208526 0.138925595739 -0.807550651246 1.17046891084 
4 -0.265570988462 1.25317389083 0.99055091841 0.0560304605743 0.205290340658 -0.688380527347 0.703303041309 
4 -0.0308103577751 0.56993361916 0.958974475174 0.383749481436 0.361914679329 -0.885568529804 0.755698084688 
4 0.201509714827 0.687142831278 0.671994169999 -0.259388320369 0.317121377435 -1.50019762271 0.676981004421 
4 -0.253212803707 1.23007047649 0.662843835616 -0.764973793648 -0.102284516693 -0.900032558426 0.529492316656 
4 -0.62626077501 0.825544781641 0.947974616725 -0.0477216847984 0.0336767532586 -0.924948154278 0.860855262723 
4 0.0063614675232 0.896926355219 1.13124062428 0.314886800283 -0.132091245452 -0.721320351714 1.03606242929 
4 -0.532198511581 0.951315676672 0.87920031082 0.277886596358 0.308998263525 -1.02984757013 1.23732177384 
4 -0.624899335885 0.768086995765 1.13697337598 0.0410361084349 0.266359790718 -0.709866844632 1.22981553834 
4 -0.599797858408 0.813557771439 0.822534288835 0.192378486638 0.0907596108407 -0.989407765627 1.31687478172 
4 -0.047413224345 0.515000989686 0.93577070537 0.152835071624 0.392382997554 -0.643673930363 1.26065701734 
4 -0.512117403335 0.633110102434 0.794611257224 0.162443674416 -0.176687780306 -0.837886748281 0.750265380266 
