0 -0.712390472659 -0.608571657721 -0.456577065836 0.771005051862 -0.42686594566 
0 -0.295644184708 -0.943771200312 -0.540375158983 0.982616045317 -0.205023952197 
0 -0.635347882829 -0.937392933358 -0.745538727508 1.07949853939 -0.129277756111 
0 -0.56727755597 -1.01014402689 -0.539598416903 1.62787647983 -0.100146471718 
0 -0.60448044308 -1.0966878142 -0.53905024314 0.975163260444 -0.118743407933 
0 -0.941344504699 -0.987036931259 -0.675020683266 0.552044060418 -0.125091510805 
0 -0.392778897849 -1.08147295322 -0.419756736418 0.963142615967 -0.100411396495 
0 -0.998446632961 -1.01648337963 -0.598760427945 1.32155618155 -0.35073923519 
0 -0.613314208038 -0.784463350871 -0.234622539106 0.862857165377 0.16656199765 
0 -0.926434991149 -1.12460178331 -0.754107900162 0.804616593771 -0.491660027508 
0 -1.0283904711 -0.838151019899 -0.631981570642 1.27781320564 -0.0224064507851 
0 -1.07796650142 -0.948980071372 -0.746996830344 1.16261248329 -0.0192120586797 
0 -0.28781289706 -1.3358566056 -0.753969115967 1.13420028416 -0.076219111611 
0 -0.769249103987 -1.05930818573 -0.873879732269 0.963813785018 0.194779915761 
0 -0.748427038635 -1.13916475738 -0.68006840248 1.017999112 -0.118603238134 
0 -0.485004875182 -1.15149735711 -0.408941702302 1.33203419335 0.391833562315 
0 -0.625885133759 -1.15932572787 -0.271169003667 1.20536400729 -0.405294509779 
0 -0.714626594093 -0.846739906033 -0.800587943234 0.638629188556 0.0622491437653 
1 0.469358778875 -0.377297819446 -0.79454687468 0.617586135996 0.880554273213 
1 -0.57522564629 -0.945297010515 -0.712737668691 -0.119287078204 0.776809938964 
1 0.101164065882 -0.00352804252901 -0.537460549944 0.366076244502 0.705445272617 
1 -0.329543852869 -0.0626058504748 -0.656709431886 0.571651095333 0.782910340276 
1 -0.0353259223408 -1.16044220956 -0.709462596049 -0.255981735981 0.676342628734 
1 0.211605206632 -0.462058300656 -0.150292139771 0.436281326276 0.976878307531 
1 -0.0206313736698 -0.121611433152 -0.706337762403 0.0100000727722 0.849410981584 
2 0.281141864138 0.665614445066 -0.781895166199 -1.56246741413 -0.7184134689 
2 -0.225419884037 -0.717020850309 -1.15815101878 -0.714018545063 -0.42565870431 
3 0.4136483321 0.242483575547 0.254342747432 -0.095623829136 0.649587276706 
3 -0.177107977661 0.74546035644 0.116430227774 -0.496756133704 1.46422921213 
4 -0.362071891268 0.508445468817 -0.239641812977 -0.682760997855 -0.722620850695 
4 -0.819507586218 0.504117686669 -0.68952656664 0.0629146938683 -0.190124032339 
4 -1.05100904356 0.413178675201 -0.718562097438 0.158963134753 -0.00798013619793 
4 -1.15366768235 0.653506073449 -0.648956951234 -0.0921093929988 -0.46499219572 
4 -0.970998616948 0.340203876247 -0.748801015066 0.175200785476 -0.422781821277 
4 -0.889960543708 0.801127122426 -0.583236747002 0.166098333181 -0.643188923303 
4 -0.794645137946 0.855919903304 -0.807029450754 0.276499067608 -0.698252526425 
4 -0.615042212788 0.654185885762 -1.13051355804 0.138156315959 -0.174621558144 
4 -0.714726929077 0.379543984066 -0.852240134036 0.289119212985 -0.490564516139 
4 -0.949684207258 0.255041100107 -0.846755320505 0.203012983098 -0.417443322938 
5 -0.816103753704 0.233413936955 -0.257466948478 -0.0264222711432 -0.220052242395 
5 -1.15564244959 0.348187880877 -0.331392446759 0.401231971239 -0.256132195263 
5 -0.933322376938 -0.0326683827005 0.396795803394 0.599200364244 0.134608206188 
5 -0.754657166661 -0.38921224519 0.138518938912 0.193050942503 -0.459489615637 
5 -1.21426446243 -0.120416054759 -0.33602843791 0.245565032405 0.163033824365 
5 -0.768402662683 -0.286768819205 -0.369116819896 0.540555573996 0.229465094572 
5 -0.802271038137 0.414707416995 -0.117526301355 -0.0673382157493 0.139660120449 
5 -0.967171821294 -0.303860441789 0.172388995615 0.315146389362 -0.026219035004 
5 -0.987194483126 0.207683615915 -0.428002918491 0.981163686779 -0.10142907474 
5 -0.723565569495 0.534709649723 -0.166313434395 0.425343332183 -0.114694606491 
5 -0.927756969668 -0.195471101712 -0.170292341711 0.245675140193 0.0285713504883 
5 -0.85387915986 0.234482791885 -0.789032943413 0.355882527959 0.154533215972 
5 -0.627044144437 0.549112323907 -0.17229918698 0.220551646448 0.140384668474 
5 -0.808597820844 0.266639600931 -0.123748405155 0.582243575619 0.242690965796 
5 -1.21928752317 -1.09973823611 -1.5059668522 0.261470869105 -0.332868969764 
5 -1.01000436966 0.168678479139 -0.411993992916 1.15996462368 0.14782098449 
5 -0.649393927643 0.510109571429 -0.404279477912 0.222498339187 0.334550058873 
5 -0.785320236825 -0.176858735722 -0.123721062655 0.461487124839 0.285398373917 
5 -0.517929433758 -0.179860579569 0.166184113849 0.511565794881 0.434500377359 
6 0.592229663856 0.347446033925 -0.165968508943 0.304662700474 -0.35193530022 
6 0.893217800549 0.19234921862 -0.421101551468 0.497120408288 -0.972697029944 
6 0.877616514302 0.00373882340318 -0.299543341329 0.0603516591171 -0.711787727553 
6 0.917265296267 0.282563813445 -0.581014122448 0.0901643717412 -0.832530800686 
7 -0.548388893616 -0.0102851696478 -0.0322640702097 -0.41264272288 -0.905964269703 
7 -0.749198232459 -0.190908036487 0.274171098113 -0.77566791751 -0.853889667918 
7 -0.30955427227 -0.257241716168 0.394736862367 -0.625415451633 -1.24030639706 
7 -0.40496255648 0.172280888459 -0.00361187260513 -0.696214960271 -0.994349501353 
7 -0.640026513895 0.428408138377 -0.114651204126 -0.205257182727 -1.16042517885 
7 -0.445452124565 -0.390973968753 0.16261172122 -0.287268422079 -0.715380827641 
7 -0.521881969376 -0.198746382718 0.229083185119 -0.52005276664 -0.715422271674 
7 -0.3602587587 0.0334777429295 0.141308671329 -0.706863306036 -0.91115588592 
7 -0.312458133484 0.44030879604 0.149725261996 -0.706767205063 -1.17258500865 
8 -1.16099734974 -0.798367847975 -0.215166475799 0.341048345107 0.589928469553 
8 -0.900915899028 -0.643562140767 -0.879120149438 0.346134085109 0.759372567078 
8 -1.0951271789 -0.517680566903 -0.384431073668 0.591479985078 0.754334861029 
8 -0.616168541631 -0.297801673944 -0.303493756492 0.464135855098 0.73177584591 
8 -0.602183386426 -0.730134644933 -0.649054003955 0.343890342209 0.534490988842 
8 -1.13796278578 -0.813551847397 -0.508511993715 0.591281730423 0.209248516147 
8 -0.495538397875 -0.342482322666 -0.581468494428 0.186881534744 0.256720812152 
8 -0.71164575497 -0.694366999813 -0.823026757412 0.587566450378 0.56504116267 
8 -1.06905060371 -0.595224514303 -0.301397906572 0.551545563159 0.543728927749 
8 -1.16168896579 -0.645487270521 -0.873053544934 0.817753415039 0.444700492876 
8 -1.19255330743 -0.57997521501 -0.324983589193 0.633227810498 0.311940812225 
8 -0.976139839198 -0.850848127095 -0.930467364584 0.759746000652 0.404970375126 
8 -0.930086781121 -0.892458910202 -0.984211220371 0.577368568124 0.262446863407 
9 0.0506964856478 0.757856508957 -0.056768798578 -0.441454998808 0.795588773667 
9 0.251392140832 0.902386744332 -0.702736830482 -0.526480639462 0.487428171598 
9 0.29739585678 0.930975272118 -0.489853344864 -0.442677252015 0.814907097159 
9 0.0244804459444 0.670852754129 -0.0232371690283 -0.140302846288 0.620444517811 
9 0.423698941159 0.40396855361 -0.0409838290244 -0.0802886129739 0.782362876947 
9 -0.170982835317 0.778966220621 -0.390697075083 0.0406066049489 0.640723025271 
10 -0.0575759506469 0.184880534784 -0.0692682718198 -0.97819495321 -0.231892631061 
10 0.168115794937 -0.243500373616 -0.352725657017 -1.02168945469 0.313629809033 
10 0.452542544762 0.37756761492 -0.068644446292 -1.05818823911 -0.0030439399155 
10 0.255626639735 0.239811661062 -0.673299035216 -1.02336241737 -0.0781616171301 
10 0.215265243598 0.290955200834 -0.302812513314 -1.09556457712 0.0919408166379 
10 0.300280478503 -0.0472478620702 -0.256148851172 -0.714409492165 0.160747397422 
10 0.403471124811 0.465364340241 -0.295221006538 -0.888271582324 0.163707635861 
10 0.413071357133 0.433193029885 -0.138819696104 -0.782995738452 0.168301146264 
10 -0.146172594219 -0.510091319598 -0.102746790265 -1.35983974934 0.0734778270621 
10 0.545948887092 0.490869955352 0.0589138852824 -1.35816554065 -0.0377461775299 
10 0.247546547687 0.242536022686 0.0543586638824 -1.264455458 -0.00256954597137 
10 -0.0014584558245 -0.368163137761 -0.342574463141 -1.07594037456 0.486511004304 
10 -0.0977103758595 0.149923753905 0.213396447112 -1.10628794266 0.329729669543 
10 0.413823454229 0.335269800307 0.12030079967 -0.959548925218 -0.0351727789408 
10 0.463806726231 0.314725550245 -0.529547053953 -1.01492446715 0.0795415791894 
10 0.517676051841 -0.0456539726664 -0.437091881721 -0.962688784005 -0.0809672126498 
10 0.220847382426 0.355222267014 -0.33536937329 -0.944797305973 0.599696312587 
10 -0.0186682725914 -0.0138368585121 -0.471650622693 -1.05427349075 0.334787631713 
10 0.421649083368 0.12333098993 -0.414319821474 -0.81600621607 -0.289127698951 
11 -0.212911105354 1.11013617451 0.138028356276 0.75766731132 0.7813109621 
11 -0.619825277157 0.341331199627 0.325333506137 0.92102825044 0.734351673907 
11 -0.410346991401 0.667077684773 0.0887390800971 0.802898157547 0.552485422068 
11 -0.291022967472 0.863872566105 0.217903634826 1.04167453362 0.619613183531 
11 -0.225706910435 0.572552765329 0.0517926061278 0.673118096243 0.299075232549 
11 -0.607028081723 0.611708892964 -0.216628784805 1.39228463466 0.488873398949 
11 -0.491151165565 1.07463561415 0.487527001788 0.533923635863 0.72418049668 
12 -0.0088434228041 -0.605162241092 -0.603018888046 0.0584708376799 -0.475191130614 
12 0.165305604252 -0.550184046805 -0.230645843364 -0.338699582782 -0.312920768816 
12 0.528810054786 -0.630634402665 -0.418487831747 -0.206673279197 -0.401999695531 
12 0.723643091379 -0.782279264092 -0.480581829234 -0.0415876749464 -0.66828032321 
12 0.338107992471 -0.306583517939 -0.67775456768 -0.414158051164 -0.846705345956 
12 -0.417622158976 -0.90455610162 -0.505907506872 -0.279069952602 -0.420372134887 
12 0.227302815825 -0.850605083095 -0.640011732817 -0.272702846672 -0.403801359847 
12 0.357655179818 -0.845938415809 0.0244889840994 -0.232884671944 -0.345502025362 
13 0.444076030291 -0.226611664666 0.503790512742 -0.979338279995 -0.252127171128 
14 0.442813795621 -1.02628829934 0.144410393693 0.682670342686 0.777207669678 
15 1.1037848835 -0.48336703992 0.31596889739 0.663593894945 -0.366329322042 
15 0.278197760665 -0.354113983196 0.64164230575 0.31064563653 -0.726548133568 
15 0.790711161637 0.0401296986785 0.451927339025 0.739421912758 -0.200772360444 
15 0.762063594894 -0.765103940623 0.921748779492 0.581273381359 -0.521087612518 
15 0.854335073335 -0.228506840011 0.361296449857 0.772479729615 -0.689623058522 
15 0.909448332019 -0.732092307522 0.386903648898 0.138670151194 -0.646069391334 
15 0.817098106936 -0.670393978452 0.95548659429 0.68118732905 -0.711576158037 
15 0.764211703431 -0.425086944986 0.903849476432 1.05143722828 -0.212922464886 
15 1.14169890407 -0.589693455067 0.818685466424 1.16293691934 -0.185686113766 
16 -0.107780960418 0.325986634335 0.125641844589 0.340604231793 0.0314650898061 
16 0.014160971761 0.715608937796 0.519346816396 0.207644698283 0.300622531711 
16 -0.572001298019 0.733720587817 0.496118866106 -0.28084192389 -0.232109158918 
16 -0.241940147011 0.0484051444013 0.37839820134 -0.0450487881918 0.119863216924 
16 0.00296955505144 0.747844373922 0.535929561223 0.488459541566 -0.16589662865 
16 -0.26362836541 0.389182609291 0.214514301367 0.348136056315 0.364399899135 
16 -0.0761849376579 0.641990877443 0.113993347246 0.210266669549 -0.162269245165 
16 -0.402191152856 0.353277031665 0.116485214789 0.522843024683 0.140302160514 
16 -0.403123442324 0.289805804066 0.235366559618 0.086531929317 0.0134425106244 
16 -0.181016923367 0.459900409601 0.541754817732 0.324648017954 0.123572781871 
16 0.361340226451 0.974383414476 0.0418720473781 -0.410075010603 0.619816938905 
16 0.0938584886166 0.325772025845 0.099817384326 0.794912479329 -0.167375602709 
16 -0.201050444427 0.139932836153 0.00506079853388 0.39593510921 0.174759798386 
16 -0.156262251612 0.464113345667 0.561109114572 0.524369874927 -0.202917152978 
16 -0.269971834304 0.557435896843 0.598874222126 0.405661091007 0.525644061068 
17 0.716677343239 0.904735173936 0.755421282631 -0.335994919435 -0.863213152424 
17 0.223748895582 0.91006020354 0.667106130321 0.374820992365 -1.25527021104 
17 -0.211875459176 0.734390181405 1.58579708053 -0.719316814017 -0.951771986491 
17 1.0914394482 1.01082933074 0.864757865162 0.101035482192 -1.11977333733 
18 0.754619327384 -0.640176995528 0.984613716559 0.647764707184 0.088742608753 
18 0.200838148544 -0.787713677627 0.903454709893 0.542365207708 0.0155922564567 
18 0.38897391515 -0.51982010473 0.828586691628 0.696596415237 -0.0676796797666 
18 0.380259695176 -0.882613228678 1.06171792178 0.780578580862 0.30313249679 
18 0.58222176105 -1.19192442125 0.970099439967 -0.0398217213272 -0.10360335527 
18 0.0865938582222 -0.743050423103 0.731914398659 0.597764832096 -0.147394522585 
18 0.18831001175 -1.27987568872 1.31895740403 0.76501755717 -0.0768355177391 
18 0.690109158078 -0.716079226804 1.16056470176 0.256857851669 0.263413323561 
18 0.128389516437 -0.873195122222 0.645214756372 0.483459245965 -0.23566189933 
18 0.258857271296 -0.621203863614 1.02892499476 0.0881428273592 -0.0282319553012 
18 0.171912952413 -0.803605957913 1.1579045143 0.819986273602 0.29631614233 
18 0.736915712278 -0.705192440807 0.933879611351 0.703554281738 -0.0420909421573 
18 0.270801428079 -1.00441808104 0.881800328672 0.537155182572 0.20144192072 
18 0.490663718547 -0.818130263938 0.78136001728 0.49454974947 -0.0794347499418 
18 0.651545306822 -1.16487232892 0.93830563957 0.695942852605 0.280287935974 
19 -0.288526700048 -0.306734795299 -0.996590631036 -1.18224333279 -0.644806931428 
19 -0.232743589889 -0.10226249324 -0.983057495678 -0.696228264037 -0.54397794107 
19 -0.166758102576 -0.323250101238 -1.12786932476 -0.447623190093 -0.850534908524 
19 -0.376181872626 -0.314432893196 -0.686546696451 -0.548068972027 -0.484481267124 
19 -0.470925358713 0.0436313183533 -1.24023343594 -0.378874814427 -0.88537950735 
19 -0.371543965888 -0.254967242777 -0.928595580956 -0.850578505348 -0.12712247319 
19 -0.130204363072 -0.233090660135 -0.708611898642 -0.884650424214 -1.07495512653 
20 1.11141897954 -0.693097303067 -0.485137028547 -0.300129829977 0.181613324811 
20 1.48026908928 -0.279331468706 -0.281886973688 0.197790171749 0.177991012975 
20 0.0417226934779 -0.399138003756 -0.208300793208 -0.326329857839 -0.238589801991 
20 0.788225402171 -0.764746850326 -0.00441436696572 0.634412525858 -0.0363767279281 
20 1.03836558219 -0.798760482194 0.182829294297 0.326130357998 -0.027260540593 
20 0.908599361111 -0.397332522861 0.0666022510201 0.455685607227 0.0992628583136 
20 1.09633506625 -0.793560992192 -0.352361450002 0.107497085243 0.0796469163243 
21 -0.411420960924 0.653194126177 -0.244327978626 0.434846057297 0.319127794381 
21 -0.401737382737 0.398959413578 0.158012959932 0.0296252298352 0.806475294144 
21 -0.264281134893 0.306807554111 0.0952942001242 0.375797213653 0.557859623127 
21 -0.139181369434 0.0879417308574 -0.270458818464 0.760770191463 0.564088029667 
21 -0.255840862071 0.441455945268 -0.48290751176 0.47615877509 0.278482545965 
21 -0.350026080197 0.688151661096 -0.721311687794 0.418037810752 1.13224552736 
21 -0.742134193676 0.286721387494 -0.0555469569372 0.44772592292 0.490917368845 
21 -0.292697385761 0.19271633354 -0.768352847876 0.646596321434 0.757370089325 
22 0.784914646897 0.218641254459 -0.303389717889 -0.107958638628 0.0409840257744 
22 0.612302275585 -0.107093139966 -0.199684867379 -0.0915432249438 -0.87191535347 
22 0.845304014855 -0.121806934396 -0.193815839187 -0.202578017027 -0.659986441908 
22 0.630188598048 -0.280286966921 -0.316801046186 0.540592471111 -0.175035077482 
22 0.511664653177 -0.0553599845782 -0.0894191403842 -0.356780203591 -0.377234436715 
22 1.32815720698 -0.4296919802 -0.0201808628829 0.790239122903 -0.778295951945 
22 0.976650439757 -0.610532480395 0.0750165002413 0.162627900759 -0.54870459199 
22 1.13878516746 -0.254984246718 0.138621937676 -0.0587971348312 -0.353734750715 
22 0.700067305321 -0.314034877471 0.0110469704223 0.263239669007 -0.326680416137 
22 0.914429275893 -0.225767055534 -0.0808845846578 0.201603912411 -0.449361829349 
22 0.747253654128 0.231561155703 -0.330569956195 0.204456063082 -0.816499306057 
22 0.875618640587 0.0916450464712 0.0957163076638 -0.0536285628218 -0.492360698329 
22 0.825679345634 0.112003784954 0.120289533338 0.130594146603 -0.423385965943 
22 0.572754017683 -0.550182736642 0.016536303733 0.13843433288 -0.348788479297 
22 1.00673748637 -0.0243830255891 -0.238777556937 0.188135407559 -0.196880109594 
23 0.735664272866 0.265610649889 0.096097248422 -0.380009131509 -0.945568118894 
23 0.690296231141 0.321094589722 0.348410366535 -0.664699262798 -0.622274653975 
23 0.416395904598 0.63067500322 0.346799384223 -0.588104311811 -0.400495781965 
23 0.916984714334 0.338936722213 0.23764474137 -0.339997352842 -0.47590110118 
23 0.283959571307 0.235962324648 0.816327424025 -0.27096447028 -0.61498203948 
23 0.474865227081 0.471418839776 0.413694436642 -0.199306735097 -0.455883359751 
23 0.488806745408 0.516340144127 0.124598172162 -0.286126311821 -1.07021117436 
23 0.843866155742 0.537844389191 0.0212744146178 -0.214532461314 -0.664052650416 
23 0.418001682687 0.585442973096 0.683713836889 -0.645558089777 -0.681021990407 
23 0.838862000373 0.672756518999 0.229002854929 -0.685351587154 -0.303334410493 
23 1.0034881245 0.0528686022166 0.0216901924663 -0.720210522655 -0.793518923339 
24 -0.166037831466 0.0674977325013 0.425240162818 -0.852178966947 -0.0478010851177 
24 -0.268029905791 0.0599837946815 0.537701505777 -1.0498373083 0.675120473527 
24 0.0582332102462 0.0998473901541 0.485397048074 -0.531689874712 0.341270370639 
24 -0.261035544133 0.000554049881426 0.64181557136 -0.611255653997 0.333837805779 
24 -0.121600143002 -0.236828458627 0.569491026413 -0.850728292218 0.483010433444 
24 -0.0656238912693 0.190713986481 0.652239500997 -1.08518914602 0.0659959084461 
24 -0.349635896475 0.170653914347 0.772140843915 -0.861696346808 0.283143205472 
24 -0.481896187798 -0.231221654932 0.72271820581 -1.18788447349 -0.0543668339677 
24 -0.111799879017 0.0915096362176 0.235071362148 -1.08983266525 0.501727559696 
24 -0.456506598583 -0.284129740429 0.345013656249 -0.970211790521 0.357625823678 
25 0.22886958373 0.863429449081 0.919802006446 0.468630958256 -0.554727405808 
25 -0.0851941130509 0.789816228865 0.681006688931 0.347318716835 -0.851613308319 
25 0.00369624215892 0.641903207609 0.550178458774 0.744430984733 -0.576103995037 
25 -0.030216568894 1.09010779033 1.0848005254 0.488621800395 -1.05453041363 
25 -0.171998345838 0.919455661368 0.766729015692 0.891315411524 -0.807106626731 
25 -0.635101007065 0.427348082084 0.764818636901 0.891023581129 -0.882551809624 
25 -0.0980369282929 0.468086705439 0.411859647283 1.1640764163 -1.32934972117 
25 -0.165111274416 0.825601255806 0.877590070714 0.30081159861 -0.529316491854 
25 0.523563592383 1.72201062318 1.81243243946 0.165784882184 -0.98644736259 
25 -0.404860773453 0.857662795721 0.850317452041 0.599180763136 -0.780673942067 
25 0.011158619161 1.03256932372 0.267864584156 1.64958909529 -1.11161507984 
25 0.130195119866 0.270503575624 0.69303536168 0.597218834084 -1.11085796376 
26 1.12637318442 -0.913426121822 -1.23597129807 0.114645059807 -0.363082213942 
26 1.21040510949 -0.749025980622 -1.09343879603 0.170201639703 -0.652094059955 
26 1.08485080562 -0.804084779943 -0.963208925103 0.28008264975 -0.130039870939 
26 0.376849964679 -1.21642727221 -0.454755408316 0.117263887695 0.203702088913 
26 0.939741362519 -1.13481913649 -1.33233358106 -0.101237001827 -0.00332529177727 
26 0.671653925192 -0.771788038395 -1.05567045217 0.0789907781768 -0.0723978840036 
26 0.97646161086 -1.04670227497 -0.390221148451 0.239682656862 -0.387113113953 
26 0.896343007833 -1.13449392814 -0.658188800484 0.568414926954 -0.0311160588802 
26 1.24036601936 -0.391864703742 -1.26574675702 0.265474009444 -0.151244547311 
26 0.978212443547 -1.15289691473 -0.668222025441 0.33069732092 -0.381091919361 
26 1.32640921579 -0.917146321538 -1.03860564035 -0.0563267823184 -0.153019167309 
26 1.04284375613 -0.990300102728 -0.824763980484 0.35741089075 -0.403005845183 
26 1.16505806378 -0.606283949829 -0.688967085961 -0.0605200100615 -0.28850109447 
27 -0.349070733346 0.876688710929 -0.503473325526 -0.855474263401 -0.92824276131 
28 -0.693106523948 0.458292334346 0.343087126087 0.432863662473 0.410971145183 
28 -0.854829798167 0.641488836562 0.616263713952 0.843385386294 0.735628113177 
28 -1.22013467927 0.474134816322 0.40668801705 0.272536119841 0.831939837958 
28 -1.37294494252 0.642325269264 1.01090498924 0.965484263291 1.09944063898 
28 -1.20175434527 0.928417355774 0.260792352013 0.684067634359 0.42074019258 
28 -0.474885473867 0.642640098725 0.628868851505 0.815041749108 0.423604046881 
28 -1.05486069627 1.01367843875 0.648321261617 0.661158048558 0.0986228423939 
28 -0.599778199496 0.94103554185 0.525602247349 0.616874096406 0.960372752968 
28 -0.687157436427 0.832914791381 0.443729923598 0.649178913914 0.895377155552 
28 -0.465741533382 0.441199052475 0.358493144934 0.710273329853 0.199754303681 
28 -0.90440560843 0.827755879713 0.185209028901 0.671915572166 0.822355925214 
28 -0.95070765106 0.992661630132 0.696004006052 0.765430514875 0.750375450748 
28 -1.12331555229 0.886523689033 0.582937719285 0.665435443994 0.675506193316 
28 -0.611351206824 0.687074489779 0.745670826018 0.445923056728 0.628882064726 
28 -1.06379697404 0.90683064449 0.526487647738 0.458652064885 0.674872179557 
29 -0.689967177454 -0.573944736275 0.00477432423215 0.0567712054092 -1.3061108142 
29 -0.900246726514 -0.658252077077 0.144677169789 -0.264181875423 -0.692762894042 
29 -1.00860262323 -0.895014186193 0.13921398448 -0.321670424355 -0.919583804322 
29 -0.66917208765 -0.739261010114 0.0494193545736 -0.512088707516 -1.15146854183 
29 -0.817258051363 -0.978114642545 0.163516286945 -0.669851546203 -0.883556085623 
29 -0.981816679371 -0.925158910868 0.123971381714 0.109747627248 -0.6373452776 
29 -0.614404722276 -1.42648361068 0.0505641726817 -0.492081672666 -0.721731925412 
29 -0.961806017482 -1.32101960712 0.0907605536362 -0.0862842559733 -0.638462056948 
30 -0.348179079769 0.339026543724 0.000728046126095 0.0564407390426 0.74247506091 
30 -0.0567304094471 0.065480134644 -0.0903639616145 -0.839539206928 0.426152248828 
30 0.16422516075 -0.230088682322 -0.193329223568 -1.91193107101 0.302916961225 
30 0.275299718028 0.407228953546 -0.317890332959 -0.483381152593 0.673262427272 
30 -0.100444526956 0.376194151246 -0.239284112698 -0.636209896469 1.00805465034 
30 -0.350432708131 0.0974712756259 0.040521970247 -0.585134591685 1.15634691889 
30 -0.0647536347018 -0.0931090883667 0.185298062038 0.188043032308 0.599126644553 
30 -0.616108844828 0.291417589067 0.0309288815481 -1.28876008812 0.613006441799 
30 -0.515064220824 0.529872843547 0.124553828198 -0.170950333083 0.828239455414 
30 0.0309455778646 0.135042723438 0.049574899952 -0.649030131719 0.948166976803 
30 0.772812418853 -0.138699872488 -0.604379346333 -0.247024505834 0.896833877553 
31 -0.9972060644 -0.0738350513493 -0.997802635853 0.55532335886 0.0648622438937 
31 -0.764246411627 -1.11010827307 -0.81140717964 0.546205559374 0.329934373454 
31 -0.851504207754 -0.413804129569 -0.845674568193 1.01309771107 -0.199158566903 
31 -0.939364733192 -0.291065811923 -0.63307372464 0.85838446341 -0.325863495787 
31 -1.37001398612 0.0188068024499 -0.713655424689 1.09132780677 -0.277915709781 
31 -0.937569141089 -0.537246856049 -0.371533892497 0.786024805349 -0.38584426147 
31 -1.16731326274 -0.462475770668 -0.683721190672 0.692629214901 -0.553316710306 
31 -0.937373752843 -0.0965140715037 -0.703167545209 0.807976425973 -0.81848323121 
31 -1.08400475228 -0.253426105806 -0.918683241927 0.823996732232 -0.168737152216 
32 0.220582532135 -0.86080975881 -1.16507425809 1.08362076448 0.137634848761 
32 0.889261212459 -0.55761591304 -0.681950731663 1.28524231823 0.563704751515 
32 0.612184815123 -0.648005161546 -0.90100462733 0.601734471483 0.0610083443076 
32 0.171378831788 -0.633996216637 -0.673352835245 1.27294145442 0.349769929075 
32 0.418015132133 -0.435832188551 -0.847738049391 1.45970988258 0.783083053262 
32 0.503113246694 -0.283721723386 -1.46535641143 0.802316876854 0.182165456852 
32 0.363037093644 -0.578811976102 -1.06573714686 0.877760257037 -0.0871503356956 
32 0.268084046111 -0.75290551814 -0.918217388024 1.25522657037 0.327284637081 
32 0.636897314744 -0.340771175718 -1.10844746049 1.28196968121 -0.121436334078 
32 0.00648129335575 -0.23034569002 -0.951130190126 0.53268822985 0.022760012839 
32 -0.345648648104 -0.343659938594 -1.27108240465 0.888085455078 -0.113960965544 
32 -0.0195463385382 -0.524667346932 -1.02732890713 0.853260291162 0.738172964405 
32 0.24765818298 -0.459195366103 -1.38885202282 0.894364917126 0.232940041051 
32 0.433125620445 -0.762516788298 -1.0611239169 0.699745389335 0.0891505385635 
32 0.104168428453 -0.380064573285 -0.815786885855 1.27586469444 0.618594866 
32 0.198281960037 -0.0958518498938 -0.434496390395 0.764100109694 0.146783113682 
32 0.153501412499 -0.491456663185 -0.783097317778 0.965520875195 0.58342169658 
32 0.0796446741546 -0.60050322416 -1.22893648085 0.839564705832 0.175032570118 
33 -0.865377251828 -0.023896102979 1.01540525973 0.533504392151 -0.336967098299 
33 -0.648491916999 -0.0439216409338 1.35248231511 0.938737710688 -0.736791195323 
33 -0.942628615853 -0.0746373141025 0.920251851536 0.364420892326 -0.492128749943 
33 -1.16616190046 0.131622779858 0.944048027503 0.804229823854 -0.543284748422 
33 -1.40164971594 -0.475026989531 0.957079491507 1.39854725999 -0.290797382683 
33 -0.731187438709 0.145348318929 0.672484546806 0.530264133867 -1.14380991928 
33 -0.970870997053 0.170310631129 0.965960414159 0.445334828581 -0.737322923833 
33 -1.14047591651 -0.116818158722 1.04091546567 0.84652019668 -0.459283705254 
33 -1.25523018383 -0.0597055802939 0.952720393167 0.899668308904 -0.930710003613 
33 -0.860874923095 -0.259540379498 0.692339665707 0.998422351635 -0.56678846717 
33 -0.652865499826 -0.426069396938 0.720185307713 0.987403832467 -0.520266577475 
34 -0.550016676633 0.203180288626 -0.419184295603 0.378657673154 -0.409165124263 
34 -0.262702153639 0.133897476447 -1.38752356094 0.523797816333 -0.536456510641 
34 -0.55859546035 0.23010160772 0.218322134288 0.871486101416 -1.15904809685 
34 -0.986603695713 0.714749386925 -0.507341694531 0.246055358848 -0.475336515029 
34 -0.770385049069 0.370085430801 -0.372890353973 0.469138068921 -0.497834850915 
34 -0.605364923598 0.713830221873 -0.748062306642 0.235791431461 -0.49489206972 
34 -0.509569990954 0.773496844639 -0.976178095665 0.600952425385 -0.203012222384 
34 -0.784589720526 0.46159760439 -0.485849693183 0.367185719138 -0.91118307832 
34 -0.573067397455 0.611621546115 -0.410361914398 0.399040359165 -0.635372946981 
34 -0.682084273398 0.997700851378 -1.11394419332 -0.379679072072 -0.364019435286 
34 -1.37913460472 0.768209653975 -0.620422565043 0.610612315305 -0.496815099912 
34 -0.510059741383 0.601772539956 -0.698918130528 0.670741826119 -0.930534793772 
35 -0.773366644554 -0.163449541769 -0.522857716163 -0.887460416223 0.775179234287 
36 -0.626491008976 -1.23191709612 -0.377930073372 0.178914567131 -1.21651441219 
36 -0.104306815164 -0.670567141688 -0.603425797926 0.29575823263 -0.778226487175 
36 -0.646055684437 -0.309569694659 -1.11488433299 0.682996088177 -0.610377959853 
36 -0.579968864929 -0.781641376048 -0.559867484986 0.946317849419 -1.16983095815 
36 -0.375192950976 -0.312764800155 -0.823138605609 0.456201382389 -0.992689471751 
36 -0.282937482821 -0.721084956698 -0.274192830575 0.525723430035 -0.782162197074 
36 -0.406459365605 -0.421672581584 -0.16900829055 0.707272295484 -0.790422360891 
36 -0.396647604001 -0.885013449438 -0.535720348321 0.671946741351 -1.02419059849 
36 -0.63934820511 -0.211791665331 -0.472091094688 0.709047197304 -1.4081393185 
36 0.13131094535 -0.324908415161 -0.505617748878 0.39508309902 -0.555405562188 
36 -0.396994304256 -0.549366197362 -0.650948091374 0.451301824594 -1.07407160261 
37 -0.244355214587 0.00474690921396 -0.751306462115 0.75743110052 -0.113413175811 
37 -0.254644249951 0.345124156492 -0.923736711696 0.52830678408 0.151236952346 
37 -0.724601550858 0.14460365264 -0.343087665369 0.48083068446 0.426954854502 
37 -0.356001611576 0.469544165853 -0.980016439022 0.59301832219 0.38270917783 
37 -0.307764949763 0.350020290277 -0.569208653142 0.340403768598 -0.212072082387 
37 -0.297355902418 0.399413048627 -0.888498890353 0.733189343773 0.481898879631 
37 -0.0307549118282 1.1311942776 -1.328895845 0.414658100438 -0.124290643256 
37 -0.506836583362 0.423085244308 -0.893959281409 0.934949966162 0.319604427031 
37 -0.0650193474021 -0.00606498414933 -1.19715345843 0.351450898957 0.154624436396 
37 -0.442007630206 0.536549036568 -1.18834930539 0.00315562279484 -0.20594445982 
37 -0.174211659651 0.165369554192 -0.656457688966 0.317560947727 -0.171158039364 
37 -0.305403038825 0.241070433318 -0.763433323477 0.688289641819 -0.0011225378829 
37 -0.542209048677 0.490055721547 -0.912782323171 0.640904625091 0.337654042975 
37 -0.539219431322 0.00878007327067 -0.917193701591 0.750838534729 0.534226820777 
37 -0.254204146517 0.334917012085 -1.20152316298 0.638371903107 0.244623013711 
37 -0.0398609567012 0.33860262211 -0.744529996258 0.587324521266 0.0888919498337 
37 0.0883424588233 0.29654442661 -0.836209846801 0.49519523683 0.0740880023145 
38 -0.127998457206 0.0863347191878 -1.27575331841 -1.11278308533 -0.00989251142756 
38 -0.240559139787 -0.376399971923 -0.616246199625 -0.636854948196 0.120767468364 
38 0.186743861559 -0.121505375223 -0.265649811033 -0.748985268415 0.266300931752 
38 0.0505004001618 0.00889538587072 -0.626628954729 -0.996092067871 0.0495077599574 
38 0.175672161402 -0.464472123741 -0.270359315387 -1.11392046454 0.130877668471 
38 -0.268117515537 -0.0430962755927 -0.643490580218 -0.618781280438 0.29520015215 
38 0.032649099483 -0.346545025899 -1.04236183496 -1.28336235487 0.188221052319 
38 0.0174544601177 0.136872759434 -0.334197541337 -0.773980432189 0.0947558734483 
38 -0.355860688106 -0.301837781833 -0.407090342093 -0.515780891533 -0.280489742152 
38 -0.327010397803 0.00718822808859 -0.668048290164 -1.02754656648 0.454632796931 
38 -0.452749456533 -0.266621994065 -0.30433958894 -0.321533145938 0.268307927867 
38 0.0823484054094 0.680821482675 -0.615844998222 -0.389040425662 0.241164882652 
38 -0.0402691719777 -0.426864255588 -0.562977472196 -0.642943433401 0.232214497031 
38 -0.30012235794 0.0462593453096 -0.376261978866 -0.605957276666 -0.173032181236 
38 -0.0849290778488 -0.433632981427 -0.373625090851 -0.748930924613 -0.0281926435172 
38 0.109344568019 -0.50540139969 -0.376001183463 -0.496863868562 0.235285149841 
39 0.0473404155263 -0.0798421855177 0.546673029235 -0.0492866329273 -0.470195376558 
39 -0.0923053458899 -0.322739370033 1.04205366013 0.356820984313 -0.82370272372 
39 -0.215406407961 -0.480681801113 0.869719421007 0.0280250847984 -0.683678173603 
39 -0.220919309536 -0.386935806617 0.756751018753 0.649112437803 -0.463178904184 
39 -0.187655411325 -1.00890169124 0.882525893013 -0.0187341089862 -0.648315804118 
39 -0.476598565761 -0.591329286566 0.766664000001 0.0926082708891 -0.486394355788 
39 -0.758968642066 -0.483739128421 0.097903617135 -0.0291326132987 -0.983369917851 
39 -0.260758137812 -0.395514654262 0.55696588099 -0.137773503313 -0.419980203278 
39 -0.380418152183 -0.565567572153 0.347413292875 -0.0294374270837 -0.819162451844 
39 -0.176104371724 -0.430456795277 1.0345991195 -0.309291664479 -0.819587409145 
39 -0.195734568908 -0.787590109826 0.820697186939 0.113831220631 -0.885550900956 
39 -0.421665730338 -0.738233711845 0.782458331985 -0.230715596844 -0.527845355104 
39 -0.166557412922 -0.774776583882 0.777713065835 0.0343489100422 -0.674656112418 
39 -0.452569115296 -0.565812935805 0.852744302392 -0.128225559608 -0.728483723194 
40 0.111099002624 0.476137972635 0.87973098798 0.235600527098 1.21736127363 
40 -0.235156707231 1.19946857543 2.05231111791 -0.542027542396 1.7671602446 
40 0.0111842111394 0.883468228058 0.748528260158 0.0504066041615 1.21585952088 
40 -0.232568337347 1.05534768494 0.585243691156 0.129189330673 1.17157926323 
40 -0.366354908518 1.3280970657 1.67911720733 -0.127526089664 1.41214786766 
41 0.0243532094862 0.126782279067 -0.39119802105 0.671195894383 -0.185206884711 
41 -0.275953344835 -0.128751994313 0.174308212002 0.365753984755 0.148416262523 
41 0.118493318214 -0.160191356452 -0.423521658171 0.78951734241 0.0176871097178 
41 -0.422977025882 0.0877040990583 0.0645398773202 0.614941529836 0.204672481842 
41 -0.360432691572 0.0619956626577 -0.383904203141 0.577735707497 0.16651924857 
41 -0.141566512717 0.353335724094 -0.156521432525 1.09568004293 -0.385386161972 
41 0.0561648927227 -0.0718260152803 -0.160530374733 0.0464100445202 -0.179142097501 
41 -0.0400009222911 -0.147446003377 0.0490047628934 0.45075593372 0.285527441214 
41 -0.341544615675 -0.0845874327401 0.253215400213 0.769730847625 0.0249865817411 
41 -0.174261591798 0.320433077135 -0.240816920303 0.518944110187 -0.0353495062861 
41 -0.664313418636 0.0841004553061 -0.411837538268 0.623370815055 -0.118880757243 
41 -0.242346034712 0.172687800952 -0.102741562563 0.461558125447 0.0034476985749 
41 0.0469260771267 -0.337041281131 -0.130809043533 0.918484263135 0.147969610647 
41 0.125623098316 -0.324252400255 -0.330569119405 0.382146335026 -0.172390478738 
41 -0.152004616829 -0.402725600293 -0.260605822898 0.510031429783 0.528684181551 
42 0.560119494457 0.156798113472 -1.05349042789 -0.662765962259 0.105553819492 
42 0.678455886683 0.392775588963 -0.781061515894 -1.17538893768 0.804187529253 
42 0.485838842938 -0.0979115232247 -1.27298704553 -0.505767564955 0.334649372891 
42 0.434045943133 0.28526584705 -1.10459108531 -0.812079825657 0.949876700278 
42 0.325611517643 0.136895512948 -0.863767426705 -0.340526155781 0.583637262151 
42 0.441746218504 0.182018402628 -0.637737299775 -0.610941411486 0.881571249028 
42 0.0282255702701 0.0351879045918 -0.550080334527 -1.28116838372 0.307532608451 
42 0.578790704927 -0.00255035463435 -0.68204552889 -0.42895631566 0.303869081585 
43 0.615304780184 0.217401170319 1.08323015993 0.162164944139 -0.132034646808 
44 -0.160530647934 0.181461167572 0.88512839666 0.364323549569 0.193029731475 
44 -0.344299815808 0.111277975928 0.458697335214 0.821466172707 0.0494321895107 
44 -1.08832174599 1.19251471142 0.419085059267 1.21276132623 0.154687132447 
45 -0.326825088317 -0.0667626644191 0.303832223468 0.712882581579 0.416471360256 
45 -1.28934021032 0.129480754673 0.937245385275 0.456008156933 1.14051930969 
46 0.802222310016 1.87908687036 2.32762140734 0.224572848165 1.13913493676 
46 0.628715693327 0.807198883327 0.782868780288 -0.486414486516 1.24305972023 
46 0.242672728114 0.9142935754 0.47527892029 -0.258171562806 0.932906533031 
46 -0.0568407783652 1.27441647088 0.702224180526 -0.454994282416 0.856545331677 
46 0.0894504827543 0.989526148914 0.98539865402 -0.59654296827 0.753352116654 
46 -0.0210697469505 1.00796982292 0.612511677279 -0.537271102759 1.07944908424 
46 0.422717197115 1.09878740834 0.712354985428 -0.418603882676 1.24780476103 
46 0.0399043704181 1.37016754062 1.12424327139 -0.712124233207 0.876054329452 
46 0.670605273404 0.842757995765 0.895528325947 -0.375956591245 1.26054801512 
46 0.0708447498124 0.716898391537 0.705914575279 -0.426546036255 1.04248078228 
46 0.114574258072 0.506441723211 1.09938832653 -0.339414323183 0.870372474666 
46 -0.263624573802 0.854036756461 0.425408602854 -0.82302760499 0.56972784117 
46 0.346319594277 0.545569831009 0.744118216697 -0.110349944973 1.11323683627 
46 0.483118418824 1.29934699723 1.17495661681 -0.596488067966 0.697008165438 
46 0.322639770969 0.769489921357 0.594987839021 -0.426076428086 1.22956153015 
46 0.273979102827 0.660006224386 0.901004168752 -0.416299050112 0.958289276832 
46 0.308083996718 0.976632087245 0.708041319489 -0.771931071471 0.857392609662 
46 0.370215236666 0.916294199967 0.53371111393 -0.326320671046 1.22750104268 
46 0.370013404733 0.809408901184 0.737723140219 -0.536681570837 0.809161125528 
47 0.481020355623 -0.642979566284 -0.583344763489 -0.876290478107 -0.881798045218 
47 0.848783685303 -0.803145138419 -0.253144863479 -1.48718327158 -0.503344437266 
47 0.471873690346 -1.28309337431 -0.538191599668 -1.01859208726 -0.287318314695 
47 0.708222585501 -1.04778101632 -0.53563415703 -0.899938079356 -0.537530637983 
47 0.829520863039 -0.740220086128 0.18453646186 -0.184416280065 -0.791520365349 
47 1.43246882799 -0.683910990383 -0.411830590657 -0.4888848635 -0.281022384523 
47 0.122357973686 -0.772242824141 -0.315482309203 -0.762953454064 -0.784928135072 
47 0.583435051637 -0.774608526607 -0.131266857673 -1.22117344487 -1.20931010131 
47 0.762900215551 -0.444640437116 -0.88921941868 -0.584600659985 -0.573230232573 
47 0.347085244003 -0.700648476871 -0.239006101495 -0.602988381602 -0.398990397455 
47 0.119821139246 -0.950994644054 -0.586718481549 -0.907156904832 -0.63724586695 
47 0.245794962498 -0.606765990667 -0.282072388369 -0.955777060929 -0.473434577267 
47 0.666268815041 -0.741985601776 -0.912208771173 -0.703834901586 -1.0470085432 
47 0.878720319105 -0.60910899356 0.0137151698432 -1.11044638631 -0.553146776936 
47 0.616295111682 -0.584063748132 -0.434407962019 -0.956970461287 -0.472435258031 
48 0.471574404615 -1.13670853399 1.11663732145 -0.301548704018 0.692188076442 
48 0.216902581399 -0.80267314134 1.08893541587 -0.0834144786546 0.69145676868 
48 0.704505893212 -0.847459877398 1.16948050835 -0.424464855564 0.702222648368 
48 -0.136749443741 -0.650299981883 0.80576364658 -0.497603573205 0.466479501738 
48 -0.158402180017 -1.17859990333 0.811738852648 -0.210889090437 0.8714392655 
48 0.283379076725 -0.69227562092 0.594615920695 -0.491287383376 0.26100238994 
49 -0.484703476593 0.512038043612 -0.627453364264 -0.418186027393 -0.450395105122 
49 -0.448117124431 0.30369219758 -1.61502197353 -0.285861018568 -0.760336671938 
49 -0.525427609782 -0.0570771539058 -0.455124900917 -0.0210982889594 -0.318111621576 
49 -0.826109316357 0.158038636962 -0.735251983306 -0.185514764474 -0.518227184765 
49 -0.39337127156 0.471666140523 -0.834165610428 -0.31230432755 -1.26607090353 
49 -0.995113623427 0.171479968168 -0.595259215337 -0.31965435166 -0.634307071953 
49 -0.586220600035 0.531960649468 -0.951732154343 0.0110710302589 -0.59737316733 
49 -1.11335405436 1.21846892815 -0.791243359427 -0.451819993976 -1.00844412438 
49 -0.649943592405 0.135609055661 -0.934168520903 0.135901193484 -0.242304712215 
49 -0.902517837427 -0.0594226099804 -1.03093337155 0.194134188002 -0.670688827399 
