0 0.40255817265 -0.446258703264 0.624554753533 
0 1.02386233246 -0.396037539989 0.524002249597 
0 1.07402824558 -0.717384613076 0.496516637954 
0 0.593259048263 -0.452391063681 0.658041914893 
0 0.903874240606 -0.305418862304 0.711722150819 
0 0.679965578 -0.188976656053 0.754777624758 
0 0.934277847403 -0.35735024557 0.383817354557 
0 0.820775679126 -0.53172741143 0.720614578586 
0 0.604880911758 -0.709632288055 0.275054755701 
0 1.06924794903 -0.543344534942 0.822998773081 
0 0.780059396854 -0.280460642848 0.808823308231 
0 0.962678943522 -0.608047751224 0.871641591683 
0 0.72187298047 -0.738934680635 0.808648667151 
0 0.230736933598 0.0826339682175 0.427166812239 
0 0.608571140315 -0.399688030083 1.0303691361 
0 0.695061611673 -0.635881736958 0.716504008194 
0 0.93906296735 -0.521648207208 0.453299936429 
0 0.537814676262 -0.281157535928 0.471838777043 
0 0.39949742347 -0.621881788615 0.333411552614 
0 0.743745290147 -0.577853168981 0.455240282058 
0 0.671556522896 -0.146240975476 0.473580764265 
0 1.02473529282 -0.511520058066 0.571928695963 
0 0.622128300224 -0.372186565516 0.558669212995 
0 0.83455372115 -0.540522677821 0.2221479771 
0 0.643929343905 -0.265137858384 0.617279282578 
0 0.146453613206 -0.50567003763 0.275815608867 
0 0.44942552399 -0.613095857965 0.718743217444 
0 0.305664342201 -0.0563520374295 0.517778151703 
0 0.608684627127 -0.164720215135 0.417669804196 
0 0.957961891186 -0.248348991443 0.757469693535 
0 0.578938021008 -0.413550453916 0.642396726498 
0 0.750658537992 -0.599638360259 0.535374717188 
0 0.738240292235 -0.220779152558 0.512969739233 
0 0.598583369335 -0.453406874048 0.402461860643 
0 0.382143076606 -0.567281807918 0.503099371573 
0 0.52572475802 -0.589911771778 0.313307705456 
0 0.74969278936 -0.442278292341 0.0404559072017 
0 0.804504981914 -0.654304453359 0.298929601665 
0 0.0348105688995 -0.393922204034 0.864550025736 
0 0.798979150855 -0.32940657419 0.53720134213 
0 0.808246783632 -0.0787779106985 0.74583325782 
0 0.432161068758 -0.160741898296 0.55368789976 
0 1.04302060493 -0.465188076913 0.908925273575 
0 0.379071617666 -0.769649875875 0.164032577629 
0 0.540071576518 -0.48242144388 0.584405127457 
0 0.729850728434 -0.470927098639 0.531413320828 
0 0.979616504488 -0.220934167934 0.31782346492 
0 0.520873658593 -1.00371902195 0.664455880489 
0 0.469960333622 -0.336885873714 0.885433993104 
0 0.89528369893 -0.0135786728127 0.752845138031 
0 0.623092573725 -0.00552420361497 0.377677955293 
0 0.438571897361 -0.491223388535 0.450205186989 
0 0.448958979105 -0.165942995666 0.503821398893 
0 0.892364672099 -0.442086171936 0.467358302319 
0 0.419344154663 -0.0958104816343 0.911721134959 
0 1.02898450054 -0.439836797258 1.07611028206 
0 0.81506275863 -0.284964553337 0.328210234756 
0 0.84105127523 -0.369417616245 0.706201000881 
0 1.18699661121 -0.467845745677 0.278608704464 
0 0.649648956671 -0.261116839022 0.366306897179 
0 0.568306420769 -0.214465381175 0.291806886347 
0 0.556140601301 -0.532426559348 0.519859941608 
0 0.663020339813 -0.166983056176 0.335553455951 
0 1.07934853829 -0.393299685164 0.352095243635 
0 0.813710751386 -0.504057336468 0.556412874372 
0 0.720107547904 -0.42007742811 0.601663306497 
0 0.517621211931 -0.606127836706 0.553854331619 
0 0.774968234746 -0.321425220065 0.587939494522 
0 0.381219362873 -0.250943756932 0.515287932881 
0 0.77346179044 -0.517110352331 0.929925499108 
0 0.558143164818 -0.291857903878 0.554038558037 
0 0.788522781552 -0.397284023494 0.38008381796 
0 1.00033984522 -0.131719091049 0.363223374329 
0 0.213234706201 -0.725495079383 0.884919143615 
0 0.580012526832 -0.282050658472 0.0844040647677 
0 0.547177220307 -0.220806656337 0.459497251301 
0 0.827168510695 -0.489726558449 0.799529726729 
0 0.662233528534 -0.556044991073 0.56020107834 
0 0.73273571987 -0.192841637614 -0.0544780752629 
0 0.773442675981 -0.390091652025 0.629128904377 
0 0.951671986486 -0.726152954334 0.507979592313 
0 0.621879254749 -0.170632207068 0.456981311639 
0 0.787697926041 -0.0692277665769 0.559288561793 
0 0.434059727144 -0.514051605162 0.266425497132 
0 0.646014499394 -0.478918587503 0.390209164152 
0 0.727920337425 -0.277619505188 0.58157582028 
0 0.471157999232 -0.621762343948 0.40451819093 
0 0.733273558643 -0.497121056327 0.0772054711893 
0 0.501796570131 -0.980461811463 0.539387312793 
1 -0.00558431530034 -0.891193519123 0.276726736906 
1 -0.231259796829 -1.52303086667 0.757379316103 
1 0.00304949130711 -1.01514760865 0.343935250347 
1 -0.0601678149222 -0.887157507357 0.4148007888 
1 -0.329961680219 -1.22563641856 0.373323392364 
1 0.201980021534 -1.05360406875 0.714164717487 
1 -0.0915629026243 -0.650193708769 0.209423333427 
1 -0.0183341414761 -1.17884621109 0.352354628738 
1 0.194642175985 -1.16682226911 0.64802319025 
1 -0.105635475491 -0.946227054025 0.0846508142234 
1 -0.129130864903 -1.33527053766 0.139232709598 
1 0.00765017637682 -0.939533354692 0.781285342445 
1 -0.248961048614 -1.27022576904 0.649308165662 
1 -0.152036480649 -1.10175546498 0.270822077613 
1 0.00402481128502 -1.32209564186 0.871133431967 
1 0.0132692640296 -1.00470739696 0.496832856313 
1 -0.227435514354 -1.3562428538 0.556616139849 
1 -0.200477158514 -0.887173766609 0.564423493977 
1 -0.284495255779 -1.09825985387 -0.0565606166805 
1 0.229955170787 -1.11613200045 0.772109317741 
1 0.0230316013529 -1.20332558408 0.41625752247 
1 -0.185273344076 -1.40849361162 0.654925293198 
1 -0.261468520221 -0.687054367746 0.286023002311 
1 0.31514892228 -1.14055486871 0.586338312606 
1 0.0437947854493 -1.19851327514 0.430250311152 
1 0.0414160134157 -1.21721989799 0.219149820055 
1 0.017320968856 -0.774444930366 0.708234114 
1 -0.238616521208 -0.955750117662 0.485515642527 
1 -0.396136299135 -1.31539497109 0.712110330133 
1 -0.190996515671 -1.20028596092 0.312887456706 
1 0.0322855892022 -0.800055998699 0.407190675211 
1 -0.100607474372 -0.71642652538 0.172646557581 
1 -0.260023873241 -1.04330327542 0.0550454581177 
1 0.024349393096 -0.735209412007 0.651841373518 
1 0.244763677187 -1.20235891097 0.650208474456 
1 -0.311613479293 -1.25144814697 0.204831932665 
1 -0.342705615011 -1.46932225055 0.611420548062 
1 -0.299351786514 -0.942304339737 0.65550619069 
1 -0.0352073207714 -0.826929759415 0.290802470709 
1 -0.135405262138 -0.881186405145 1.00719422456 
1 -0.470259642918 -1.34677612942 -0.0266392656298 
1 0.0678653540968 -0.893413626144 0.556081421115 
1 -0.149611577805 -0.999163300798 0.488860716774 
1 -0.0469535404969 -1.26401866176 0.442087188181 
1 -0.031410029896 -1.38067750853 1.12469884873 
1 -0.240957622116 -1.25244016984 0.629650725791 
1 0.334643283245 -1.30295883968 0.570210701218 
1 0.0899381736483 -1.25719531762 0.70415765449 
1 0.159327557907 -0.501929447302 0.411272062612 
1 -0.324704735162 -1.00050199419 0.61966412673 
1 -0.328787166722 -1.04689006049 0.503490117329 
1 -0.159212135545 -1.2801911464 0.715323034075 
1 -0.0137306813196 -0.875700134443 0.311938547185 
1 -0.155826261298 -0.835875417188 0.126187678893 
1 -0.292374787124 -1.02684835099 0.524853749237 
1 0.205692380151 -1.25841492157 0.543049288182 
1 -0.305487766499 -1.32303839864 0.142215327215 
1 0.0732767087457 -1.19145970993 0.546369263698 
1 -0.197365970214 -0.755283155889 0.499392034837 
1 -0.0584107172995 -1.15166387436 0.373433886593 
1 0.340079009912 -0.727066596434 0.633279008193 
1 -0.210512420027 -1.07599659086 0.946833484576 
1 -0.0119825204316 -0.881149740808 0.506035149452 
1 -0.446971616522 -0.803730906598 0.868859671421 
1 0.0537050966178 -1.11564658198 0.181807930103 
1 0.307385155621 -0.722397785031 0.549755601423 
2 0.918592579855 0.360684834207 0.0375417586099 
2 0.905625873617 0.790858454296 0.253891572555 
2 0.933926778728 0.659429424086 0.347376897284 
2 0.87044097882 1.0097624127 -0.0271534565071 
2 0.395985405978 0.440493507819 0.316885465452 
2 1.00455876183 0.864477284208 0.212428892609 
2 0.47332279493 0.995983620365 0.106921477988 
2 1.03648965261 0.913804572136 0.369370574128 
2 0.788848461269 0.979462924924 0.00412081781804 
2 0.833296983414 1.16276932134 0.0472089075794 
2 0.745259505016 0.645076009735 -0.000457875817817 
2 1.30081214686 0.745805695103 -0.0463051005733 
2 0.65102701265 0.592683922588 0.222397751483 
2 1.15243271076 0.879954510389 0.421719747286 
2 0.718517075513 0.957911290659 0.0214824544989 
2 0.798539995102 0.683088306566 0.315846766453 
2 1.10357718945 1.43296512409 0.409380782231 
2 0.80644130988 0.892480247206 0.503009900496 
2 0.850683873523 0.829038846757 0.0749223827404 
2 0.921402552296 1.17313299149 0.431195371118 
2 1.00392566863 0.780959869087 0.167626646653 
2 1.03100437712 1.02985953066 -0.0700714504809 
2 0.990607719932 0.75560157612 0.373942321526 
2 1.08433231153 1.04836429828 0.140105894855 
2 1.13393778914 0.832977079836 0.135758054494 
2 1.28661935499 0.967772877185 0.160049054637 
2 1.01350059882 0.863022800665 -0.057539116169 
2 1.35845999571 1.18872081967 -0.206562613729 
2 0.668102258803 0.915807236084 0.299443704635 
2 0.565749753172 0.651276501931 0.38858698692 
2 0.868619498671 0.847543583063 -0.18366654656 
2 1.05633020088 0.997541144919 0.23514060382 
2 1.09288900138 1.24100428893 0.438749851051 
2 0.647543517386 1.25514510787 0.166456314244 
2 1.00004252821 0.993678509745 0.0435297597994 
2 0.897379615869 0.951415574858 -0.0435727020762 
2 0.630844658594 0.969339029053 0.137287016034 
2 1.11700835272 0.923052547771 -0.101923493353 
2 1.17026792136 0.659848270348 0.119114416174 
2 0.875088958392 1.26192649219 0.213286663558 
2 1.0113298606 0.856710209879 0.29395220259 
2 0.586591014866 1.34299807555 0.0369964138677 
2 0.999860991508 0.721931860604 0.191556245527 
2 1.17214813386 1.15934677691 0.17909655208 
2 0.864276260079 1.1975209151 -0.202667286682 
2 0.753759000852 1.02382091615 0.382738242596 
2 0.717013274101 1.11760027766 0.171028081781 
2 0.742850899532 0.771071772164 0.104968030375 
2 1.22336394504 1.12066784639 0.370199544193 
2 1.11332696793 0.752516016815 0.278208678467 
2 1.05919630208 0.737905481836 0.114400198659 
2 1.38939141911 1.16650998549 0.499257063918 
2 1.07982279392 0.537608381823 0.488887813353 
2 0.502457525837 0.998656395479 0.00722488891983 
2 0.836178494275 1.14202699742 0.43067672366 
2 0.479886159525 0.878863385873 0.365648557928 
2 1.05660549382 0.683071209104 0.103379720408 
2 0.901416680069 1.15746537914 0.203655986553 
2 1.11955353537 0.709783246543 0.601440411551 
2 0.945805792053 0.811067747347 0.0479907112181 
2 0.742520771312 0.649577838375 0.0128483358523 
2 0.725244617958 0.860464244676 0.248807746087 
2 1.1009899131 0.756774623486 0.550306222904 
2 0.649664592697 1.11031145422 0.0424443273609 
2 1.10018177248 1.21075223508 0.107461662008 
2 0.824053429789 0.660096202549 0.629805639846 
2 0.768731131487 1.23667090984 -0.0110194122296 
2 0.60407058901 0.543621980611 0.00466582423802 
2 0.738080136266 0.808552895385 0.182949954292 
2 0.793402817255 1.08835233818 0.218613574792 
2 0.840249376836 1.09167396509 0.126323153814 
2 0.874997008215 1.01113683897 0.0839044853511 
2 0.989857873333 1.01687492117 -0.165350625681 
2 1.1761864557 1.04590012259 0.106811313817 
2 1.17186103181 0.535232729821 0.0388464128355 
2 0.779907036973 0.826998638686 0.297910613877 
2 1.15699246821 0.972492526145 -0.24677191967 
2 0.701234087737 1.12762406308 -0.0715815795018 
2 1.07750276802 1.18369590567 0.581882442764 
2 0.873540115486 0.75558462595 0.488600683417 
2 0.923845359245 0.927818547029 0.0302903823909 
2 0.753141635282 0.937951394009 -0.00978229437559 
2 0.883979192541 0.632124566197 0.432400619948 
2 0.911885644868 0.946263519751 0.256213291258 
2 0.975689545959 1.20077027573 -0.010023956896 
2 1.0547746789 0.763299391017 0.0507045885919 
2 0.871447847465 1.02907885145 0.360733644356 
2 0.856550505632 1.13389791731 0.68510078777 
2 1.12109584209 0.929020063501 0.243779258714 
2 0.84642378205 0.94783255839 0.366542760802 
2 0.686527063599 1.36351915384 0.00598444974386 
2 0.264628662286 0.789318951427 0.142984618958 
2 1.09398438163 0.728366687386 0.224732188118 
2 1.04132424675 0.702223437446 -0.0497154664557 
2 0.667905816556 1.19036894811 -0.443525524638 
2 0.723856552476 0.891989326001 -0.218853983736 
2 0.798649743193 0.893638280322 0.0801666073075 
2 0.769678198611 0.743399366964 -0.130686925484 
2 0.88402937689 0.929610310055 0.136912123812 
2 0.769748432921 0.859922592533 -0.176149503109 
2 1.24862584192 1.235463501 0.219453250776 
2 0.894339303106 1.17272976631 0.069162303882 
2 0.898726778463 0.527487433485 0.287694019423 
2 0.551213092855 0.984295098037 -0.0391880660506 
2 0.959772999098 1.0664048601 0.084844287012 
2 0.666569250155 1.19229177568 -0.0293196412021 
2 0.960643500535 0.9209724552 -0.0470337673342 
2 0.617790334848 0.966805828464 -0.11868714727 
2 0.614190214786 0.677758825184 0.297086977305 
2 1.15670014961 0.744195223841 -0.0382461259807 
2 1.03911876935 1.06635868016 -0.056068325324 
2 0.619496490549 1.06379895421 0.475703431372 
2 0.656317921184 1.00705588843 -0.177870385016 
2 0.906514723973 0.645365554566 0.313344619593 
2 1.17385373227 1.17526375189 0.4430967589 
2 1.03880810059 0.96685956823 0.40443737282 
2 0.868351199308 0.70563829244 0.292174682779 
2 0.773841779636 1.44436005943 0.244812011745 
2 0.949775738682 1.03992486932 0.282592140759 
2 1.07825831065 1.13857317951 -0.162354659362 
2 0.996504411099 1.03855471258 0.216675522022 
2 1.10956644661 1.04017638119 0.320402188011 
2 1.24721958811 0.953028324335 0.0393546553766 
2 0.920534405659 0.740015566225 -0.201016528539 
2 0.990975764961 1.24294499846 0.0932390347002 
2 0.910533395528 0.919023209169 -0.15141746795 
2 0.625873518661 0.886947586961 0.0286886506164 
2 0.795292485124 0.615980312237 0.303381332927 
2 1.17935478873 0.82678158702 0.158362446477 
2 0.512086238641 0.803878791017 0.0405561330625 
2 1.42313556424 1.2072549806 0.723789968092 
2 0.430556391075 1.07671645409 0.266617195898 
2 0.640537103346 1.15981845661 -0.0631378889276 
2 1.03707680535 0.930739976522 0.22161792548 
2 1.29558976159 0.741154128031 -0.045391812812 
2 0.940870589047 1.18323404882 0.349370073569 
2 1.26942846785 1.13315580943 0.226658346 
2 0.908748103689 0.99837928028 0.108288997342 
2 1.12621872406 1.20650802239 0.301878320949 
2 0.62036624368 0.215061073949 0.353941222635 
2 0.901681148127 0.64900881181 0.137217577086 
2 0.692657883698 1.17370026324 -0.110012710444 
2 0.547272575966 0.95966124886 0.585001339022 
2 0.736575622646 0.617853572245 0.468149688428 
2 0.874610756238 0.659062090834 0.106101629751 
2 0.891568768396 1.12827335546 0.0286612438856 
2 0.768512475463 1.26599239259 0.176733127206 
2 0.913198605575 1.26154109854 0.271374410435 
2 1.05523154333 0.504138714512 -0.259870322754 
2 0.346281613884 0.796474563201 0.0947417644413 
2 1.11278909634 0.993223142256 0.123500027202 
2 0.980780169924 1.33019276533 0.0059845294351 
2 0.958130808453 1.29360496782 -0.256022389427 
2 1.06691126979 0.773552631677 0.175208656097 
2 1.01690850374 0.866930891956 -0.124462838507 
2 0.84298263772 1.10135694139 0.213571108374 
2 0.805835222222 0.845060028258 -0.149290609344 
2 1.24320119628 1.10900573986 -0.0394917304897 
2 0.736093580713 0.984811975679 0.785142773301 
2 0.675182900196 0.999577471731 0.100853136957 
2 0.773972270448 0.897503369847 0.333792521791 
2 0.779077895488 0.536970667245 0.548237105452 
2 1.00720203054 0.622077548046 0.352125618527 
2 1.00295565154 0.967107200681 0.561291608691 
2 1.3943690913 0.944420793399 0.402335689044 
2 0.95109642592 1.01814653887 -0.0942444070187 
2 0.432085439647 1.0659628705 -0.0449771097655 
2 0.798818970297 0.790146665659 0.0109868793005 
2 1.01619692909 0.45755167409 0.273747877463 
2 0.951623051324 0.696264260068 0.115113406318 
2 0.823467014586 0.760791177698 0.0673586142655 
2 1.12363988792 1.00993522496 0.0658784176852 
2 0.729327644348 0.885717152223 0.649044177316 
2 1.04606124683 0.753530278801 -0.0884564185442 
2 0.965076210156 0.690092294059 0.299620496838 
2 0.888745893157 0.765244880712 -0.0548325861254 
2 0.864376282604 0.824461933343 0.371828239483 
2 0.987472153951 1.10693735734 0.149597383159 
2 0.829194352615 1.07449519308 0.369007092434 
2 0.720086749564 0.891051137619 -0.151627953878 
2 0.963992298288 0.998437171994 0.627839760801 
2 1.20689639079 1.40130393094 0.0406850647284 
2 0.558371020144 0.72622059287 0.287995046644 
2 0.783283550794 0.94801443951 -0.0171237752953 
2 0.785777373411 0.527289285089 -0.0852147289067 
2 0.663710989973 0.959158611 -0.0396996239788 
2 0.883241343925 0.976716062229 0.705148262595 
2 0.955052301716 1.37908045256 0.555418519277 
2 1.18180946006 0.603691932363 -0.140743438799 
2 1.20939354508 0.792103087385 0.395256381278 
2 0.981357521273 1.25054853236 0.275022521828 
2 0.859611013689 1.4766433712 0.517197421078 
2 0.755150864524 0.738858988379 0.279693298745 
2 0.686692046507 0.453562290817 0.0548476263381 
2 1.12678023052 0.913199125943 0.268614809809 
2 0.768312971149 1.1849344507 0.225707293335 
2 0.510006204334 1.17843742291 0.0721003020395 
2 0.880631300674 0.887479179651 0.215227225675 
3 0.0930571606997 -0.275312425524 0.134072971734 
3 -0.40052599756 -0.366877361005 0.00647793190187 
3 -0.378001598413 -0.553614627185 -0.0386285068898 
3 0.186001819265 -0.344084480883 0.211623938861 
3 -0.0936772874303 -0.374647209339 -0.20168277309 
3 0.0782660346557 0.249267535713 0.643218626302 
3 -0.605148763708 0.145326203802 0.147881995433 
3 -0.303127849231 -0.930990183177 0.228997650476 
3 -0.066938964612 -0.151837228842 0.182655053368 
3 -0.123578853784 0.236573405609 0.26671655846 
3 -0.48822574499 0.00860303347758 0.339773939478 
3 0.301416952007 -0.268574320337 0.651371497795 
3 -0.432346903577 -0.306826461333 -0.0645386504892 
3 0.114824208342 -0.309397362067 0.641493259138 
3 -0.139798169322 -0.404653749355 0.823630335854 
3 -0.460541669209 -0.263647417021 0.142547737926 
3 0.11294377135 -0.0166161309052 0.314910571284 
3 -0.265466635044 -0.312270215487 0.436816186381 
3 -0.007896870198 -0.445940831031 0.269599638092 
3 -0.30372123763 -0.356477264344 0.477767983993 
3 -0.191936711777 0.229219826559 0.194491644467 
3 0.332238350653 -0.173633570814 0.092294880225 
3 -0.527237593443 -0.0574159244471 0.485938479078 
3 -0.178171590911 -0.0939616106575 0.189960427231 
3 -0.114615754817 0.0207684328933 0.331100289576 
3 -0.507892769669 0.00169470569142 0.0305448884747 
3 0.270913129788 0.0336008515952 0.133195450059 
3 -0.232202652083 -0.585973580849 -0.107168392414 
3 0.12635709421 -0.595004748757 0.0104350123741 
3 -0.49205073691 -0.0580776893298 0.100555342899 
3 -0.171995738311 0.0983120348812 0.194643411321 
3 -0.081015676785 -0.00361232960074 -0.0906001508049 
3 -0.1152595773 -0.145958282178 0.0546241650636 
3 -0.421289791798 -0.060176172988 0.36614085616 
3 0.178130582902 -0.311400294302 0.0438952205588 
3 -0.179220195317 -0.247030707066 0.182314674 
3 -0.368925332792 -0.183336290009 0.699430301207 
3 -0.0523896514376 0.0424402383475 0.351292215788 
3 -0.17801771324 -0.516510723854 -0.100668493725 
3 0.256227303452 -0.689551111303 0.452034457112 
3 -0.522148771629 -0.305493435627 0.236271959612 
3 -0.0526529498562 -0.252239033191 -0.0898441544176 
3 0.329778764045 -0.13610124497 0.12441472156 
3 -0.134432513753 -0.36384415651 0.629252545164 
3 0.259903806458 -0.147066335585 0.00232727080191 
3 -0.220917709766 -0.284694122234 -0.113257015221 
3 -0.1305636512 -0.192834854908 0.061405927707 
3 -0.770876288707 -0.0921189251773 0.332308851907 
3 -0.352155923257 -0.635758486448 0.244040978978 
3 0.127409413343 0.0809237751443 0.641433631494 
3 -0.302218064275 -0.275936303394 0.0363384563438 
3 -0.176023032163 -0.27023602678 0.480104012649 
3 -0.103795209736 -0.496470241867 0.651680124231 
3 -0.218263486225 -0.229535431327 0.497007831061 
3 -0.303302875131 0.263050763801 0.759774673724 
3 -0.0323711889677 -0.456569025798 -0.0799474474544 
3 -0.0156168171525 -0.480562245289 -0.100306162181 
3 -0.104228517691 -0.456798609072 0.165728767423 
3 0.0177411095258 -0.0199740704062 0.527565146281 
3 0.0996232901423 -0.453918464425 0.675195741075 
3 0.317165002037 -0.20310113628 0.158567802507 
3 0.0981365658476 -0.428208895407 -0.13986822727 
3 0.0929717115389 0.00360005923159 0.269857992211 
3 -0.0238777050681 -0.622483024925 0.316524003772 
3 -0.442834479721 0.328997226908 -0.00366557385572 
3 -0.24128840107 0.0958495040844 0.356510343893 
3 -0.113793369933 -0.604247099614 0.0609662096438 
3 -0.00256556275328 -0.331738806822 0.114021308819 
3 -0.335632386915 -1.29507245447 0.317708920006 
3 -0.310993929277 -0.365837351953 0.292305839421 
3 -0.349066525374 -0.666715084387 0.262640706409 
3 -0.000280322575043 -0.410409789872 0.444392646872 
3 -0.150735481962 -0.222972815436 -0.100833492872 
3 -0.342597461034 -0.563049190743 0.0329395180594 
3 -0.0512184884911 -0.294701577077 0.297817416034 
3 -0.173174954929 -0.182063008509 0.418149848824 
3 0.112518888895 -0.269216596406 0.30809977559 
3 -0.532930855065 0.141986226327 0.769693063931 
3 -0.25236683617 -0.176309963014 0.0462724139859 
3 -0.576523165951 -0.127204199198 0.232663185381 
3 -0.282247792301 -0.120820010878 0.102587609273 
3 0.470258908428 -0.270936811429 0.479504424324 
3 -0.0556333144004 -0.381653447071 0.502438758095 
3 0.10709630512 -0.23624819104 0.103905795393 
3 -0.252610993173 -0.340002313177 -0.0353186463387 
3 0.153227576537 -0.467687628348 0.290012512212 
3 -0.114612104087 -0.551457536146 0.0761984171509 
3 -0.0469725104665 -0.100220540475 0.17589760245 
3 -0.326092628944 0.0869071013608 0.275901011749 
3 -0.187436606842 -0.314987878099 0.0636834031153 
3 -0.0953683443178 -0.297750940287 0.151052635905 
3 -0.00829266607142 -0.314800621291 0.431970507957 
3 -0.24809830094 -0.455353806534 -0.043396535277 
3 -0.340773953168 -0.0784742855327 0.206288183939 
3 -0.497841992391 -0.439792914655 -0.10967657106 
3 -0.221519198066 -0.400456477583 0.0183187584252 
3 0.162446219595 -0.328733738351 0.221433164967 
3 -0.383229090704 -0.538111597273 0.105837440137 
3 0.0364537559911 -0.238868841461 0.445874460802 
3 -0.0694390106994 -0.174579728098 0.111430611102 
3 -0.240888039639 -0.472515038895 0.14539776045 
3 -0.0174764140845 -0.342454869632 0.199135647675 
3 0.0681502833762 0.162235807461 0.246070550142 
3 -0.0909115153108 -0.321926111373 -0.122021478171 
3 0.363034894213 -0.140863480341 0.451682981621 
3 -0.103472417631 -0.21832271136 0.525310610624 
3 -0.423582426973 -0.224845372845 0.0194049899458 
3 -0.629030056798 -0.000569553474407 0.536873117152 
3 -0.0794609483466 -0.58513521185 0.120565678763 
3 -0.258194729144 -0.0818215899911 -0.156898504837 
3 -0.296169707149 0.0931681511419 0.549414467336 
3 -0.338027228639 -0.352028931778 0.414920595565 
3 -0.339369135977 -0.0728450939137 0.263994103292 
3 -0.213917168927 -0.340237278299 0.250543138546 
3 0.0474819519706 -0.728241377982 0.20488873422 
3 -0.333684386141 -0.256747891561 0.304488203554 
3 -0.35522421654 -0.376988137787 0.196209522476 
3 0.0173221295566 -0.122718097347 0.643383211358 
3 -0.234674413606 -0.252778134342 0.345067306231 
3 -0.327046770267 -0.387184482436 0.211319688844 
3 -0.0569835237619 -0.447840669225 -0.223265260049 
3 0.0911006740212 -0.173676005733 0.508437702421 
3 -0.417345396082 0.0757034016703 0.233018504856 
3 -0.208221369303 -0.120849974573 0.269951939401 
3 -0.132047580994 -0.0268952407674 0.0288959854168 
3 -0.069463229311 -0.116799827079 0.190039566406 
3 0.221662141647 -0.498166611263 0.0145429606338 
3 -0.123317818339 -0.155088430574 0.154073121913 
3 -0.0648736190804 -0.37685140429 0.33649964428 
4 -0.245908200442 -0.534301337298 -0.683765669099 
4 0.0494630727475 -0.183444675739 -0.810484018725 
4 -0.343121971471 -0.255540098364 -0.934649267025 
4 -0.225276935806 -0.799270514989 -1.03301668474 
4 -0.0524802871351 -0.175549549309 -0.806200924661 
4 -0.571138171895 -0.368088645317 -0.284959838931 
4 -0.310675389871 0.0587068466916 -0.557564099933 
4 -0.279182093393 -0.19536033765 -0.969860961079 
4 -0.0452193438623 -0.53903291862 -0.842233428492 
4 -0.265882013177 -0.392344171325 -0.891139730168 
4 -0.367260556297 -0.358382663278 -0.678903035108 
4 -0.141187485675 -0.288268382939 -0.554869896981 
4 -0.669570466896 -0.555794079603 -0.498901111261 
4 -0.28768886178 0.0729098430881 -1.05971698011 
4 -0.588465611289 -0.266240343281 -0.422737456981 
4 -0.189440171488 -0.385044036331 -0.653394889013 
4 -0.046774177512 -0.108198682552 -0.847938432302 
4 -0.697850680316 -0.00515257078803 -0.626836374609 
4 -0.38542605669 -0.37120322233 -1.36058560439 
4 -0.0849395774674 -0.3447155789 -0.754124182918 
4 -0.287327875549 -0.0561022231695 -0.836566299843 
4 -0.553957206753 -0.249759504826 -0.858292377801 
4 0.164942210487 0.00328945313631 -0.565358514798 
4 -0.706391452557 -0.254602369694 -0.554543239126 
4 -0.477405683837 -0.26065649863 -0.601477296052 
4 -0.380878497644 0.263212497492 -0.878677667676 
4 -0.21051934656 -0.353343010133 -1.0979397283 
4 -0.270321768766 0.1277771267 -0.758635681592 
4 -0.557250783977 -0.504587817749 -0.625322933548 
4 -0.0351423697846 -0.212998853753 -0.736403251807 
4 -0.229150345753 -0.188414401194 -0.319421919985 
4 -0.333755333155 -0.176746563153 -0.672785747278 
4 -0.512605041618 -0.0725934012092 -0.605227383877 
4 -0.543722114062 -0.225305128366 -0.62242957133 
4 -0.0079333938316 -0.253265868227 -0.845410824911 
4 -0.106682431827 -0.0140487690653 -0.437225939917 
4 0.160728496791 0.0323479951656 -0.691763178372 
4 -0.695739187923 -0.00313262631093 -0.642043807398 
4 -0.332264339526 -0.229941358067 -0.847104066637 
4 -0.618084082237 -0.406073789518 -0.905175447205 
4 0.00501602994476 -0.222822051672 -0.587813372867 
4 0.0206145011913 -0.247198522576 -0.923894697576 
4 -0.939921563905 0.168870281453 -0.624418475961 
4 -0.102823148177 -0.137290434971 -0.826818106375 
4 -0.166464930005 -0.207839187895 -0.657182454796 
4 0.131918874908 -0.310848437686 -0.291470580186 
4 -0.201045786169 -0.160591508265 -0.335540614915 
4 -0.411416132418 -0.564872281572 -1.02786965528 
4 -0.743705603327 -0.2786014379 -0.89017438129 
4 -0.102450942998 -0.676395329024 -0.926215718139 
4 -0.281067382876 -0.506635281082 -0.740912791538 
4 -0.417692205419 -0.190529025928 -0.875695860796 
4 -0.0278711174194 -0.553488665961 -0.640459108699 
4 -0.260117683538 -0.41185209741 -1.22986125143 
4 -0.410511070231 -0.506454306254 -0.52921807414 
4 -0.465154015151 -0.0670594366583 -1.02569154851 
4 -0.32772577965 -0.585149291621 -0.604919476303 
4 -0.150245094774 -0.336721536462 -0.837716131268 
4 -0.40909176901 -0.581162647608 -0.877675010272 
4 -0.193805100429 -0.129968507755 -0.780164354915 
