0 0.450743649767 -1.13725916433 0.194282664744 1.01153733353 -0.699302179675 0.569851908344 -0.613708101748 
0 0.312431874304 -0.70309879833 0.546019616432 0.527942719322 -0.459803152075 0.484742248492 -0.387241949585 
0 0.196918884501 -0.861312055557 -0.0884449451099 1.18382958934 -0.712403088227 0.537065912145 -0.682021621517 
0 0.181249405868 -0.725678958046 0.376559844399 1.09875675414 -0.898367531628 0.620028376141 -0.0897409837463 
0 -0.262135437315 -0.700001354712 0.408237514205 1.21072926128 -0.638744772187 0.632226270826 -0.383223656902 
0 0.161039152964 -0.737117418719 0.588280623329 0.95381132831 -1.05284309814 0.650570279559 -0.909446574317 
0 0.0858314360309 -1.20872497571 0.280533253558 0.972137833709 -1.21984440864 0.92603066282 -0.581786355474 
0 -0.0941373030417 -0.782894735003 0.24731964135 0.76634402262 -1.20473694929 0.179243685016 -0.539881441564 
0 0.248399499774 -0.495714967501 0.646900471134 0.866590854171 -0.610707900208 0.843817712183 -0.659187746044 
0 0.302222188377 -0.337168116759 0.0729847266415 1.24339785774 -0.81643215071 1.06743594483 -0.776209045614 
0 -0.0899671005015 -0.443763180033 0.402373135881 0.960275021092 -0.473367249547 0.652106915695 -0.931800298325 
0 0.137415133596 -0.790953276575 0.397527779916 1.05592116378 -0.58633652886 0.676265020312 -0.499952715602 
0 -0.207981597003 -0.935889295055 0.238334185213 0.721909967382 -0.767855739437 0.629492858549 -0.365868261662 
0 -0.240981561647 -0.596306443149 -0.00182848799339 1.13634607429 -1.18559561757 1.07008271333 -0.529540277963 
0 0.0838786870246 -0.999118163183 0.455225615758 1.17425099794 -1.11896496728 0.428810855849 -0.139934909974 
0 0.105930309389 -1.06831452088 0.0692207300146 1.01947909675 -0.663124370563 0.592338333971 -0.290985661147 
0 -0.157870144998 -0.745403760399 0.212526123192 1.52515167754 -1.09014255635 0.874183590582 -0.350319009515 
0 -0.0543046237334 -1.00367882545 0.0130755214218 1.14731916238 -0.848701420775 0.754515268855 -0.484531964286 
0 -0.0895751631811 -1.06713322515 0.000384716006307 0.817216883256 -0.89906666814 0.588262702422 -0.284082057226 
0 -0.185771685838 -0.684585728255 0.281312907534 0.99608819297 -1.23854926137 0.924252196817 -0.440377673957 
0 0.25029194313 -0.461412367149 0.5725744589 0.849590519795 -0.995004573113 0.825273952815 -0.705259930886 
0 0.0298733201864 -1.21379204041 0.471384355385 1.20272979462 -0.530261162898 0.225313910261 -0.595090500748 
0 -0.243409743565 -0.677336487309 0.104136330241 1.09436939758 -0.71132217461 0.815892017505 -0.432047059828 
0 0.162699757876 -0.911916731496 0.772270387225 1.18824634058 -1.01128666904 0.940942387754 -0.263104257374 
0 -0.252658637193 -0.751128256282 0.0421852582416 0.860242871215 -0.52315574458 0.881074206265 -0.585816880013 
0 0.0545676205055 -0.818836214275 0.54458775415 0.74040924558 -0.746378904866 0.546535550015 -0.577796774481 
0 0.150144196762 -0.660575816653 0.0876280850269 0.917670568553 -1.04452820647 0.610242552162 -0.55693731447 
0 0.0200079168492 -0.832414583806 0.68861787996 1.40001517812 -0.879146931681 0.820228763268 -0.366524980116 
0 -0.096038760582 -0.583397745723 0.406120091677 1.04394118414 -0.572526619133 0.650329237427 -0.186831095619 
0 -0.154367834429 -0.0328475653256 0.36923965528 0.887480471725 -0.811575122967 0.945270492949 -0.463105870902 
0 0.588254850801 -0.435171597519 0.344393004539 1.00492987023 -1.00425868257 0.806973187724 -0.361762638288 
0 0.0756656947813 -0.840973578453 0.167408869912 0.95504536762 -0.417462770725 0.574319810488 -0.181810234481 
0 -0.261131587557 -0.709756205003 0.0728158457127 1.02772238298 -0.924022886472 0.644298084168 -0.580268472662 
0 0.0416257499422 -0.771080130518 0.509147200981 1.12042712388 -0.499736048786 0.41805314103 -0.59162913461 
0 0.0882387679807 -0.574227944175 -0.0347041644935 0.934142678522 -1.31443863772 0.778540464804 -0.567906613747 
0 0.439996719548 -0.696919112502 0.322172782742 0.877873132762 -0.919700218956 0.933612467937 -0.417825535535 
0 0.105451522077 -0.824681665557 0.607703947655 0.703045320828 -1.19697079699 0.546272200868 -0.560413647198 
0 0.12648531905 -1.24105598955 0.429541803785 0.793476033522 -0.958096079225 0.885628627869 -0.612722173151 
0 0.241891155035 -0.648411734557 0.281656916006 0.530373764218 -0.882746375219 1.34409988884 -0.576378051375 
0 0.149188716066 -0.727154229068 0.154229864335 1.05899921648 -1.02223886301 0.55124544592 -0.303839413116 
0 -0.0589055282964 -0.968186186514 0.272583119572 0.728902295838 -0.789050269374 0.978162147461 -0.481844000149 
0 -0.126634937329 -0.927766582865 0.0610209251002 0.814895626201 -0.863442631685 0.331381571785 -0.228642551962 
0 0.157338074308 -1.04207270656 0.0344553597135 0.917165905726 -0.568622127696 0.582905065541 -0.803268014824 
0 0.273503303171 -0.848480779927 0.0415145655471 0.984607478275 -0.452491681863 0.752188460563 -0.267347758627 
0 0.202518518536 -0.775877795001 0.540217401814 0.862869979736 -0.852551330684 0.754355655316 -0.604220908333 
0 -0.0281277793097 -1.29608192671 -0.080734149873 0.868405935042 -0.427170397039 0.767194334439 -0.611867860812 
0 -0.141155632424 -0.521610490878 -0.0425505852886 1.087792885 -1.16041320092 0.621031155854 0.0647644232726 
0 -0.39396494072 -0.656427736123 0.136086797674 0.701593044643 -1.19688347286 0.759992102149 -0.106540604274 
0 0.248314779856 -0.689413733245 0.466085812274 1.23003969739 -1.01078698592 0.185755103475 -0.453847157546 
0 -0.134713676726 -0.808601488001 0.514300369326 0.398921353081 -0.587175830514 0.603312774385 -0.599885706169 
0 -0.103781049432 -0.528090073522 -0.223613703352 0.980970355776 -0.455652464482 0.720645108266 -0.567304413971 
1 -0.00427005193272 0.491460762024 1.12819312063 -0.390862650083 -0.93335458244 1.0372287288 -1.45147677336 
1 -0.454662649243 0.556425114293 0.834998067918 -0.472747438838 -0.533525873794 0.991007950653 -1.03864960937 
1 -0.274707456706 0.485223870049 0.710869677003 -0.146733811998 -0.930949701718 1.20385623624 -1.09625921209 
1 -0.579038087879 0.0967949297619 1.31311069215 0.0158978906299 -0.808890652863 0.703955569625 -1.11525677021 
1 -0.599351563765 0.33604643744 1.0337992061 -0.247500794716 -1.2091238617 1.151020906 -0.890609840986 
1 -0.305332429797 0.210530083623 0.866426641322 -0.0575809193119 -0.73382638225 1.04132053164 -0.68213043104 
1 -0.553592615812 0.49081271646 0.950387696058 -0.144944467528 -0.556301491913 1.14668338501 -0.624050868407 
1 -0.146949318441 0.373307899819 0.775788016046 -0.444863420101 -0.754546184015 1.02100060358 -1.1717714373 
1 -0.829039890199 0.0393656541203 0.575238582661 -0.296708731781 -0.719738832066 0.643542066457 -1.01456648638 
1 -0.5418467659 0.63282732123 0.725402468743 -0.229463114061 -0.566354429659 0.909983427191 -0.824032251808 
1 -0.2071694861 0.265526861974 0.780139285098 -0.18320530374 -0.93788398043 1.22740736946 -1.18234060005 
1 -0.213146594922 0.498715883148 0.625733265096 -0.302042159352 -0.621273633199 1.08394766062 -0.919969432855 
1 0.0363804240557 0.48543065863 0.706449059579 -0.023321430895 -0.530462617985 1.09492810673 -0.812375916454 
1 -0.393358102975 0.775376357985 0.914367384776 -0.201994943219 -0.638422053297 1.32604880025 -1.22832437477 
1 -0.618805534692 0.29192282641 0.86844074201 -0.346062832766 -0.454833223369 0.71879342697 -1.1034953714 
1 -0.452420293159 0.433765846755 0.659956749574 -0.10414930973 -0.672592702369 1.00349636074 -0.828806498768 
1 -0.235439917217 -0.170275953561 0.752565418045 0.121299848348 -1.01694462492 0.789461419 -1.31328047283 
1 -0.362807670356 0.194981782004 0.446715463937 -0.0246368941515 -0.835427949528 1.24158298811 -0.492067135584 
1 -0.702670092243 0.127739178794 0.667927802063 -0.104859086295 -0.887132964734 0.446737352053 -1.23222765401 
1 -0.532099935547 0.417632610593 0.737906858017 0.0466275529229 -0.669989048466 0.695135327301 -0.728866369605 
2 0.268398103999 0.0842722891824 0.57789432925 0.557286352595 -0.13087955076 -0.810229415051 0.725121667196 
2 0.126054832707 0.104812445509 0.776732549897 0.78828755243 -0.0723477189841 -0.494343968851 0.691162125515 
2 -0.315318546471 -0.358391637317 0.708037479019 1.34528441528 -0.460484849634 -0.25955289619 0.85097451151 
2 -0.146951735689 -0.868287588017 0.592985434834 0.78839160141 -0.207005756483 -0.24701417526 0.649205757152 
2 -0.359639256438 -0.122518636373 0.918307499638 0.955266948222 0.116182914716 -0.171279577207 1.10681528089 
2 -0.256813740335 -0.631254275343 0.742952023908 0.605369603223 -0.213266724489 -0.59300787792 0.786164337268 
2 -0.155757400232 -0.33625318048 0.899170697586 1.44221570591 -0.377402214092 -0.140929458744 0.789160547804 
2 -0.202228564196 -0.398368521646 1.18926111423 0.860540513239 -0.118438134197 -0.460003072659 0.77974085791 
2 -0.44618616635 -0.282198846578 0.350586338884 1.23832613797 0.0749321194194 -0.302527244796 0.752268198561 
2 -0.369441216791 -0.144739183532 0.541716931511 1.12857278755 -0.297698693207 -0.46810368772 1.08376587493 
2 0.226506597946 -0.138825527655 1.10035233265 0.744264429769 0.265487307837 -0.153195800757 0.80332549628 
2 -0.131467940194 0.0925810016191 0.48739705953 0.814027023224 -0.290560795532 -0.880866325305 0.605154141929 
2 -0.147752015096 -0.60782364986 0.973707775878 0.990068649121 -0.158267955987 0.0593099468821 0.6459566573 
2 -0.0978447501931 -0.180190560102 0.726230420517 0.933492361235 0.0768681853405 -0.19142910912 0.968039673462 
2 -0.166415546335 -0.331918826242 0.442165907828 0.809904763786 -0.143591287189 -0.465675091733 0.682108346919 
2 -0.583625043925 -0.12476561239 0.745460641562 0.626295438683 -0.159727679508 0.201766244134 0.8630715997 
2 0.0201352419448 -0.451828150383 1.01907773918 1.2759328412 -0.256013841727 -0.190416234438 1.23377010924 
2 -0.115082853122 -0.647795423202 0.594542468585 0.707607271605 -0.355635762266 -0.612806056908 0.631154429722 
2 0.13354053419 0.0960302028012 0.813121843159 0.670148246106 0.0100423678003 -0.271497741465 1.21801944757 
2 -0.0153660930935 -0.458646308803 0.838476386292 0.931831593939 -0.147180893546 -0.810119998893 0.754445902 
2 -0.0675093753696 0.0664159617154 0.631815308213 0.764320389828 0.0133826020955 -0.109979874828 0.663223131019 
2 -0.141706735953 -0.788094849289 0.447819877629 0.91590146797 -0.250363465935 -0.427650430586 0.865449337475 
2 -0.0166361908845 -0.153987730949 0.911945755456 0.556832584824 -0.14392870125 -0.39213711877 0.773900944186 
2 -0.475343643292 0.136123129989 0.661023300961 1.0257684446 -0.262476020519 -0.250834557164 0.736483722728 
2 -0.204139312644 -0.281042384745 1.05195063072 0.675203961033 -0.235640464868 -0.287512033977 0.541479728827 
2 -0.142973102844 0.0437508972231 0.761350713054 0.724109067294 -0.0837780697838 -0.151877897896 1.08396277754 
2 -0.165356975146 -0.125417957927 0.938219638869 0.757068430613 -0.243656954465 -0.786945163514 0.980104847598 
2 -0.0182683687218 -0.0911246409042 0.876470266886 0.708319143686 0.0935019228861 -0.0727738477128 0.627157717486 
2 -0.0405694676264 -0.21023110531 0.798694392496 0.867178511515 -0.337308767225 0.180674021546 1.20584363192 
2 -0.0269395568489 -0.314536193011 0.933222363708 1.19030131605 -0.101318127215 -0.521903915982 0.585684672083 
2 -0.238537100385 -0.316398264276 0.895457289561 0.971124781291 -0.201401389789 0.164792545373 0.839655731086 
2 -0.56162875959 -0.183664751917 0.524448773911 0.690846899182 -0.0981396764476 -0.487323163006 0.924082463751 
2 -0.197605748495 -0.742432190663 0.567435751441 0.594093171572 -0.62423531688 -0.0185662223973 0.937798339322 
2 -0.26750722743 -0.197400545787 0.722753992998 0.820639182484 -0.252761934368 -0.390769462907 0.980814264142 
2 -0.346111519334 -0.714794353813 0.495053203477 0.507129638006 -0.083209224671 -0.280889809708 0.736002225046 
2 -0.18588871347 -0.10860386161 0.433802105705 0.888581995587 -0.400973672564 -0.413490072234 0.840554034054 
2 -0.426186723955 -0.363995845797 0.692965223615 1.09197122785 -0.0839343006844 -0.134733928736 1.04934030124 
2 -0.3944340037 -0.794037966312 0.503356224999 0.477130139307 -0.21884241521 -0.0570088206442 0.87031731745 
2 -0.200051847676 -0.271488328721 0.552336192925 0.822220135125 -0.346137532272 -0.232251128783 0.928855209747 
2 -0.158396230799 -1.005838428 0.387698213905 0.824079772995 0.253132002476 -0.0126481491265 1.32011735841 
2 -0.297727910201 -0.177944727584 0.729409785133 0.804686408775 -0.204193729375 -0.483721537627 1.01128202274 
2 -0.0380811541792 -0.274277120693 0.507336698535 0.958641420363 0.0264840086678 -0.0785346356067 1.06238571788 
2 0.20104174972 -0.269429166705 0.770238431744 0.855641652456 -0.674366472464 -0.198124941129 0.819387520587 
2 -0.0791670116146 -0.00646269053483 0.693198171017 1.04302913851 -0.513126726864 -0.751710240231 0.8251087249 
2 -0.195938221432 -0.547743068655 0.709659089917 0.905270564556 -0.246273425037 -0.00398000076699 1.05795719484 
2 -0.317724415963 -0.359807478096 0.739222701738 0.587498508748 0.287447344423 -0.139778804427 0.994332082984 
3 0.70733758933 0.227044100523 0.780430600545 0.926194927355 0.838853362201 -0.383407109678 -0.132602728765 
3 1.02559478201 0.702580682244 1.12740649203 1.17745718383 0.499163681649 0.00783508418402 0.104711372918 
3 0.514153181951 0.349601263667 1.41359487582 0.706182588164 0.235921132666 -0.456989554613 0.169267944753 
3 1.03805139273 0.865006332406 1.04828182302 0.824263482588 0.674688192304 -0.356279995629 -0.0654606530753 
3 1.0421506166 0.619437827336 0.792005116432 0.703345089589 1.20680677849 -0.322730575995 -0.219312819004 
3 0.597662638759 0.593037142144 0.733299724844 0.754299951984 0.210407736172 -0.170990793718 -0.14037397863 
3 1.16481896509 0.299458136531 0.889625457345 0.361319583511 0.465815189233 -0.237823545124 -0.0159938897988 
3 0.747065401653 0.105754471313 0.596821229715 0.940162474598 0.443228416982 -0.482134817325 -0.345009885149 
3 1.04336829465 0.866808096611 1.09837714432 0.535487418162 0.436603724262 -0.280254179701 0.0177410760751 
3 0.766157271445 0.955475321571 1.11932635464 0.417459375478 0.644423922081 -0.148871035219 0.270838522361 
4 -0.892902419933 -1.3011314256 0.863750365882 -0.828743667613 -0.372527246365 0.0408500621713 0.264739712645 
4 -0.389503685659 -0.475054604627 0.878558417904 -0.510757425186 -0.141891517614 0.103388722046 0.787831379232 
4 -0.583719324541 -0.543977985654 1.24904710367 -0.490969169737 -0.361749958733 -0.433615911869 0.480685854811 
4 -0.72685337393 -0.673614264671 1.10978943252 -0.306600625816 -0.00688313543682 0.335306010864 0.818094006223 
4 -0.541602143353 -1.12875240766 0.940110201976 -0.816487936968 0.0393592414565 0.148956219645 0.683863203472 
4 -0.616393908812 -0.486638927045 1.1472140658 -1.37603880493 -0.74182029078 -0.271474367693 0.884915569454 
4 -0.803616390033 -1.03447702896 0.804530613713 -0.923744684599 -0.195333303022 0.0810238955846 0.323462926576 
4 -0.855385638411 -0.434259924048 1.02015326967 -0.780593004443 -0.265514902463 0.152190010028 1.05693452541 
4 -0.449085577411 -0.620597450121 0.941950179579 -0.727135826462 -0.460160660745 -0.0317086394385 1.08878775098 
4 -0.580733263233 -0.710198326471 1.19876153898 -0.575705526449 -0.291944415621 0.0035912017929 0.769267608706 
4 -0.806532327662 -1.0146626602 1.04326909854 -1.12997801445 -0.101995901487 -0.296079472752 1.00586738001 
4 -0.578797643804 -0.957178366976 0.949435693846 -0.452185588467 -0.398672498891 -0.19142398373 0.942143965295 
4 -1.04145593412 -0.83276561008 0.68286400278 -0.910934078085 -0.497255823281 0.110374672455 0.719917074934 
4 -0.661837629552 -0.974211877135 0.702022868728 -1.03256908177 -0.324492667445 0.10561167418 0.753833069939 
4 -0.501130565258 -1.0409441745 1.16285506808 -1.48176878324 0.306155221675 0.343930356594 0.460568735216 
4 -0.853296948475 -1.39579524023 0.818705969341 -0.264816368994 -0.138135983614 -0.0279845231841 1.04409565086 
4 -0.601542616981 -1.03970985153 1.06586376459 -0.735788234863 -0.236407315645 0.315423898459 0.638591024557 
4 -0.978914720384 -0.777427738262 1.05002833526 -1.19741448691 0.0369030884803 0.176275052319 0.289126691502 
4 -0.67147769791 -0.904257362102 0.986838818086 -0.535702210627 -0.35500738906 -0.0886037387107 0.888997509993 
4 -0.921485474179 -1.27587828354 0.764866423665 -0.632989830351 -0.301801672644 -0.136780721614 1.10973548523 
4 -0.844836513467 -1.28306832174 0.636683085284 -0.864456009588 -0.212886834592 0.0796549396006 1.13413327798 
4 -0.958050368608 -0.922263539512 0.742118938767 -1.03648241889 -0.231957751282 -0.48930728662 0.297086391493 
4 -1.14667837629 -0.72991544673 0.690468823454 -0.827602196512 -0.0799767751624 -0.228753226983 0.60841415372 
4 -0.493971975914 -0.950865506629 1.15051850992 -0.842482487714 -0.271457474111 -0.344671614424 1.10591317119 
4 -0.785859864447 -0.677196373854 0.574465283456 -0.802717407291 -0.234435537545 0.179139364985 0.752216017564 
4 -0.925061652965 -0.999575366922 0.936047180685 -0.435789365852 -0.172506077359 -0.0232486895863 0.522996242943 
4 -0.684171019542 -0.708524390721 0.841620140774 -0.773150792635 0.0395820034756 -0.188976493342 0.962804812365 
4 -1.00404897897 -1.19952517461 1.00017887574 -0.726067132082 -0.229953115597 -0.230150723923 1.09770645112 
4 -0.690129870909 -0.826353730461 0.96414732552 -0.938370525425 -0.293209848386 0.0684095235549 0.751779640555 
4 -0.552514877933 -0.933608838629 1.12487434319 -0.532994380253 -0.0166178508656 0.0546414103394 0.846707327779 
4 -0.252637552463 -0.71225484375 1.01927680382 -0.822888964399 -0.175183890637 0.17671442382 0.743842394862 
4 -0.758093428721 -1.30104604624 1.37890608002 -0.613435925172 0.226412926923 -0.175205339941 0.672657925291 
4 -0.875647829017 -0.980769114202 0.783128475713 -0.936175744351 -0.209279097181 0.102509029058 1.04807142564 
4 -0.9155628899 -0.980658406728 0.537334739258 -0.341316147282 -0.154197310468 -0.0632681784414 0.837289745926 
4 -0.399988919747 -0.682843920352 0.632604953784 -0.378691971295 -0.231912925157 -0.326931046866 0.679327159041 
4 -0.691629758697 -1.0059427722 0.906057126476 -0.73331705323 -0.221621793508 -0.243522166333 0.379495213608 
4 -0.773376154463 -0.872151226437 0.671955854512 -0.676967220866 -0.172462075829 0.134928196135 0.92883595842 
4 -0.604322931119 -1.13682103832 0.4807396228 -0.581076571239 -0.586793009126 0.172027210924 0.718051578985 
4 -0.572799007677 -1.24441696259 1.10806681175 -0.421313383517 -0.231672578172 0.203272333053 1.12301654627 
4 -0.737017844748 -0.873528688128 0.950235396706 -0.277342530371 -0.284866355647 -0.206137024969 0.787537310887 
4 -0.618177574141 -0.698285288476 0.793567108685 -0.554995005011 -0.258024593343 0.0271995392666 0.966510288976 
4 -0.411065382171 -0.332253051047 0.588879113176 -0.805874943188 -0.490636364981 0.293919683438 0.773272148972 
4 -0.704941966495 -1.18070808237 0.680816797033 -1.13123946076 -0.142537603778 -0.0531265404098 0.609007820838 
4 -0.501821039217 -1.15164359502 0.548757047399 -0.561775765865 -0.364047473004 -0.220443395074 0.632901838111 
4 -0.559107354425 -0.961235659285 0.776594312782 -0.440281695247 -0.351948573582 -0.211720774126 0.779550701203 
4 -0.958743680924 -1.34560652023 1.28960707801 -0.893683058608 -0.623370986271 0.0368933346696 0.709127914798 
4 -0.998956749876 -1.10685221177 1.07003298383 -0.539375336057 -0.233351539721 -0.107780008857 0.890135672107 
4 -0.673558526712 -0.567455239401 0.413420565894 -0.872367591282 -0.416246846352 0.0211769515928 0.738370502333 
4 -0.411918103085 -0.549839145372 0.997446501357 -0.975992353032 -0.811097352881 0.0835127213222 0.880075931887 
4 -0.583845978882 -0.941067029545 0.88510174441 -0.70097315266 -0.262640395246 0.142754592736 0.836217246149 
4 -0.699821020703 -0.782369666317 1.22897835489 -0.411659392592 -0.349333510641 0.388962452629 0.258792057501 
4 -0.393725612932 -1.09055883191 0.993675505995 -0.794181928954 0.195079483803 -0.244119227827 0.845990948766 
4 -1.03218577585 -1.21167934873 1.0640321317 -0.562296820605 -0.166556951299 -0.176207883278 0.512154597441 
4 -0.572982864401 -1.07265265081 1.22523006054 -0.746117065197 -0.137771848474 0.447834653433 0.380042613091 
4 -0.856381997708 -1.08981028894 0.738916806441 -0.823552085478 -0.0286729093466 -0.236789595354 1.00217618635 
4 -0.742308648818 -0.671822149414 0.577764766752 -0.86222415417 -0.0338375773163 -0.296088125922 0.781295256346 
4 -0.946194388023 -0.879953414888 0.517189552656 -0.826037422039 -0.0477337389581 -0.0939772535897 0.850235380936 
4 -0.620002799034 -0.845735667725 1.31823368348 -1.21608596244 -0.0838497406425 0.0369622970513 1.12716240979 
4 -1.34424213403 -0.702277028793 0.628822223722 -0.703357502952 -0.635069921113 0.00639897680695 0.677261902573 
4 -0.474138558901 -1.13675389468 0.605146432034 -0.724827507646 -0.449658319836 0.334739895846 0.952095663337 
4 -0.802743131185 -1.07936191986 0.965622607354 -0.943206767469 -0.487442224459 -0.00611397349108 0.496395769316 
4 -0.922473317416 -1.09403917737 0.859608424576 -0.957238962124 -0.251173779998 0.312424401168 0.553892440315 
4 -0.644394429024 -0.579216544192 0.683044686165 -0.669219114558 0.258244428036 -0.0904301844871 0.779266632278 
4 -0.590454570041 -0.843327667063 0.910969446137 -1.05698346171 -0.565213309289 -0.145319182086 0.947969431852 
4 -0.924805868071 -1.18681445008 0.606462312429 -0.732126308934 -0.322506759773 -0.0602637316037 0.762330405543 
4 -1.01082223318 -1.00283465392 0.643860875538 -0.699572311774 -0.16366644546 -0.351526300971 0.706556003031 
5 0.234771915099 -0.576755384734 0.734620400312 0.633498398003 0.643275715177 0.463766874288 0.277993700626 
5 0.346728167267 -0.543321288926 1.34861617106 0.289719742157 0.673020472364 0.218105758408 0.0877303251729 
5 0.152472768729 -0.60527231802 0.854985338963 0.597179046259 0.304933739224 0.168008907934 0.278959108297 
5 0.129984650202 -0.682090612853 1.02271724376 0.444928619637 0.530807579824 -0.0376235517611 -0.0772292884391 
5 0.12924260572 -0.554275202738 1.13323771344 0.594389294745 0.952483089734 0.427202751486 0.13691769127 
5 -0.0950076531935 -0.68699972684 0.825484826281 0.503866889717 0.90431788662 0.27873559353 0.0433101869767 
5 0.0363946041267 -0.562252836113 1.04759856277 0.211368665407 0.908695828825 0.150616870343 0.274375639344 
5 -0.00891443103546 -0.560465258878 0.58457730766 0.417816526505 0.421975310349 0.164947552592 0.075965741445 
5 0.16174007418 -0.841967599697 1.22546629072 0.374743819912 0.493684875129 0.385882882444 0.144898682976 
5 0.365488838608 -0.483553869282 0.822510114592 0.598328655142 0.795753296316 0.35934641173 0.47877362896 
5 0.198320021447 -0.348761655829 0.775369794984 0.437748997036 0.810958355576 0.158087797895 -0.252614233918 
5 -0.313898052525 -0.912595882009 0.604075699393 0.426602688165 0.730413656559 0.252749740159 0.455868711659 
5 0.261667999881 -0.84304488617 0.77429371507 0.364427138897 0.771147458152 0.285146157695 0.300630246877 
5 -0.263512716144 -0.836480577786 1.06696818773 0.333738776381 0.318564162675 0.435275622279 -0.317365510534 
5 -0.00769391713734 -0.167982437407 1.02972883137 0.576049235365 0.725105328635 -0.196766708338 0.26436910994 
5 0.237107121178 -0.394268632541 1.1550279509 0.596348230859 0.692816122176 0.4718864284 0.313896969661 
5 0.248886019524 -0.601136872402 0.788177453621 0.513491265816 0.558245641162 -0.181875617238 0.651546848015 
5 0.31460076158 -0.392260257161 0.995623375413 0.698904182542 0.943937420713 0.491310868629 -0.187193381881 
5 -0.344902174476 -0.625839921957 0.66480781609 0.782291821086 0.640475174155 0.00654045401802 -0.0693003379897 
5 -0.228438739307 -0.68016822485 0.766161020161 0.9570742929 0.534024806784 0.377346615238 0.233491762319 
5 0.128991502877 -0.755650211121 0.949847716817 0.361250662676 0.321406725371 0.185495590169 0.0854857726166 
5 0.157190547957 -0.474519730326 0.853760040794 0.677762367804 0.701382488615 0.415261420986 -0.0819453017215 
5 0.253598364383 -0.594322334886 1.0120771904 0.978400458346 0.614863689214 0.333095553656 0.29372359396 
5 -0.0170216331765 -0.566293666204 0.893879382389 0.436594527078 0.503297764262 0.198695096468 0.311921673332 
5 -0.149187976538 -0.720564203786 1.06256448944 0.729228620597 0.887195009883 0.299451006553 -0.287869595761 
5 0.000676016553039 -0.747261736541 1.2656765505 0.789955714562 0.929106455407 0.54136413161 -0.431794110529 
5 0.2938550672 -0.657678311771 0.758305627711 0.479954382993 0.449607489064 0.225440830053 0.348577818454 
5 -0.0455132364473 -0.758092867529 0.6333135847 0.52844720282 0.615582456625 0.0298534013499 0.0350767308857 
5 -0.0061621256076 -0.657848780609 0.98019291661 0.589873601795 0.622596050612 0.0581285469938 0.0478618584846 
5 -0.330855880379 -0.186606634245 0.892760483612 0.639779143732 0.780825597089 -0.030112803488 -0.305461934717 
5 0.238125727632 -0.581134669441 0.996261829027 0.420950153694 0.142154064521 0.281713958626 0.0776528653149 
5 0.264981219369 -0.44684180659 0.653658752205 0.596995895114 0.712231177803 0.326998134553 0.21916604738 
5 0.141122754751 -0.486213908779 0.847082922822 0.35522482522 0.632501427471 0.16414908336 0.224827447933 
5 0.367872277385 -0.655052848333 1.10847454085 0.669892041984 0.622697347287 0.472917782807 0.0334143974836 
5 -0.0603615780825 -0.614519496229 0.752410827413 0.567979423683 0.439597912181 0.599654483498 0.433001512893 
5 0.324058582924 -0.519820047642 0.959346239777 0.732041261919 0.450322485719 0.720635289085 -0.0675507583702 
5 0.344104429337 -0.636907488584 0.704839918925 0.38312043549 0.620440489999 0.501166264905 0.185253903851 
5 -0.156647141581 -0.64291992093 1.52894211675 0.702136418627 0.838633694038 0.21221236963 0.724859575358 
5 0.432625240027 -0.226017484626 1.11838627881 0.600542311762 0.866316730041 0.34465472957 0.0732362549379 
5 -0.103921475245 -0.31569837361 1.08993716105 0.33787429735 0.605208763168 -0.0338883263843 0.20556358005 
5 -0.258944441847 -0.44039439515 0.627203771725 0.595537543439 0.602558426685 -0.0792507785813 0.253559493843 
5 0.0689222449267 -0.595889937719 0.620419290761 0.554170072827 0.536699628579 0.6715620098 0.0145752923498 
5 0.179515120657 -0.371793231511 1.02722039295 0.164044915595 0.593638738365 0.147004677594 0.236343927387 
5 -0.196103319645 -0.69383635649 0.580592971206 0.552492736013 0.719546580275 0.0915476666228 -0.0651716519484 
5 -0.0541168252848 -0.705925758031 0.741935916845 0.24364717456 0.668193354579 0.560391838692 0.127590411958 
5 0.123853323205 -0.32086424238 1.04964985211 0.46442646415 0.957389878103 0.601264970464 0.102229548708 
5 -0.243361355215 -0.588314851947 0.743527540903 0.451651007268 0.774665350154 0.011526467945 0.176257741854 
5 -0.219031029075 -0.750697498203 0.725993043651 0.077255627969 0.415907257913 0.154029200262 0.177807759805 
5 0.470332909623 -0.482192713885 0.71765532919 0.295649024465 0.726419063595 -0.0757615555554 -0.0452211289041 
5 0.310453062556 -0.409863469575 1.22153104996 0.684380427401 0.880980587614 0.248785262125 -0.025739041176 
5 -0.0453069991513 -0.201716547018 0.923599722715 0.814521057978 0.292092746114 0.213452990774 -0.20970814467 
5 0.652783331129 -0.492115522138 0.399155723338 0.674844472328 0.595688099379 0.26393419933 -0.0525710847937 
5 0.0246439919014 -0.652895811122 0.622278079656 0.272930084058 0.803692839541 0.36983784527 -0.0573499123194 
5 0.0210355686095 -0.689334273274 0.759361213716 0.475167895072 0.632394230402 0.3076840087 0.167715938604 
5 -0.0599395295005 -0.759959577171 0.687573883991 -0.175396777854 0.799833163875 0.490145318472 -0.0856276029611 
5 0.113161075848 -0.538506094239 0.727215191647 0.160172418778 0.767920323407 0.0382642159524 0.456807377165 
5 -0.246548086227 -0.27411397326 1.30737539993 0.246829864167 0.402899896381 0.00361580220523 0.037198905261 
5 0.232112230607 -0.647543998224 0.797137037762 0.965572491972 0.576661793261 0.0493218649227 0.425878707193 
5 -0.297625978979 -0.550981462526 0.77690326927 0.171444877765 1.00994662484 0.111020936133 0.208114617162 
5 -0.132765090257 -0.416250345875 1.07719540069 0.291561829792 0.536210276657 0.486700883202 -0.228549795618 
5 0.233207958425 -0.416290414272 1.02054470014 0.238853794347 0.34004228538 0.213878773497 -0.23675950455 
5 -0.03266621194 -0.444294808115 1.44224065474 0.566436830143 0.850818102674 0.153402603785 0.112098748281 
5 -0.0263177983529 -0.617343389028 0.977109847681 0.157437721282 0.676459363812 0.322180223052 0.227046071617 
5 0.303199395402 -0.744099981664 1.25160711466 0.218104688255 0.891784638861 0.692896432105 -0.123569621477 
5 0.00575047762863 -0.588207187794 1.25767820204 0.372721584357 0.600550881042 0.195399862991 0.50546443139 
5 0.0102445926473 -0.352861757401 0.726197418588 0.170365456636 0.320928423107 -0.205631864929 -0.168600308692 
5 -0.118824305507 -0.177239112306 0.681212932418 0.63194029647 0.705985210972 0.22269718091 0.378682414371 
5 0.326751725239 -0.646989731592 0.754975003571 0.373226624951 0.668116926284 0.105495268353 0.19473958767 
5 0.0449557214056 -0.730394669327 0.754079035171 0.537084771982 0.208050587057 0.00205687855299 -0.124702895098 
5 -0.0964955456005 -0.573935033001 0.619582008193 0.213637214373 0.807104746864 0.127685678757 0.0934110478716 
5 0.163744768884 -0.434880651744 0.939670765809 0.192283886793 0.737301838794 0.174194625508 0.370235180856 
5 -0.441241865025 -0.856929811536 1.05056869543 0.4878344562 1.10779238001 -0.0877668654803 0.422111900296 
5 -0.164234184594 -0.356457824092 0.737190437715 0.319237824947 0.519346852447 -0.174293351986 0.0573994053535 
5 -0.160542410356 -0.358319115077 1.15108348591 0.499685371789 0.558600917668 0.273627229027 0.392431487405 
5 -0.09339959699 -0.208608459371 0.79619017217 0.593510821138 0.629636740404 -0.221299241958 -0.0385389969563 
5 0.38587048267 -1.14499010675 0.853397268351 0.481043151655 0.809140268541 -0.226574389687 0.286507240395 
5 0.384578992896 -0.185282015161 0.593929073864 0.453748525546 0.313362043596 0.547545159456 -0.112724170407 
5 -0.0743639513247 -0.648025086462 0.760976048339 0.675523736643 0.690853737726 0.172664328849 -0.0638901029167 
5 -0.0245174220145 -0.556072633245 1.33077142272 0.478944034994 0.789071745618 0.224006347296 -0.504947326834 
5 -0.26733161011 -0.139609198926 1.18974286933 0.51451294126 0.874494878736 0.235694463074 0.204452130148 
5 -0.185783269383 -0.473555493525 0.838925203503 0.578470447566 0.716405114059 0.62420755494 0.124313154167 
5 -0.00933802714361 -0.721920846006 0.990589782681 0.411005615931 0.620471285709 0.16290060949 0.183585625046 
5 0.152822010042 -0.726262373186 1.30153106494 0.413218953733 0.879229743777 0.518956413682 0.0656522448317 
5 -0.00858515919401 -0.361031724506 0.929997633659 0.568797209372 0.684984920149 0.0249409679079 0.15507572338 
5 -0.224638133865 -0.401773832617 1.11733794965 0.331999716937 0.293374361515 0.459319680872 0.0311206732316 
5 0.224659395878 -0.544321061537 0.80831238007 0.327575851987 0.575393385251 0.136282279334 0.115216043418 
5 0.00828064928825 -0.793349259342 0.759485597008 0.602705441773 0.990732059727 0.27768091601 -0.30039711309 
5 0.146435137982 -0.779793415545 0.881862978703 0.723430249103 0.53665891096 0.0845989095868 -0.191959439498 
5 0.170069985943 -0.98735056049 0.604167886061 0.374446706802 0.828976643037 0.256773254241 0.186898194614 
6 -0.979643062999 0.598734993929 -0.523295936341 0.812856010736 -0.949849042179 -0.82238059761 0.380756039334 
6 -0.631493468901 0.487673104455 -0.44444956205 0.724274086378 -0.5592183383 -0.879312105019 -0.165856333871 
6 -1.23557975787 1.04158353123 -0.404412490545 0.811740054685 -0.755868755077 -1.10713986193 -0.0652846523697 
6 -1.15045706143 0.988640566639 -0.428919340157 0.466172725653 -0.571104533385 -0.730747646353 -0.261965105339 
6 -1.38842684972 0.513935586694 -0.405591110145 0.422227709386 -0.896804558975 -0.651466068095 0.131317381653 
6 -0.891803661711 0.243081537874 -0.965222050197 0.873740923595 -0.321317295639 -0.666851416943 -0.0139904705594 
6 -1.1952677265 0.831775224594 -0.837499897613 0.53199617417 -0.848196138899 -1.0200004023 0.317209635507 
6 -0.689530302977 0.649270972918 -0.960654851759 0.743907845983 -1.06430578096 -0.821484619531 -0.296480970671 
6 -1.26715827141 0.978642995692 -0.608783607522 0.617674922199 -0.652666887169 -0.959767274089 0.0702499540415 
6 -0.75308719049 0.22838498735 -0.53079349733 0.602870163301 -0.549648721632 -1.05632108447 0.184819264225 
6 -0.755880620883 0.694091778941 -0.553447641211 0.236416641529 -0.600596906936 -0.963291872585 -0.0869290215367 
6 -1.09530020105 0.634651588311 -0.651537063222 0.638708406785 -0.719187833361 -1.01170105237 0.241903999707 
6 -0.984550834812 0.740936161121 -0.66699367778 0.622819003607 -0.922240929666 -0.390066279748 0.113339456283 
6 -1.1528517013 0.205503419815 -0.49859816689 0.444767857411 -0.592928590126 -0.663486626412 0.199779898286 
6 -1.35342810461 0.978581672236 -0.601584083481 0.476470135233 -0.92188873907 -0.820164033706 0.398371941977 
6 -0.783817722323 0.392998568744 -0.42781270068 0.55167523735 -0.729184352445 -0.643876172353 -0.0622707088821 
6 -1.24830368873 0.598705558998 -0.683593107433 0.863139429383 -1.00488925117 -0.718804121659 -0.28282184371 
6 -1.05569941638 0.579206158321 -0.671951104086 0.580375108729 -0.634900169267 -0.388493947583 0.33131931666 
6 -1.20073287904 0.905171535464 -0.591227850628 0.759311039524 -0.528350339185 -1.26522815922 0.553193790381 
6 -0.832461181325 0.496919954876 -0.249943055575 0.277435399261 -0.811055742095 -0.676303876559 -0.0449509597137 
6 -1.25177598542 0.871555161199 -0.474847559655 0.977649346081 -0.704555953321 -1.19127401182 0.27417227077 
6 -1.11635742695 0.78536922263 -0.394218662653 0.412692012833 -0.798517384148 -1.14289493849 0.135873330677 
6 -0.8811386272 0.292942478174 -0.570719482288 0.649453787295 -0.639888930038 -0.969546429716 0.312236849513 
6 -0.982211296583 0.989296353157 -0.556341650629 0.391576499063 -1.04011663507 -0.69658108436 0.233586890457 
6 -0.855128076929 0.760441246417 -0.660269915989 0.557603004336 -0.699683280406 -0.911766083959 -0.338709295961 
6 -1.37555871405 0.723292203499 -0.57406916113 0.810073799114 -0.75616386773 -0.819954772915 0.0821051793994 
6 -1.01338302939 0.581131941277 -0.0793610672358 0.853804106677 -0.950061923839 -1.18689403789 0.0747432719736 
6 -0.942202376942 0.804726948181 -1.21484651465 0.725685955514 -0.705892136784 -1.37993645627 0.138066097274 
6 -0.539003779374 0.161189818476 -0.597014690658 0.586970439166 -0.700595478585 -0.511738533268 -0.074750665029 
6 -1.04725585608 0.191611503299 -0.553572536146 0.551284657665 -0.497257510193 -0.681743237933 -0.102396500613 
6 -0.875054473045 0.641517897079 -0.246468187983 0.884807901725 -0.986906434152 -0.68153260837 0.0625991049347 
6 -1.07244396276 0.607619288126 -0.691978711738 0.543169177214 -0.85547089754 -0.769125401325 0.132806398784 
6 -0.918920099064 0.762244299566 -0.478512697625 0.978265258737 -0.57003867616 -0.804403163064 -0.11032047614 
6 -0.617003088917 0.492854912248 -0.884131375899 0.606275685881 -1.13732379856 -0.934484280778 -0.0247729677571 
6 -0.969229994413 0.795379753588 -0.444435180431 0.762614590698 -0.404003343597 -0.375126463007 0.055454903045 
6 -0.440970376805 0.853898064259 -0.722786920852 0.621322765724 -0.735275542049 -0.791273381289 -0.119477021238 
6 -0.348775368596 0.792365960543 -0.751600967088 0.596400817247 -0.831614455023 -0.892527686159 0.38514726066 
6 -0.938341587807 0.417681351612 -0.823252006712 0.431091823528 -0.866076239231 -1.17147883918 0.0970339075101 
6 -1.36158124036 0.766301180324 -0.653906645054 0.457337299542 -0.682933487916 -0.965412523293 0.232239352505 
6 -1.05845417435 0.550271956259 -1.18712215573 0.435139210021 -0.823197434125 -0.980650960252 -0.139917963228 
6 -1.01415600134 0.257015624702 -0.301718864551 0.751798780443 -0.850908205708 -0.902570113604 -0.08640097894 
6 -0.989224574602 0.529949272291 -0.61643990787 0.857463013601 -0.668469217588 -1.01306549321 -0.0427708997696 
6 -1.40661319678 0.40073755317 -0.780560843379 0.5742619893 -0.305588334148 -0.757714539509 0.238371784489 
6 -1.38262532163 0.721840170259 -0.611997124062 0.353979439287 -0.940767374881 -1.00592015012 0.442837949218 
6 -0.697928125621 0.718569441112 -0.937223743632 0.88559580079 -0.830630839848 -0.742946503514 -0.393246945364 
6 -1.1781140217 0.769854968449 -0.710910432396 0.378258565792 -0.666030070255 -0.813010981349 0.336126695257 
6 -1.05405787166 0.863761446544 -0.570560597724 0.820929724865 -0.805197594106 -0.630667355153 0.257776967512 
6 -0.874312948867 0.582656102135 -0.507178953987 0.529834708689 -0.621089183073 -1.19890264958 0.261846238204 
6 -0.915952187899 0.658926982293 -0.443651774389 0.271136638815 -0.843663466658 -0.460237345858 -0.118347056332 
6 -0.975461814927 0.590166456353 -0.454035696739 0.485702209004 -0.605723796181 -0.781412837161 0.275863001271 
6 -0.857609543076 0.399476730384 -0.656039007891 0.644505118074 -0.734640927445 -0.648976410227 0.0143045826762 
6 -1.065423577 0.508034387727 -1.22170357496 0.473471920317 -0.716905346027 -0.989304578259 0.101673584443 
6 -0.862970098992 0.588767990266 -0.265711716541 0.646088926945 -0.782742678053 -0.946105911569 -0.134545779821 
6 -1.41584512694 0.562844740657 -0.627830301862 0.343167581074 -0.916395365858 -1.06094652165 0.29456754259 
6 -0.947858479295 0.480219421436 -0.567085081672 0.878048219327 -0.318374572117 -0.806253217571 -0.0546793672839 
7 0.40848088451 0.387422876684 0.248552245204 -0.372400224912 0.261051113683 0.519864569913 -0.311718981037 
7 0.442817375017 0.699549987537 -0.104688416479 -0.0517625359657 0.647776867169 1.0457727805 -0.827923786209 
7 0.0383058517913 0.868579940662 0.154273691814 -0.192813479388 0.0233914973351 0.782737215285 -0.637521240661 
7 0.634375989649 0.508137138414 0.233704212096 -0.392032919556 0.486778062915 0.641155497001 -0.935522169091 
7 0.954045088675 0.889322889588 0.20752674583 -0.309959961724 0.502161135092 0.773318407475 -0.617652348242 
7 0.645547043896 0.58490258169 0.30909596943 -0.570824106473 0.442546064211 1.06351052945 -0.622736817579 
7 0.450468025035 0.502049235149 0.489489268104 -0.178678932798 0.874604371767 0.533991482807 -1.0108312568 
7 0.387779326986 0.983717033703 0.167853248975 -0.0293355487128 0.557167024268 0.808981715262 -0.535383817358 
7 0.568915875004 0.759205855348 0.0327190488312 -0.128874537742 0.481437879985 0.618638441058 -0.824832238581 
7 0.294396144237 1.27688181493 0.0426020859854 -0.64917537698 0.496251020077 0.684900938072 -0.761769041764 
7 0.68741110019 0.642446882381 0.58483253976 -0.139965184227 0.767072971047 0.560813248668 -0.798542372189 
7 0.477395891169 0.293506840691 0.368365236411 -0.617244229334 0.743129974349 0.650415265916 -1.24236358975 
7 0.795718132098 0.989933610141 0.448242106958 -0.558831580531 0.688790357721 0.68100318534 -0.667663513905 
7 0.537575208653 0.600569405784 -0.0486510675441 -0.426977698075 0.520566008024 0.767653251624 -0.655837568153 
7 0.575148592994 0.795543502663 0.339666723719 -0.0427149773532 0.571939818524 0.577928662562 -0.937043309734 
7 0.695630216306 0.427522795671 0.31933040879 -0.328893372008 0.932499422857 0.730491420886 -0.565488663057 
7 0.565231401115 0.663159443019 0.161218369511 -0.421293062192 0.504194439955 0.985885314843 -0.813368099451 
7 0.495191982555 1.05503036793 0.313231152844 -0.38675133095 0.355430832385 0.537349529215 -0.0694527448918 
7 0.685138307732 0.443491557783 0.510585299289 -0.48150787297 0.271551962305 0.861149275405 -0.821607882772 
7 0.741751954308 0.67620785638 0.316875912283 0.0509459140119 0.587766206131 0.961217582347 -0.195928835126 
7 0.837275839706 0.504130040089 0.3049419556 -0.511464756676 0.235972222072 0.339634872293 -0.376495307632 
7 0.869661898074 0.506844675765 0.210137368956 -0.301216116178 0.538196020237 0.391670839961 -0.674652416743 
7 1.10576044147 0.517372066639 0.282315697148 -0.620099360201 0.576035989601 0.58860258492 -0.977849262501 
7 0.627440653607 0.132496987907 -0.184140172142 -0.101320259721 0.746146563168 0.839791426402 -0.173931887399 
7 0.836393071264 0.153239123592 0.659336236817 -0.386347488409 0.686166827437 0.423736448401 -0.693414823712 
7 0.344344014961 0.962171785827 0.341073497315 -0.362830150041 0.91017602384 0.694628383845 -0.682974815319 
7 0.644596092071 1.159237772 0.139889876068 -0.519642678915 1.01620177729 0.730896929519 -0.557779045527 
7 0.724147982198 1.0269237949 0.137487821356 -0.54644582578 0.582220474325 0.641170763859 -0.193064142999 
7 1.06458752523 0.43777149991 0.245726018874 -0.343291738532 0.602085945866 0.759256862365 -0.395590561141 
7 0.339459253967 0.45297100261 0.250238639018 -0.299969683462 0.475471405863 0.695015931607 -0.638859855484 
7 0.895362362333 0.78133579812 0.185854078887 -0.681531347738 0.620549094556 0.739728423454 -0.619278452971 
7 0.699804838663 0.919638087639 0.146717684248 -0.434009695925 0.710740320261 0.541711066368 -0.193198267378 
7 0.701558506115 0.66511264485 0.190071179423 -0.402338759644 0.309005326147 0.97866135641 -0.384049410668 
7 0.135354188198 0.697269441009 0.556855270706 -0.472231774694 0.728451554274 0.979058232983 -0.771609829413 
7 0.807672234315 0.936976598159 0.42987437563 -0.480598107795 0.55403960017 0.490994139099 -0.539562225361 
7 0.456119299862 1.15522149187 0.514817633665 -0.328566621264 0.416344963105 0.853828555148 -0.427714436283 
7 0.971008720394 0.493465355341 0.508452482743 -0.827697811596 0.218726132861 0.315845681859 -0.456453522482 
7 0.939202014211 0.817001168598 0.238143301428 -0.572848842882 0.305122614212 0.629354305534 -0.0821986013072 
7 0.741219373792 0.897916818742 0.438648675771 -0.520487063381 0.513505800057 0.513931194869 -0.163683686973 
7 0.517096347248 0.769740336124 0.298463384967 -0.0448463638277 0.673636876532 0.50539975574 -0.253163029314 
7 0.62681563787 0.566847970274 0.0721067562445 -0.409954743517 0.34387602818 0.369944210141 -0.303096105106 
7 0.418344671095 0.851183175912 0.328060113013 -0.20171467086 0.957419715802 0.76880026737 -0.571475560275 
7 0.623297398292 0.931722175003 -0.115537449514 -0.238307703124 0.904974707628 0.544059101639 -0.2155107323 
7 0.840285321475 0.821847440746 0.162809561806 -0.281020925704 0.539921653023 0.850825322142 -0.418739256627 
7 0.55591551588 0.780704110827 0.251164260674 -0.370595571897 0.341816298618 0.584746282935 -0.688620326939 
7 0.891660599512 0.542481894145 0.54977843782 -0.279256010828 0.233450102976 0.449654311713 -0.0382890318251 
7 0.868403404084 0.514156320966 0.774681030207 -0.525404423414 0.806024215242 0.507289398249 -0.788084763315 
7 0.633949805817 0.816220523978 0.329361759534 -0.593069181914 0.59589936653 1.05809180711 -0.649323549287 
7 1.0438332903 0.615353673799 -0.158031454705 -0.327156487928 0.307081986952 1.32345782616 -0.353011873628 
7 0.519310396555 0.980647719762 0.295869579962 -0.704179308396 0.883279944522 0.665997461502 -0.441656730523 
7 0.536383468848 0.69515615961 0.613477824776 -0.359447774646 0.661268583938 0.316088126521 -0.236772482727 
7 0.61684263616 0.707917573718 0.196723990059 -0.198937357118 0.897902291781 0.557488900122 -0.743534367618 
7 0.685127056406 0.414446446371 -0.0103065083268 -0.216959410415 0.869332186078 0.462155776076 -0.49331453993 
7 0.659657209343 0.803493555252 0.453361834009 -0.407115004962 1.00850676645 0.409393849498 -1.10752191457 
7 0.219130111394 1.01401130557 0.206151857309 -0.716691401405 0.92608664478 0.879039136952 -0.514221573549 
7 0.758451563928 0.341402219713 0.168884960073 -0.383480070565 1.0510249367 0.5471094931 -0.539492015736 
7 0.398459416229 0.722840550275 0.162396534033 -0.23143244908 0.674707337321 0.340608508204 -0.826036515468 
7 0.556329116726 0.929722117018 0.454284143029 -0.681966298931 0.600295368836 0.593525490515 -0.423434057675 
7 0.552073646697 0.287247865947 0.623389283342 -0.465538158022 0.366481653366 0.931743151008 -0.751598380147 
7 0.482837093788 0.664147399936 0.338135734611 -0.270004501463 0.817339832989 0.0821644429246 -0.0483078048189 
7 0.359107682224 1.09706864416 0.462480787134 -0.555184446711 0.421081308269 0.37153067572 -0.45906522947 
7 0.70574921486 0.829921367883 0.0736956596421 0.0234103557528 0.887088253706 0.42973467485 -0.297575840856 
7 0.493755756342 1.09659595908 0.21006620534 -0.636652401259 0.471203121538 0.541263630852 -0.575968710101 
7 0.488748903572 0.436719374366 0.528943316563 -0.502189186994 0.516621952121 0.815772863679 -0.67705125214 
7 0.54602213815 0.878636651483 0.273366396949 -0.465132182485 0.620614138532 0.4570997135 -0.865804803402 
7 0.482461399656 0.59608398675 0.650986154395 -0.465531917939 0.393814622862 0.567778314826 -0.299834726051 
7 0.360362440518 0.967335894815 0.492908982917 -0.0624702112392 0.508350561163 0.825444910413 0.0194771468474 
7 0.667375905682 0.74585342767 0.0167131007784 -0.296686959246 0.814130072138 0.671079533798 -0.462140832572 
8 0.97970479806 -0.991528569619 0.0379689336311 0.44765963469 -0.711413591151 0.376019173447 -0.324796036749 
8 1.4476870586 -1.03564482087 0.0194575301629 0.802757033108 -0.643881484355 0.0798464961717 -0.48870908158 
8 1.09690979324 -1.18243341931 0.561589473231 0.384853979917 -0.563332346643 0.0161032006557 -0.882615484033 
8 1.08772551212 -0.68620318888 0.46364248429 0.332778647179 -1.03734363057 0.251443494287 -0.237216263449 
8 0.313066447119 -0.793183372368 -0.0855718303128 0.430340794563 -0.577666888191 0.165938663114 -0.378300783962 
8 1.02526865201 -1.12981258456 0.404310603954 0.515948923345 -0.615626924641 0.337267235534 -0.260078735494 
8 0.924029871 -0.99609171644 0.128416392149 0.61470774641 -0.741822761466 0.077871687226 -0.229944814904 
8 0.878979268415 -0.73775318681 0.22377826366 0.666522293835 -1.07405661501 0.0832900359895 -0.639066747506 
8 0.660520531783 -0.553688682918 0.471655651341 0.608099599863 -0.652975850114 0.379484943099 -0.531140011061 
8 1.0787362543 -0.614914456908 -0.0893630282883 0.833309731686 -0.597367779972 0.272738029333 -0.316815287781 
8 0.974265433685 -0.23737888501 0.501936309662 0.433066549714 -1.09700915915 0.486860438109 -0.18135553501 
8 1.51701206826 -1.0954887071 -0.0837977200219 0.603261103269 -0.88014611503 0.434364263236 -0.340992754717 
8 0.919665343536 -1.07640538993 0.0208625096873 0.625360106115 -0.767507590061 0.406562563055 -0.453152869337 
8 0.921207772478 -1.24183721646 0.0773300767431 0.182009850743 -1.10274593508 0.236670091604 -0.0937530800627 
8 0.563348341413 -0.745558889012 0.423898482756 0.544493847803 -1.06816108635 0.202881258607 -0.307372869702 
8 0.652818176255 -0.634285178011 -0.072321605181 0.172203372187 -0.393941660474 0.232318449518 -0.242986407911 
8 0.534348670705 -1.31870598123 0.415947837771 0.187424579795 -0.431266456405 0.213663771014 -0.691873084329 
8 0.568282822002 -1.23169440582 0.462621060743 0.265580628258 -0.183198951604 0.48709507911 -0.212140889878 
8 0.922279970065 -0.574829399033 0.214022323203 0.97075770859 -0.401289811568 0.102548571396 -0.444574494348 
8 0.406446871518 -0.564285739256 0.583300803568 0.421955076737 -0.99335623434 0.212491904658 -0.212485210567 
8 1.0153498546 -1.37850775987 -0.164127242716 0.935896260222 -0.699641081767 -0.171145776537 -1.06658618908 
8 0.733143615211 -1.32206280502 0.319758071902 0.650912930471 -0.713336767219 0.133070516092 -0.323216226268 
8 0.744274135796 -0.933211796093 0.465194986059 0.535677409863 -0.605197604785 0.0611799725658 -0.78519422426 
8 0.682324232468 -0.717234731208 0.573074375853 1.02696059761 -0.39082110176 -0.165737261849 -0.358725311879 
8 0.884863111784 -1.08166475515 0.134255151993 0.604389642264 -0.980554558622 0.412764675878 -0.355995760277 
8 0.88444397663 -1.08120577607 0.578898958907 0.325869274716 -0.550375418045 0.0777243034929 -0.551248714406 
8 0.585090355889 -1.01343731 0.18973307467 0.205157820703 -0.672840702351 0.110590406974 -0.683579410506 
8 0.924139102998 -1.04846512033 0.220438506714 0.420590257442 -1.12361970982 0.336835636087 -0.862631163147 
8 0.81047756227 -1.07865722914 0.0858837137586 0.780536515062 -0.80425357317 0.240079680638 -0.402510213086 
8 0.970636064014 -0.909977272052 -0.0872874753137 0.635809240176 -0.668629649927 0.144197181772 -0.684353236153 
8 0.986168623674 -0.512207977754 -0.17863383947 0.656173697654 -0.888686043574 0.532118561129 -0.499906913923 
8 0.416516989571 -0.60313376747 0.0327420949008 0.73851455582 -0.515819958236 0.527397858218 -0.301613247794 
8 1.17045695481 -1.28482930546 0.794351952644 0.525261299385 -0.554368956173 0.164853834757 -1.01382295216 
8 0.939583876991 -0.832922663871 0.384370279551 0.888826601862 -0.709712336485 0.46095154064 -0.472289346438 
8 0.757592005424 -0.812916662656 0.286856523696 0.585384392058 -0.861968008823 0.302752183631 -0.685359227778 
8 0.5524868652 -0.589786789202 0.256874542353 0.323553008307 -0.687320482268 0.632398019515 -0.385542651909 
8 0.945808153064 -0.90208161233 0.55165273067 0.45240687113 -0.494283143853 0.444158597684 -0.24735086825 
8 0.438365663455 -0.726412060661 0.46291275919 0.253559621792 -0.671631583264 0.26335614458 -0.263882992954 
8 0.902283936054 -0.945888251805 0.455248083388 0.494825655785 -0.284196336423 0.330115218422 -0.563370238846 
8 0.709287051679 -1.30672870988 0.0762186181921 0.839431493182 -0.616387768292 0.0314567986353 -0.0520264127325 
8 1.09822803641 -0.676864228394 0.0782613449819 0.143665525115 -0.866647258969 0.498999488352 -0.427225599039 
8 1.44202208244 -0.902370074788 0.601621911589 0.484643510404 -0.350582180535 0.822899535175 -0.380086965442 
8 0.899139657952 -0.890083349927 0.312022734522 0.853465554468 -0.308866863671 0.360535801865 -0.578329632426 
8 0.674779769229 -0.98081460632 0.362074229458 0.334703594096 -0.777426249496 -0.0478066831826 -0.359545833352 
8 0.717707713291 -0.84256823704 0.298563383305 0.464415246738 -0.761819072238 0.201260214346 -0.22031994134 
8 0.821361653988 -0.615507193319 0.181255996648 0.624235097889 -0.848561007919 0.0905197076423 -0.49351551567 
8 0.648390004883 -1.46200503754 0.320533604974 0.297161845689 -0.670958314626 0.737249531402 -0.333280657099 
8 1.06638340696 -0.906373664563 0.104559765018 0.531291346637 -0.30254682866 0.296154136966 -0.205500507098 
8 0.819264642803 -1.0591118312 0.631823352514 0.555570710989 -1.02071848095 -0.0753710106721 -0.234341840179 
8 1.04504323321 -0.91288671283 0.308155955176 0.575417492393 -0.845892952117 0.516515362892 -0.547736736768 
8 1.13202528579 -1.13313990971 0.332320004803 0.614515832305 -0.308066844123 0.359581817055 -0.554703493236 
8 1.00283952809 -0.913766257257 0.192869857017 0.619414231624 -0.603446535584 0.215942495131 -0.346384416213 
8 0.756572072416 -1.20686759477 0.0385200830249 0.402814060762 -0.879400495512 0.0603465959351 -0.36850479712 
8 1.14082666055 -1.28756410316 0.53604095079 0.674303993755 -0.684754285176 0.348516469701 -0.323574903398 
8 0.567491616917 -1.06812382017 0.552947732783 0.717596693092 -0.27309334137 0.305168214192 -0.902203474834 
8 1.17444396946 -1.02682564808 0.0917408153568 0.31787650466 -0.670629762899 0.608295709706 -0.638912331262 
8 1.0285677607 -1.3488665657 0.371017044541 0.267964587279 -0.556305263697 0.226368425818 -0.34075016051 
8 0.584939700863 -0.850201217902 0.154794417033 0.323645228439 -0.550444687605 0.608285504249 -1.05397501746 
8 0.818979471878 -0.971578386181 0.149808310391 0.713095274168 -0.371824460279 0.371307772119 -0.632191438219 
8 0.429337723606 -0.964209807857 0.122600384956 0.463419980621 -0.24439114436 0.610770462532 -0.575103630659 
8 0.760817196708 -0.620056536736 -0.0309658969062 0.687095349496 -0.473628410207 0.245071766066 -0.936405834062 
8 0.975392001001 -0.883221737509 0.213253975552 0.731547266253 -0.966575869911 0.521034667915 -0.517298130131 
8 0.749682921259 -1.07782610098 0.159265838316 0.248884581684 -0.494570038623 0.143278460354 -1.22748279113 
8 0.879533991791 -1.13344709728 0.328074223846 0.721064378584 -0.480051572512 0.0952856024299 -0.3737546717 
8 1.10969903348 -1.24444048744 0.565571444905 0.467796857321 -0.690169896904 0.0295133882958 -0.594454793024 
8 1.00516225403 -0.844987594614 0.254032295854 0.103229601213 -0.682371143417 0.376185707734 -0.817746688692 
8 0.68820797547 -1.30949960677 0.529373771106 0.950083433649 -0.565705099274 0.165217440717 -0.271501317371 
8 0.952015276637 -0.885033992432 0.214621203239 0.484061182366 -0.879466806394 0.343260447568 -0.477904801929 
8 0.929982279218 -0.887846703191 0.386627702524 0.80515591044 -0.659667933221 0.170993849997 -0.826700961469 
8 0.719582215843 -1.0025474439 0.34566033667 0.842193572199 -1.00626681187 0.142870513441 -0.436666839305 
8 0.594412098187 -1.25443051514 0.0497668237276 0.418330000854 -0.452011272473 0.172276351391 -0.418596946318 
8 0.81476140037 -0.931695034817 -0.0592330630671 0.818581306024 -0.826468509363 0.224795208422 -0.906176606974 
8 0.546372132745 -1.08410106368 0.232394421428 0.548092194814 -0.613420080366 0.106445684387 -0.459659538316 
8 0.654905595149 -0.840716053691 0.164884845163 0.516868410314 -0.80391024604 0.373803009527 -0.663861998276 
8 1.00489883825 -0.85150598622 -0.101562829682 0.44557131691 -1.26918653041 0.363690734461 -0.194219671693 
8 0.823750192359 -0.927478861892 0.230974412745 0.614498371609 -0.453855492948 0.385053081125 -0.578871461966 
8 0.601621886777 -1.07180980371 0.113600942921 0.845846921497 -0.704243621696 -0.0452774984041 -0.634743880464 
8 0.416459246563 -0.708774698369 0.682055092609 0.588043528659 -0.389341962244 0.48033306362 -0.497142539198 
8 1.09819727623 -1.37945375215 0.136823265003 1.05043617282 -0.802531181201 -0.0232134973077 -0.209418055795 
8 1.2234730382 -0.791489907419 0.0851323936198 0.0347347195419 -0.595752900672 0.253977567887 -0.783599536964 
8 1.16395733677 -1.10779164884 0.174840309284 0.596294412487 -0.967595735192 0.343035991223 -0.719345465985 
8 0.848327062904 -0.796426986762 -0.127758107281 0.877184761144 -0.666114512693 0.361991016171 -0.716545638608 
8 1.24970898612 -0.935000761825 0.354942053193 0.621723610838 -0.501184312065 0.356167312642 -0.836233503429 
8 0.231825208623 -0.767048097534 0.331607372304 0.370931297739 -0.339069428689 0.326216615924 -0.695255202516 
8 0.794921987569 -1.17888972879 0.371375252597 0.452946860141 -0.565514017112 0.197931824398 -0.310713034274 
8 0.67095499838 -0.984208838332 0.182293925393 0.460617202913 -1.05641976975 0.182599658622 -0.420608113335 
8 0.946568557289 -0.704267199664 0.333164312146 0.177589694906 -0.764904946963 -0.200336398761 -0.528557399635 
8 0.891624602349 -0.834926576595 0.454804214234 0.37555700498 -0.793229575546 0.122574842134 -0.803577476018 
9 -0.120608560496 0.222998780128 -0.414075651546 -0.00799191409343 0.36834254329 -0.833456856715 0.796103332675 
9 -0.230067840166 0.476872189945 -0.215311967713 -0.193934392214 -0.107873135976 -1.02963655049 0.708070335771 
9 -0.284303658124 0.146810386434 -0.635080790645 -0.218694566935 0.106774261018 -1.10487661552 0.548998960211 
9 0.0237844701057 -0.0604725612712 -0.227740221246 0.0647697257915 0.64939132562 -0.932272578983 0.979151774837 
9 0.0448843115689 0.36846468582 0.0838990665479 -0.195349025348 0.0118656821619 -1.01568492436 0.2505035565 
9 0.179611173893 0.204879492505 0.224482178012 -0.0761718457201 0.105015333139 -0.910361547557 0.675237386837 
9 -0.219552586767 0.0595074438839 -0.575370943584 0.0749763670638 -0.357877974538 -0.698970893594 0.464933459519 
9 0.0194258761421 0.304483816521 -0.214943494336 0.255823102863 0.115729065882 -0.972884060605 0.233748314748 
9 -0.0360040088354 0.866468567987 -0.378214241261 0.351711364112 0.416261465067 -0.818994178578 0.455961191152 
9 -0.151813564976 0.299782205899 -0.332831697924 -0.203671392566 0.207133495795 -0.638063004952 0.367078803193 
9 -0.00135414707561 0.239338336058 -0.115834456768 -0.0659231285933 0.339563639316 -0.659696132829 0.626619831363 
9 -0.31414844823 -0.0402716407134 0.00567812555071 0.223900255529 0.688784261886 -1.31479796441 0.732112096133 
9 -0.252401582769 -0.110338013539 -0.0384630947228 0.21588138626 -0.0394230131258 -0.991396766198 0.719789762704 
9 -0.28869605937 0.192478798905 -0.60353645194 -0.143297552052 0.782228577438 -0.908597955439 0.316468301413 
9 0.17095178223 0.0696943902588 -0.110390560686 -0.0454526176851 0.0289044955649 -0.862304964564 0.312432204957 
9 -0.186866163638 0.116420276727 -0.361539440989 0.14141078043 -0.220309181622 -0.483279516712 0.305174352284 
9 -0.196472588329 0.397312276171 -0.38534850714 0.148811750508 0.287726750584 -0.702916893558 0.303136552785 
9 -0.323429858914 0.265143988227 -0.0238471630263 0.155033789084 0.102482136268 -0.964121201379 0.413341996773 
9 -0.454231515821 0.351800145987 -0.304050191114 0.432927283331 0.396060115878 -1.19587861537 0.780917259742 
9 -0.13606971163 0.596969420026 -0.0835787816809 0.231477392765 0.168697954905 -1.19582294403 0.235782232018 
9 0.0221452448426 0.0457861622549 -0.445069996764 -0.0486264903068 0.0786773501275 -0.837961880731 0.452099867977 
9 0.31117189242 -0.141670480978 0.0277223520912 0.241242049905 0.35511980468 -0.979711487321 0.565708671851 
9 -0.0375662123354 0.0814601779894 -0.42708843699 0.33296788587 0.196039673344 -1.2793089775 0.327263727517 
9 -0.217088449421 0.121937864913 -0.196430165638 0.273987249882 -0.103458165435 -0.65955693425 0.343878493474 
9 -0.481743154045 0.0239880402365 -0.215059808968 -0.22961254385 0.423528442723 -0.938927246844 0.226352675815 
9 -0.256965831682 -0.098314589038 -0.659079441681 0.185327442042 0.478044300538 -0.903522259061 0.707032010461 
9 -0.156362229228 0.111033705776 -0.23785890938 -0.200726299221 0.120258383434 -0.506652243379 0.602161913532 
9 -0.252975347285 0.226373763913 0.0475280409284 0.0798451140506 0.561936615174 -0.93934683768 0.444786158515 
9 0.101971155469 -0.0782572177348 0.249831193722 -0.152911178599 0.374086380643 -0.564000009996 0.361572244091 
9 -0.361862446556 -0.377203442078 -0.298942625011 0.155181347181 0.263137423622 -1.10342781965 0.639595915585 
9 -0.492500317197 0.120506078421 -0.33774847212 -0.015952263698 -0.272774491691 -0.774765839171 0.27788353789 
9 -0.453603897996 0.167071012086 -0.25916289539 0.0625727909614 -0.140902213345 -1.18831307099 0.548093959915 
9 0.0180865265442 0.201916411771 0.355508880475 0.088869820305 0.263704662265 -0.874366865555 0.778257259618 
9 -0.311830059254 0.226997013947 -0.394124145437 0.087310044645 0.265005636709 -1.10128837904 0.438817384131 
9 0.172098023225 0.124174375752 -0.459958805505 0.507755734409 0.606020303218 -0.522251160278 0.426862867823 
9 -0.038241785795 0.400451911501 -0.183665952099 -0.552836090354 0.526921864346 -1.01974428759 0.501801057299 
9 -0.294237416001 0.00898523892639 -0.344362637625 0.368116100155 0.219761813595 -0.664711607609 0.749960115295 
9 -0.131449275973 0.0388813618961 0.0175712322118 0.131957518205 0.517690066841 -0.767655536854 0.750542128622 
9 -0.268014170701 0.0751720059327 -0.390912455941 -0.264299830442 -0.082039878687 -1.6885370792 0.620649087243 
9 -0.247681705802 -0.0274461477834 -0.537270502775 0.155246379127 0.123111395191 -1.07908412415 0.487003471024 
9 -0.233257445806 0.18117721395 -0.487869426222 0.0525268666474 0.458627104925 -0.640641521029 0.273230596938 
9 -0.28942000405 -0.100370341513 -0.0520414825678 0.269746250807 0.229591986769 -1.16230010337 0.100930773866 
9 -0.0460552125717 -0.352335828511 -0.189095433952 0.284510929542 0.650254149827 -0.727338537467 0.431484432652 
9 -0.0629224974605 -0.00476890579909 -0.447128387201 0.0309893893698 -0.24417755408 -1.18572797585 0.496875876393 
9 -0.0860168371393 0.0424313766176 -0.342712984573 0.0477386529415 0.151487838778 -0.867141665847 0.387545970934 
9 -0.209151018538 -0.158955123752 -0.359951471004 0.004705964387 0.208068340028 -1.19921816778 0.565398441 
9 -0.134229824928 0.0852460730596 -0.548545777081 0.244882339049 0.530901852598 -0.665621335399 0.654969387887 
9 -0.462679765901 0.189636284342 0.0754866914457 0.131161182163 -0.0339277634676 -1.00327827193 0.575534484661 
9 -0.411243062691 0.512264774827 -0.251557732388 0.0502804087822 -0.146219133116 -1.0625265111 0.306925002071 
9 -0.0405953285588 0.271785431022 -0.0647299998422 0.0648800607708 0.270238799264 -1.19798507897 0.703671479485 
9 0.103172012904 0.574810527294 -0.070510138862 -0.115867597392 -0.150674003699 -0.936676704103 0.713156755069 
9 0.180395626094 0.189171029225 -0.396537358928 0.0974564437319 0.560364482956 -0.85002665208 0.662680498251 
9 0.171788196073 -0.413484754925 -0.183333498349 -0.00724014168597 0.190152860587 -0.586617258369 0.479463099854 
9 -0.191613608208 0.248730505068 -0.197294388093 0.0394440070877 0.142594791158 -1.17500201107 0.563303218356 
9 -0.0718454155397 -0.342530414749 -0.405068296693 0.394760379835 -0.11038786244 -0.987907744131 0.804783055317 
9 -0.0534765084919 0.403248196818 -0.312144889359 0.424913021062 0.305764940501 -0.467476279143 0.554002132243 
9 -0.241349513742 0.420869588671 -0.197210118927 0.215917310752 -0.0456063816598 -0.88748203089 0.202315752988 
9 0.258699480639 0.224516948441 -0.277423229617 -0.238821518536 0.105914410973 -0.92736458573 0.420599617957 
9 0.202876473581 0.204250436192 -0.701819042584 0.160007595959 -0.147484443883 -0.726262758337 0.435780844865 
9 -0.114581534143 0.495753456854 -0.432155235144 0.396947000841 -0.289194057206 -1.08097732041 0.520983925587 
9 0.285433824943 0.185503409801 -0.494278043508 0.16165412422 0.459887611356 -0.506536962119 0.231383308749 
9 -0.39789470668 0.121244402047 -0.149865977399 0.124981659778 0.401875904522 -0.854658390662 0.51104262581 
9 -0.497438856627 -0.0725174009037 -0.0447194917473 0.166040964987 0.13845948062 -0.864603232618 0.94957202058 
9 0.12542823284 -0.15357455791 -0.380900302365 -0.00602465541454 0.169997382268 -0.64487031215 0.78401749136 
9 -0.178824912101 -0.168452581639 -0.198275748652 0.382539170108 0.40610438662 -1.08332634887 0.356819962294 
9 0.22590243923 0.228755491844 -0.201524203026 0.031216345322 0.467293985974 -0.846331361221 0.284853525537 
9 -0.0194945571685 0.226274017993 -0.283006319639 0.175273902674 0.583145425766 -1.00957160631 0.839040669647 
9 0.0114674364845 -0.117803861161 -0.134944044308 -0.164744216728 0.254483661823 -1.26619341558 0.323544104527 
9 0.0616506741567 -0.134534358784 -0.210471365337 -0.137051010779 0.305483110081 -0.710180017297 0.201487825898 
9 -0.212091628765 -0.0364011466753 -0.859027749838 -0.215737081166 0.415541607215 -1.20412534929 0.486586524561 
9 -0.639411103109 0.0192626163846 -0.118041810641 0.143452485811 0.138515141464 -0.861025983783 0.517476231926 
9 -0.0732969121934 0.155188713635 -0.388618985094 -0.00802137809488 0.328546143864 -0.616751696623 0.289038931656 
9 -0.32720823908 0.144762573185 -0.252316579993 0.458217933777 -0.0418542253265 -1.05631088747 0.255890394016 
9 -0.174342728746 0.0355913181148 0.312563894192 0.53924898958 0.162857272052 -1.16922627945 0.558583224596 
9 0.0960463977424 0.322431822072 -0.438570100193 0.0793591631139 0.164212588175 -0.816127459636 0.622553464542 
9 0.100533431782 -0.160771384873 -0.328707632178 -0.221653015711 0.368796160519 -1.17638970455 0.136891824758 
9 0.0541241657823 0.157570130182 -0.557737514828 0.00873766640998 0.205183794917 -0.801659132276 0.590142159953 
9 0.342053744456 0.0548148994782 0.283508550261 -0.177026030275 -0.0616374060148 -0.666109862498 0.398593840712 
9 0.121919938721 -0.0138612280757 -0.394123359007 0.0390524080945 0.380528925168 -0.978937648804 0.378331989931 
9 0.280047478852 0.586458586095 0.0344177734598 0.270595720118 -0.173204435498 -0.986048947381 0.658177277222 
