0 1.14466607926 -1.02289989668 -0.49929276327 
0 0.797464438682 -1.03756801867 -0.742827839467 
0 1.13811493266 -1.04066770805 -0.936686988627 
0 0.460891080766 -0.926285288452 -1.14345169151 
0 1.07729707311 -1.0764142768 -0.710204720407 
0 1.0428258693 -0.745699469598 -0.552491004745 
0 0.852532561765 -0.770052796707 -1.30351780205 
1 -0.504575703508 -0.780313711051 0.396302456732 
1 -0.778578974421 -0.424514329369 0.576257040482 
1 -0.464043535931 -0.379718055373 0.832180747142 
1 -0.145224029391 -0.577283448561 0.414547474508 
1 -0.47261452499 -0.974940272284 0.568104929259 
1 -0.262547147805 -0.732535632802 -0.00647844233987 
1 -0.18114236869 -0.581152299058 0.693528968162 
1 -0.402704152862 -0.688256374762 0.250387168333 
1 -0.686727068753 -0.811337459987 0.495390726341 
1 -0.348542627721 -0.220570204469 0.387490985019 
1 -0.689401725269 -0.211664130618 1.10332921355 
1 -0.297539635943 -0.601652718804 0.621044326978 
1 -0.671224640727 -0.927016868659 0.743099585206 
1 -0.433551964606 -0.561741403851 0.17831045087 
1 -0.528133545019 -0.866523994159 0.256111648584 
1 -0.427999765728 -0.314185963338 0.8882283513 
2 -0.354738393248 -0.633567249706 1.01123023333 
2 -0.35736494185 -0.430786358135 0.61415087898 
3 0.0728650301553 0.0762706321053 0.24644023783 
3 -0.173354904411 -0.517776200467 0.557790656194 
3 -0.231761472254 -0.135311910222 0.315113389941 
3 -0.501234125006 -0.0829077705858 0.484219877305 
3 -0.182943781133 -0.199718837837 0.187089239881 
3 0.292896008472 0.194007448161 0.511418103485 
3 -0.0620245745063 -0.296490182826 0.382636303173 
3 -0.629487446648 -0.541149923454 0.383694904547 
3 -0.476744581584 0.266277609141 0.6115450644 
3 -0.389977003343 -0.344695147989 0.572102488614 
3 0.307248193651 0.391763068607 0.42764709254 
3 -0.433716069427 -0.0314406742656 0.439061084565 
4 -0.18148385109 0.226523793705 0.52116594106 
4 -0.369341803717 0.0851851341117 0.357955901981 
4 -0.263630145496 0.73675394897 0.733199921707 
4 -0.481559529083 0.764467294503 0.0281083741233 
4 -0.157942438022 0.621449258382 0.491091598197 
5 -1.08432325164 -0.0557112726148 0.0917587581767 
5 -0.841875777132 -0.119921022895 0.0602050186171 
5 -0.915989093537 5.75945011954e-05 0.460852841119 
5 -0.716888110303 -0.134798444012 0.336995510232 
5 -1.03885268419 0.0315022798961 0.27521296263 
5 -0.941695934306 -0.000825230303239 -0.199251342053 
5 -0.567953255962 -0.0429700352418 0.450808575383 
5 -0.89155482754 0.0861246997101 0.29834397644 
5 -0.833848521623 -0.25012774976 -0.230000184155 
5 -0.720064898548 0.0720957574332 0.370691917211 
5 -0.607736704527 0.361351806334 0.450116840303 
5 -0.501300107638 -0.0434017922176 0.420735280484 
5 -1.0785566602 0.567746865797 0.142094430849 
5 -0.320783155785 0.0438837278509 0.0178126377216 
5 -1.15253320034 -0.0367902119423 0.324365922324 
5 -0.695156919164 0.0572445368301 0.131171046542 
5 -0.765133875611 -0.0137240713395 0.167767263562 
6 1.09180774995 0.842891411572 -0.18906459509 
6 1.70534187674 0.37415890262 0.325595414224 
6 1.02229576627 1.08587978676 -0.27324604456 
6 0.693906794957 0.7876923596 -0.279779023248 
6 1.32533962263 0.947627523082 0.0647644347969 
6 1.02947319373 1.08799049149 -0.183970071916 
6 0.906079983078 0.626051961567 -0.232063355681 
7 0.53113024632 -0.287283537449 -0.00574063099518 
7 0.819905851048 -0.413284588523 -0.322114593678 
7 0.64930734721 0.082371427731 -0.310918016962 
7 0.540203051541 -0.0458925290048 -0.788524082385 
8 0.0986560193222 0.39337367672 -0.696695974368 
8 0.0969605345739 0.906491961173 -1.20906354379 
8 0.292559075076 1.184918042 -0.412169048398 
8 -0.543923396227 -0.190163435307 1.02326674495 
8 0.120964563513 0.681665062862 -0.898183964609 
8 0.137403025419 0.513749238287 -0.819487490292 
8 0.0104748043619 0.572140704583 -0.706197253684 
8 0.0336976816284 0.427718843973 -0.684309299127 
8 0.275014731052 0.626763050307 -0.751494402388 
9 -0.0455850451961 0.318243660308 -0.61274889983 
9 0.143665608738 0.530083556272 -0.824448908402 
9 0.270695002181 0.466999330431 -0.54365297143 
9 0.147649997138 0.221532077868 -0.709049926401 
9 0.260824009476 0.459422572231 -0.578536221139 
9 0.165418483484 0.395733123628 -0.780842281124 
9 -0.169842958145 0.346150521417 -0.952394086024 
9 -0.331521776787 0.646093417693 -0.970761555991 
9 0.366878252629 0.787106503179 -0.884518486174 
9 0.120093281155 0.187010570209 -0.603001916285 
10 0.323406797819 -0.831135353267 0.578432972017 
10 0.523952804715 -0.904847412728 -0.212793526709 
10 0.100542642466 -0.736476558708 -0.0188910731833 
10 0.276598842028 -0.564540582788 -0.0538404710328 
10 0.266154204426 -0.916153417451 0.00481310138388 
11 0.67503573802 0.074343233999 -0.760495255125 
11 0.457471717038 0.104480759252 -1.11776836169 
11 0.971822460299 0.199885255483 -0.62455140881 
12 -0.516606587124 -0.520866783297 1.08204744785 
12 -0.341271300357 -0.564249732226 1.10419964457 
12 -0.470885744432 -0.913920263043 1.1423155305 
12 -0.305899030788 -0.752890612032 0.981691306938 
13 -0.385066920291 0.225271332347 0.0191484753707 
13 -0.871515119899 -0.970853998147 0.0794428661397 
13 -0.232813725967 -0.10114404464 -0.129158190241 
13 -0.183932653329 -0.507205662588 -0.206437657665 
13 -0.363974266756 0.278860887897 -0.108356960414 
13 -0.132456014402 -0.15324055698 -0.569516719333 
13 -0.6544596635 -0.446913088063 -0.602031912894 
14 1.2923326944 -0.206747756294 0.133483463914 
14 0.579838904289 -0.256183998784 -0.171082333445 
14 1.22270206581 0.32979478815 -0.225184142912 
14 0.83789168029 0.0820556178534 -0.285519405638 
14 0.795167032082 -0.00523058555606 -0.146804901755 
14 0.623332012068 -0.0130614381132 -0.245501183853 
14 0.754816717235 -0.112901489889 -0.0739322066476 
14 0.836032962231 0.147569710008 -0.235804571787 
14 0.849647771489 -0.449272583655 -0.375076397675 
14 0.984404957973 0.261031173109 -0.198966833438 
14 1.0980141774 0.479799127928 -0.808007983736 
14 0.481625845604 -0.282336490211 -0.527871927916 
14 0.590377383564 -0.283510696916 -0.0565690896481 
14 0.641196954601 0.0919814857108 -0.035002658512 
15 -0.588213189146 -0.753153942898 0.929035187548 
16 1.17084219223 0.810972246007 -0.255829974846 
16 1.27925795421 0.589132269584 -0.39559335947 
16 0.926669588243 0.486394418456 -0.621620997577 
16 1.00398887312 0.262017331879 -0.33693172419 
16 0.898567584053 0.760151060011 -0.351049668089 
16 1.0460291085 0.875037351003 -0.236177730267 
16 0.722014936125 0.255470308037 -0.541626213849 
16 0.94431854554 1.78562993786 -1.19516789736 
16 0.979751915371 0.653453356456 -0.406330183699 
16 1.02322710881 0.35940357098 -0.253123134306 
16 1.12500811254 0.269444329986 -0.491086195072 
16 0.937729568025 0.887869009936 -0.825659139513 
16 0.845643983183 0.431377015988 -0.739146253281 
17 -0.0735622613324 -0.618832619677 0.121054862263 
18 -0.0731470884824 -0.118765596175 0.201163964121 
19 0.450421963792 -0.151387584204 0.268593324201 
19 -0.0620634939976 -0.0776514203845 0.694602500029 
19 0.00202337282411 -0.482637193237 0.579110114117 
19 0.318648632555 -0.292469918122 0.537235870095 
19 0.931934419556 -0.26337505515 0.922988271713 
19 0.424944906406 0.462864892195 0.540409119655 
19 0.459656208097 -0.550068121738 1.03693260377 
19 0.398788119898 0.311896450607 0.94432693334 
19 0.254174483908 0.280160411273 1.09335640838 
19 0.35474873298 0.258142887696 0.622311916124 
19 0.0613528993197 0.125649317577 0.814823481782 
19 0.571381141402 0.0115352327882 0.675054218733 
20 0.956660714836 0.644371320536 -0.057300452734 
20 0.430948823627 0.673985968223 -0.124138203821 
20 0.629102884889 0.622946311376 -0.300963684994 
20 0.726150586256 0.454474987702 -0.598295117113 
20 0.327914768506 0.749372652357 -0.211855263021 
20 0.606831208418 0.583918463221 0.28375518531 
21 0.63299775648 0.0846625509064 0.401499518294 
21 0.318165859164 0.0151086294646 0.557687784526 
21 0.046426681418 -0.156923227746 0.387945971396 
21 0.245832732843 -0.0404638823491 0.481353668216 
21 0.195257015666 0.111918105254 0.471677920437 
21 0.401659420014 -0.186916748028 0.619009975075 
21 0.305738706846 0.0677724945488 0.0121214800575 
21 0.131723600397 0.10467442062 0.159780925655 
22 0.0798824898555 -0.293720771727 -0.26473722308 
22 0.474569778719 -0.493682088249 -0.265303673146 
22 -0.327615389861 -0.540164747367 -0.289375620195 
22 -0.0517882081047 -0.418769821089 -0.220851052088 
22 -0.0141819348272 -0.415591957825 -0.395196963805 
22 -0.221167248036 -0.903828773589 0.0861254456239 
22 -0.0347590953836 -0.254768447079 -0.0947284090707 
23 0.187518272291 -0.659999645982 -0.882211377149 
23 -0.148713037858 0.478251941717 -0.501548567707 
23 -0.285517130309 0.191708045765 -0.766747846866 
23 -0.59564762742 0.402004744291 -0.864399096522 
23 -0.294983699503 0.247203876859 -0.347159445222 
23 -0.3611220565 0.485587494824 -0.331958070223 
23 -0.14691599013 0.161757732037 -0.64380676301 
23 -0.461220858594 0.22430250319 -0.640836520019 
23 -0.0847676932629 0.133808592472 -0.0481288240372 
23 -0.207398833394 0.734593892388 -0.44533418967 
23 -0.922200654339 0.322166296582 -0.85908882417 
24 -0.414974543931 0.433947162582 0.178824373894 
24 -0.423345730686 0.169656066314 0.553366441248 
24 -1.01533128831 0.206303258843 0.39377133925 
24 -0.488112460051 -0.394316795335 0.0298203584012 
24 -0.488191587738 -0.296359787477 0.55882532961 
24 -0.634036871749 0.0416323756462 0.166243050809 
24 -0.510150941454 -0.05320182647 0.240672967498 
24 -0.122792099227 0.407416700786 0.130435162474 
24 -0.943132137299 0.0177152031758 0.340221589455 
24 -0.650650104114 0.273028743976 0.461195661111 
24 -0.130721740234 -0.309156399447 0.788492594499 
25 -0.24020693951 0.542691437014 0.896837209645 
26 -0.622253647314 -0.249603306201 0.769159620505 
26 -0.487061713549 -0.599465098217 0.862790440802 
26 -0.414827830669 -0.63752928013 0.771549599193 
26 0.0936462499336 -0.679918517583 1.12835510956 
26 -0.237224060973 -0.625044764332 0.646668670927 
26 -0.119698844588 -0.432723111295 1.07587039162 
26 -2.37944453322e-05 -0.711279612727 0.948702268766 
26 -0.0743751877195 -0.372820366398 0.693133558998 
26 -0.144491978522 -0.811325687379 0.576908847995 
27 0.189718137649 -0.793360931799 -0.611776831788 
27 0.00166086474305 -0.49194439698 -0.848736070425 
27 0.404429792189 -0.388569854231 -1.00508181874 
27 0.390121563309 -0.308613217489 -0.751547602735 
27 0.925192629565 -0.272986413183 -0.85429170212 
27 0.658539808063 -0.477124397829 -0.904488086927 
28 0.157625263154 -0.384275070868 -1.68703913408 
28 -0.0269073719817 -0.351747215413 -0.875707737391 
28 -0.184524857972 -0.352718665111 -0.952344340009 
28 -0.077458718617 -0.548077200018 -0.750072743595 
28 0.121297178607 -0.131290759195 -0.540866637514 
28 -0.215147898777 -0.741865659401 -1.00081883314 
28 0.247718678743 -0.271662147607 -1.01138733585 
28 0.0203536633725 -0.0762202932412 -0.918382539688 
28 0.0227806359962 -0.759634131577 -1.27296125349 
29 -0.299021944935 0.0689962013736 0.0390635766035 
29 0.124130427286 -0.75975743117 0.36547181195 
29 -0.429856988043 -0.694764805523 0.567692250731 
29 0.341209353371 -0.835127381558 0.932847438266 
29 -0.291528870408 -0.943752867856 0.556295990325 
29 0.431525281408 -0.995260665761 1.10208806021 
29 0.198141463701 -0.244791664954 0.849779364452 
29 0.141824880904 -0.719772264397 1.23208012145 
30 0.229339989157 -1.02262906926 -0.527751317932 
30 0.629032600744 -0.688250443801 -0.493312429538 
30 0.796256403186 -0.380819805982 -0.526166494036 
30 0.337811252403 -1.0488970284 -0.0770828789997 
30 0.523949386933 0.0794045914555 -0.577157876211 
30 0.174893762696 -0.489816610676 -0.233232554945 
30 0.38665920155 -0.716908935846 -0.0822751151985 
30 0.365727995078 -0.731942573255 -0.633461033022 
30 0.722181415673 -0.763441749195 -0.381721244065 
30 0.603455257418 -0.287674449302 -0.349081884963 
30 0.330409382051 -0.758413345263 -0.409339998809 
31 0.391462188299 0.627943748462 -0.73627816794 
32 0.669002640025 0.421691579681 0.332829119889 
32 0.225329036769 1.05689999641 1.24944395985 
32 0.893338632122 0.484698446114 0.73676965323 
32 0.842184619605 0.528624259837 1.03142794219 
32 0.694750418918 0.588981928857 0.738935739186 
32 1.53993457123 0.61635059975 0.992983879357 
32 0.537547631606 0.56340261287 1.2265436998 
32 1.44878089178 1.13303757687 0.905079761022 
32 1.10260834153 0.465864340123 0.721396030693 
32 0.498873606057 0.192545091902 1.10758210367 
32 0.727092848073 0.535163859478 0.655043346414 
32 0.480197224855 -0.0587697814015 0.754310045714 
32 0.684982564853 0.431444819967 0.879033539751 
32 0.872843521757 1.03709927694 -0.13918296926 
33 0.736148457938 0.4072709583 -0.562403089321 
34 0.0651626061245 -0.0045586393711 -0.0688076287403 
34 0.287348291874 -0.37563413316 0.283954592609 
34 0.367653339433 -0.142686309961 0.318655536842 
34 0.148054037386 -0.401037309111 0.117559255593 
34 0.0944387841895 -0.123056639198 0.347301630542 
35 0.171323904841 0.973163258401 0.238502215348 
35 -0.343585165582 1.65264419488 0.562802843213 
35 0.719237353624 0.683385902676 0.227160165094 
35 0.290294352589 1.46356688716 0.989390369176 
35 0.418962185448 0.523982306292 0.293921835741 
35 0.484312540612 0.391067362363 0.291585747094 
35 0.137266404844 0.985302970448 0.115489280984 
35 0.438251261461 0.420804723021 0.27444184988 
35 0.402347985012 0.640435670496 0.104666995767 
35 0.902503709085 -0.0326185689239 0.189979885026 
35 0.481614749669 0.822287530764 0.41438893522 
35 0.594171810782 0.739417900819 0.1685927199 
35 0.381372889963 0.745270219067 0.249016042483 
35 0.309709578148 1.29878720728 0.210047212109 
35 1.15140099008 0.829438568156 0.155659361595 
35 0.349066580466 1.05125990611 0.023814707951 
35 0.0609901760266 0.654224711178 -0.256702337182 
36 0.646528101598 -0.877220038793 -0.473250911531 
36 0.909076650011 -1.16761899519 -0.183268199085 
36 0.488411211532 -1.05955752493 -0.0764949987773 
36 0.759465538257 -1.01169214437 -0.805256225003 
36 1.1776403958 -0.761710027223 0.0173395978334 
36 0.530848092817 -0.985485041979 -0.231483510461 
36 0.74068369033 -0.979752612839 -0.134563611302 
36 0.712279377315 -1.06235845974 -0.160511650271 
36 1.01946993266 -0.864930335182 -0.704994372884 
36 0.604256979918 -0.828265973054 -0.18339894728 
36 0.608534078838 -1.15452437863 -1.05230573925 
36 0.919930980996 -1.18969476905 -0.319239732855 
36 0.246537536103 -0.813250657301 -0.219772760757 
36 0.656838301222 -0.986742188075 0.0964198443004 
37 -0.104127578277 0.671791170135 -0.52095335452 
37 0.428337730954 0.643467988477 -0.0923541858481 
37 -0.323938406703 0.694488752536 -0.330637309431 
37 0.0372124422383 -0.564727105186 -0.150397344736 
37 0.456580382905 1.03163321229 0.317828003943 
37 0.316209733726 0.570094772734 0.174286039679 
37 0.11769061772 0.505855583807 -0.0979972039016 
37 0.318405700858 0.713207941426 -0.327999937229 
37 -0.22268714504 0.980984903659 -0.129493499115 
37 0.496401090315 1.0942534782 -0.539269527351 
37 0.383995218375 0.692808713738 0.110649975881 
37 0.402696685115 0.645577264106 -0.259325905359 
37 0.465746762083 1.11072909855 0.0806385848952 
37 0.576102371661 0.508245438193 0.0243483944637 
37 0.285925749701 0.11498813653 -0.776534014219 
37 0.425428958772 0.772090796731 -0.412069731869 
37 0.405946663946 0.790565923402 -0.199778374659 
37 0.271994313133 0.90008591921 -0.0203299688856 
37 0.385402695614 0.889458195335 0.0382377460785 
38 -0.510846924447 0.736962639458 -0.156574346808 
38 -0.779381869079 1.09351007744 -0.131965055831 
38 -0.774344254247 0.630611517722 -0.365575910868 
38 -1.08282769313 1.06452943334 -0.713684222971 
38 -0.684901980321 1.19270015979 -0.898953214536 
38 -0.41839167426 1.1713931489 -0.47931040474 
39 0.134897058706 -1.01878661187 -0.320928026684 
39 0.41385576492 -0.884004527742 -0.35368039521 
39 0.00169066797992 -0.954046002 -0.382551865187 
39 0.28022847621 -0.818305541962 -0.758052730587 
39 -0.169389484891 -0.856104439346 -0.424510795862 
39 0.440542666957 -0.719255601821 -0.603780431136 
39 0.435841731043 -1.07075406624 -0.534119579735 
39 0.191896693671 -0.891782029469 -0.437899444698 
39 0.709962224981 -0.871424392801 -0.513160921588 
39 0.752153764929 -0.835225873724 -0.492441884435 
40 -0.881128319096 -1.3092073897 1.07369348538 
40 -0.699377550359 -0.541848689034 0.874036987772 
40 -0.507642464098 -0.566716920057 1.09478517548 
40 -0.723066122011 -0.381909202597 0.852079680098 
40 -0.995849255383 -0.414948278804 0.95225517403 
40 -1.12290623124 -1.0660285918 1.43353625988 
40 -0.739315787434 -0.989898992263 1.20017945668 
40 -0.850121943256 -0.647557243016 1.27819630007 
40 -0.952522131441 -0.93527977664 1.17733751825 
40 -0.653176849897 -0.489445966513 0.845108336762 
40 -0.886901916621 -0.673331050521 0.857295666484 
40 -0.859144792276 -0.740463161524 1.52297293911 
40 -0.57053077499 -0.737529540743 1.25617351914 
40 -0.617920497662 -0.781713912162 0.522951300543 
41 -0.179582741487 -1.07823669571 0.413404829823 
41 -0.128139600529 -0.85975567814 0.241019455726 
42 -0.433348383113 -0.968903561804 -0.1794414226 
42 -0.114136678994 -0.932674821227 0.103671725153 
42 -0.315838955027 -1.02239156947 -0.229779302168 
42 -0.226439304865 -0.743857763902 -0.0386746531175 
42 -0.312324923623 -0.668026030712 -0.328173857235 
42 -0.463573553669 -0.823696382334 -0.0867108934372 
42 -0.217203293959 -0.63256729853 -0.0400779864956 
42 -0.635407696939 -0.87956457232 -0.416473089402 
42 -0.16648764978 -0.405369384932 -0.463583350547 
43 -0.184939877463 0.488034445616 -0.954751489167 
44 -0.62954204209 0.984678473547 0.820370259993 
44 -0.271289471949 0.929312743133 0.542567606313 
44 -0.848149359114 1.21349401046 0.427118838996 
44 -0.423838413454 0.818430731927 0.161825612096 
44 -0.641652897636 0.48774793462 0.525250437012 
44 -0.992388601973 0.939766427876 0.265884964523 
44 -0.543480819065 0.873942935144 0.38331609944 
44 -0.717324929921 0.895412881971 0.796986072483 
44 -0.63471279992 0.683091297996 0.758141490851 
45 -0.137918076489 0.690775865774 0.534126020101 
45 -0.0779240752332 1.41388607085 0.580601792059 
45 0.00613423589507 0.756838232035 0.317444805995 
45 0.0923016705513 0.824216778354 0.487053628374 
45 0.415229196906 0.822612731322 0.00584895074194 
45 0.276441567941 0.85880704913 0.756259767422 
45 -0.212679503517 0.877973820756 0.477518408797 
45 0.237857143819 0.869192236004 0.767048403907 
45 -0.332119063266 1.23023935285 0.459524173254 
45 -0.00535220519533 0.928267628898 0.810816395869 
45 0.337607318015 0.584451006429 0.715225770016 
46 -0.461717100452 -0.350670873913 -0.207962441714 
46 -0.728215467078 -0.823023203438 0.122515220758 
46 -0.659363656778 -0.665574813977 0.447151551078 
46 -0.736890467701 -0.210434750721 0.667593026407 
46 -0.761774041467 -1.04023929082 -0.465726063285 
46 -0.169677285633 -1.16499471685 0.0185964296812 
46 -0.645841557822 -0.660490277475 -0.0948542777063 
46 -0.644185947696 -0.567169432443 -0.300169298494 
47 0.723133089054 0.608793095006 0.619002691052 
47 0.586655258803 0.88821092484 0.605438264233 
47 0.638188848105 1.13021741956 0.152724733461 
47 0.477464001733 0.585671282234 0.291268055197 
47 0.644767378561 1.00280482516 1.06071445551 
47 0.638127184047 0.618404844415 0.693333483758 
47 0.172536102485 0.195133594571 0.637825637147 
47 0.217326458608 0.860468908494 0.185562209138 
47 0.994498299454 0.474646466716 0.122391264961 
47 0.543070111365 0.397261580108 0.789953005169 
47 0.265997726593 0.328702642841 0.567792933041 
47 0.306281397952 0.506510328467 0.628103676832 
47 0.532151856856 0.692035199866 0.203940608574 
47 0.844589181815 0.443483938838 0.79951471907 
47 0.309828234927 0.705547527989 1.01303248065 
48 0.0719177349363 0.958887166346 0.857190477245 
48 0.469542179288 1.04628205251 0.948084483173 
49 0.921804165298 -0.375795382501 0.615875291539 
49 0.984447160637 -0.120435624577 0.69199468467 
49 0.761503354933 -0.0519664214449 0.91898488695 
49 0.673993951897 0.423010428872 0.754656626206 
49 0.758637816462 0.329346047497 0.96989802907 
49 0.942776283428 -0.455052050415 0.952373151536 
49 0.922614114231 0.00902643566262 1.05946590843 
49 0.763125996672 -0.0478218184593 0.694585606826 
49 0.730709255431 0.103657657071 1.24702299775 
49 0.753003329472 -0.0328828188701 0.75067032095 
49 0.431353782523 -0.205442546039 1.07499455784 
49 0.609428220194 -0.209499194342 1.06663114017 
49 0.509747970023 0.213881779915 0.868606177221 
