0 0.171022580651 -0.0897973791111 0.344652178768 0.722295205261 0.591380741554 -0.798604957966 -0.548224799962 
0 0.25006230492 0.172117949278 0.236398815302 0.321448812527 0.792285328158 -0.598246454723 -0.778975800303 
0 0.226488285252 0.0839353033018 -0.326663803592 1.16768754548 0.117206764931 -0.47982926103 -1.34986122212 
0 0.17920574271 0.256901292398 0.156021150947 0.646445886202 0.354579763999 -0.707059746205 -0.978588612935 
0 -0.118891749426 0.338565359634 -0.173291772486 0.658452355099 0.590390431131 -1.02805069152 -0.837005996773 
0 0.329919295378 1.49970480284 -0.485977452381 -0.507255293554 0.610491146668 -0.772980385584 -0.253941035112 
0 -0.173449683673 0.225186358975 0.459151030897 0.408006675096 0.370108896435 -1.03648841688 -0.598939404479 
0 0.220987737178 0.32019990364 -0.0161230165432 0.406737784386 0.288199384457 -0.428270113687 -0.777704364166 
0 0.419317757856 0.360800627831 -0.267015515914 0.149979716948 0.547933635496 -0.853742152198 -0.710920150476 
0 0.0218293842073 0.183176727296 -0.295102963601 0.662017378963 0.506016918523 -0.885204127532 -0.943831962747 
0 0.322828287276 0.0670438633556 -0.216653182527 0.484040388103 0.596714480536 -0.420618658102 -1.14704329943 
0 0.57623982894 -0.0780421115915 -0.401924371152 0.621867111529 0.612107418856 -0.424954090168 -0.851745004332 
0 0.314777448819 -0.17972564785 -0.317445467982 0.481859447484 0.936044360705 -0.908660327194 -1.10590455966 
0 -0.31326227048 -0.184958515165 -0.172451560915 0.295074188817 0.725612843057 -0.662310083276 -0.867684994264 
0 -0.0846749095137 -0.0123700376573 0.20827429417 0.539962828005 0.816298700429 -0.942300664093 -0.887185784583 
0 0.256720878338 0.31823017364 0.0651723161846 -0.0632301671442 1.20889081072 -0.648149739852 -0.85396799322 
0 0.0541720179229 0.170790911587 0.640524768514 0.35669089864 1.14824716976 -0.567553805826 -1.20345505877 
0 0.138377092965 -0.126116675965 -0.39580010323 0.42265697406 0.602555721454 -1.3011402493 -0.531165997533 
0 0.122939071695 0.138005355155 0.264991097111 0.114154014649 0.581865706606 -1.06909020168 -0.901865093443 
0 -0.0323885567053 0.269841667215 0.327948406739 0.45969266492 0.814231192986 -1.24949173104 -0.790926577041 
0 -0.198639530505 -0.121698149215 -0.384605721391 0.531280098944 0.773902533313 -0.852551039159 -0.863900434992 
0 0.115676310768 0.134544615233 0.0336826990056 0.637764655186 0.973341478595 -0.301965855999 -0.929243085572 
0 0.951074528767 0.398205934499 0.527741186902 0.253426280963 0.475607609087 -0.103521964788 -1.01142274878 
0 0.154877284491 -0.0996831547531 0.178855042688 0.127115691425 0.708592329557 -0.949542561756 -0.856048526609 
0 0.221479880781 0.322190468854 -0.106259928446 0.499861722375 1.0406683008 -0.611697263663 -0.680738521505 
0 0.0965668222953 0.265362842407 0.137784529544 0.347028764807 0.320004212853 -0.610933895428 -0.759150229515 
0 0.101194579974 0.400853224193 0.08543142856 0.558127103794 0.328677636819 -0.796738087525 -1.04817029602 
0 -0.00503924801308 0.41578441036 0.637362731459 0.728426999865 0.801840957442 -1.25414524558 -0.6646920024 
0 -0.0245758999465 0.0537882837456 -0.115268974761 0.450463480576 0.350276813427 -1.21216759501 -0.563424248048 
0 -0.185257472144 -0.30180648352 -0.197478445199 0.445471640438 0.00744063297377 -0.526777565 -0.289100969516 
0 0.414989105208 0.0278428310269 0.202161540474 0.395223274782 0.541998998788 -0.228143248651 -0.653650214461 
0 0.246610592397 0.757835081419 -0.0886992333085 0.679918716245 0.975818200834 -0.958909869853 -1.01475234325 
0 0.0516200505764 0.120724098945 0.196626795504 0.284082111002 1.03194632111 -1.10873192903 -0.901315556709 
0 -0.154630084697 -0.0533868361119 0.129586774927 -0.0395723381766 0.775363701471 -0.486639554351 -1.0599053579 
0 0.209765077507 0.252430264582 0.363183389569 0.20568726833 0.630461047909 -0.49517047027 -0.564317018446 
0 0.321971365915 0.278651021103 -0.180222954462 0.482715279984 1.04309630554 -0.673312535377 -0.659721189988 
0 0.403915642439 0.424516651111 -0.200695850401 0.00973361182454 1.07603766391 -0.633922003105 -0.777907225229 
0 0.115968044625 0.622702210621 -0.100014589813 0.842291602299 0.767224832609 -0.380343104465 -0.471693889418 
0 0.105834700019 -0.0518944668845 -0.288337121373 -0.0438631255987 0.495476666163 -1.0893741576 -0.77599155394 
0 -0.160084612041 0.117907153454 -0.0188083470777 0.476985958159 0.782011290571 -0.976722934194 -1.11180970019 
0 0.0907920742859 0.528956881116 0.207336720486 0.587888701697 0.82736622828 -0.782832954031 -1.01220609537 
0 0.249945894773 0.290377017636 -0.133780017604 0.646505788659 0.767484587599 -0.629149633608 -0.76645115365 
0 -0.0649861695039 0.0345328226781 -0.00385289872493 0.480767405114 0.971801031218 -0.78407622313 -0.693246261259 
0 0.158704940991 0.592906258595 -0.0858728644552 0.249670797342 1.25626801942 -0.695116646706 -1.06082578781 
0 -0.0284273648603 0.138905439507 0.122544480859 0.37979843245 1.00913123832 -0.619780943145 -0.646556458053 
0 0.223430049398 -0.0511095092243 0.453638090169 0.793378937198 0.438919398288 -0.553248771808 -0.724047356542 
0 0.288477841822 -0.319233502693 -0.208704747521 0.497699421374 0.710612683732 -0.757677393938 -1.14731527018 
0 -0.0823146120119 0.200531954647 0.187233903688 0.405693569435 0.410684912331 -0.200793358078 -1.02215257518 
0 0.266815320725 0.30254166085 -0.245157786512 0.542271251767 0.484853211311 -1.00543401974 -0.359108630542 
0 -0.0639206309934 0.109840286217 -0.0131757930461 0.545944802866 0.677758033972 -0.394972009024 -1.13765177637 
0 0.0420726458601 0.172382678736 -0.614780725677 0.295992852734 0.855795434961 -0.90972282764 -1.02099585247 
0 0.120551256112 0.0370932363703 0.256934941087 0.587422273298 0.643413734569 -0.545132372015 -0.895989585949 
0 -0.0440216213722 0.18271687042 -0.0927049675783 0.501075092227 0.583116313546 -0.711867911125 -1.01919753858 
0 0.328153369792 0.159669734401 -0.306131092839 0.28442795924 0.448296952898 -0.66975613187 -1.02463597141 
0 0.12267040339 0.0743292265723 -0.231993499172 1.05389574889 1.11612435733 -1.045749529 -1.23802990622 
0 -0.203388351534 0.387588238984 -0.128529782339 0.630469405863 0.445410945432 -0.657682641858 -0.624933758029 
0 0.171626481704 -0.0359125876233 0.0876708201456 0.161628068958 0.640293289616 -1.00105338666 -0.988072367163 
0 -0.422350611287 0.200852895382 -0.19093973593 0.472981204258 1.02698607905 -0.673660170012 -0.600120527879 
1 0.144811868596 -1.12613763182 0.588267779491 -0.642441123812 -0.578357287476 1.38040736512 -0.404385903496 
1 0.0289200387358 -0.653872816916 0.0340171300264 -0.0915875156939 -0.880960440254 1.13834968648 -0.717525092526 
1 0.684964127669 -0.4298505821 -0.269619824487 -0.044894857611 -0.840604665904 0.662343535768 -0.758648883995 
1 0.0709144471219 -0.677840640144 -0.533394341591 0.294486423397 -0.780742070219 1.28516099755 -1.08995362131 
1 0.464113951468 -0.702471711952 -0.257198832474 -0.314347692343 -1.3340424667 1.11061725162 -1.00218487111 
1 -0.206994342433 -0.893098980093 0.0938364342576 -0.463534401928 -0.659310223993 0.853141351874 -0.880055691133 
1 0.696452489403 -0.633983966591 -0.026347963166 0.0753548788598 -1.04917289333 0.898934621505 -0.603179895165 
1 0.429704897258 -1.37331446561 -0.261053634177 -0.1360902443 -0.612134715627 0.876010828172 -0.794642446146 
1 0.609807552841 -0.628999176354 -0.200354471328 -0.717482844157 -0.746602234152 0.91245406115 -1.26968989024 
1 0.712776583415 -0.454980585131 0.337687595629 0.437086372033 -0.6719695319 1.28238135801 -0.962846362821 
1 0.295830106043 -0.359562222344 -0.360438950169 -0.345649184295 -0.962880280554 0.848752960388 -1.07025750386 
1 -0.21027791113 0.382037546738 -1.42811650017 -0.335778907402 0.670245765885 1.09031027879 -0.840687169677 
1 0.574631053525 -0.4842468394 -0.075184295334 -0.08424375037 -0.966160965778 0.853242771788 -0.909898262788 
1 0.0196367884214 0.145718734579 0.0754722120655 -0.9107084456 -0.0323425718804 0.589085137656 -0.153959497787 
1 0.537866973335 -0.636632174863 -0.468884021863 -0.502805585499 -0.441567178643 0.768597158738 -0.71083286982 
1 0.651224476469 -0.449031538039 -0.248254260687 0.0170197270922 -0.985528078402 0.832141197788 -1.24690870532 
1 0.706592253396 -0.618387760342 -0.06202672681 0.439812645373 -0.802401193642 0.662824905244 -0.876355510971 
1 0.515082034861 -0.648786517764 -0.122422843146 -0.44934341405 -0.530347258365 0.772585880082 -0.770238793231 
1 0.018383238228 -0.499064539752 -0.211218378666 -0.0596413465637 -0.619713533023 0.758557415029 -1.18329982205 
1 0.187212376146 -0.501019317457 -0.206638501271 -0.09727571626 -0.741869545785 0.99315966652 -0.724386401343 
1 0.864433839812 -0.42710785441 0.0390970971247 0.153250248394 -0.669470333888 1.00328436615 -0.819985119536 
1 0.556936903838 -0.642746023436 -0.339614455677 -0.337518010547 -1.12311796429 0.801201588388 -1.13202929231 
1 0.4532162167 -0.462498248364 -0.502322552193 -0.417833253919 -0.568194454576 0.588073456022 -1.09543426928 
1 0.348356711969 -0.624807888018 0.223041889095 0.133222275453 -0.793780748965 1.16309743048 -1.38192917127 
1 0.466312603589 -0.781659805665 -0.0338902081518 0.0640086800277 -0.584035123252 0.766270705023 -1.16683888265 
1 0.482428248584 -0.475430378363 -0.24100406471 0.037410281812 -0.612288403259 1.28969000993 -1.21860537854 
1 0.33383051822 -0.788604620429 0.0115397072694 -0.135727539745 -0.528105903855 0.722780377201 -0.787573985783 
1 0.335672569352 -0.623215871231 0.191852385233 0.105291269343 -0.568937524005 0.774782947563 -1.22686976113 
1 0.183888823157 -0.659339677318 0.131937928288 0.151498346526 -1.13827467607 0.891157247948 -0.768845954212 
1 0.6227513231 -0.852894042812 -0.129889919516 0.0937544091366 -0.137260761611 1.10411450596 -1.29250905912 
1 0.0200813737607 -0.616912138112 -0.345005957069 -0.119837075072 -0.755646124085 1.00530919241 -0.514616380504 
1 0.47151049561 -0.622546428575 0.00290326228232 0.149452562639 -0.454742027981 1.06664824694 -0.622547644611 
1 0.704145758992 -0.907723069234 0.154991874976 -0.667761265364 -0.755540636963 0.742694729125 -0.746777543088 
1 0.566824119663 -0.828163073388 -0.112067882146 -0.121071653878 -0.506600600862 0.869277647317 -0.898899007028 
1 1.09596612262 -0.974050046819 0.206278493828 -0.430552862811 -0.728618566153 1.40047601718 -1.83025094877 
1 0.0996268850919 -0.916951699701 -0.450976803021 -0.0083195831233 -0.484458284012 0.842918186891 -1.29821579757 
1 0.918590398686 -0.855333334218 -0.453230398282 -0.27250747346 -0.568040981444 1.18854936112 -1.03941842992 
1 0.608645410362 -0.734506761386 -0.266551036067 -0.0299721047726 -0.581276716139 1.25597642389 -1.29747302465 
1 0.569350645687 -0.552824431297 0.117733383244 0.077293308898 -0.879125249846 1.3273571532 -0.89898567625 
1 -0.563657672595 -0.225161872397 -1.20560369578 0.663101750429 -0.9233519658 0.655813631139 -1.56567483664 
1 0.487872415112 -1.14504842421 0.139700425915 0.0998938074813 -0.62727352382 1.01442154432 -0.860119478737 
1 0.226049663699 -0.7887790288 -0.21995157214 -0.113883482586 -0.862017202304 0.704094169482 -0.808797581028 
1 0.264738914361 -0.914712183563 -0.228172357517 -0.426390353808 -0.77223275019 0.773695216378 -1.20851432386 
1 0.16014245082 -0.328625148761 -0.481942891509 -0.0441789972956 -0.580168323421 0.755484236801 -1.06491213624 
1 0.10026421349 -0.520279855158 -0.0681062054492 -0.035006231735 -0.671362212975 0.91439344346 -1.1988646835 
1 0.362204766116 -0.729555716988 0.0223291640518 -0.279690167689 -0.694157575388 0.592620900314 -0.936716578555 
1 0.244117924347 -0.194149697839 -0.487030360798 0.551923441578 0.175198762237 0.726427950201 -0.622021168054 
1 0.556468121362 -0.560822863404 -0.51439788961 0.265707125061 -0.719195698382 1.05305512329 -1.33397784968 
1 0.452139296279 -0.844160602515 -0.379441583483 0.00182468425832 -0.377876904518 1.08502577812 -1.34594125583 
1 0.53059345742 -0.537576927377 -0.0418479186322 -0.0214624667209 -0.78776798295 0.927706775048 -0.97838332291 
1 0.682261118585 -0.779762675806 0.164294417306 0.0535015713575 -0.655950590508 0.790270349175 -1.02413790228 
1 0.594614788939 -0.546078598246 -0.308769430129 -0.08595934645 -0.603696859637 1.15088534482 -1.03960193634 
1 -0.172262004422 -0.534376944792 -0.174007331303 -0.0211811529472 -0.780412841192 0.750841946218 -1.04069140603 
1 0.508533150552 -0.364000171359 0.0850948776087 0.0142541009978 -0.519191404796 0.926096748682 -0.758392565884 
1 0.0967420404127 -0.602681550195 0.160927457497 -0.144543913598 -0.744362362857 1.15411426572 -0.916887082032 
1 0.312230203109 -0.767500258852 -0.139212070014 0.00901583157238 -0.966550910791 0.908338272782 -0.834155994432 
1 0.19451609146 -0.452868586694 0.155153320161 -0.178245221724 -0.872989862071 0.949764976247 -1.22515116743 
1 0.341449236683 -0.73779472819 0.109478852278 -0.607687651892 -0.397133486559 0.745213728389 -0.910369841104 
1 0.335021077532 -0.278223855352 -0.291495003713 -0.391517146334 -0.560425266452 0.846672403495 -1.10070954469 
1 0.413197939632 -0.501970693436 -0.37323995541 0.0655466848785 -0.673361220554 0.684943793388 -1.07410108629 
1 0.370121018779 -0.461999570489 0.287952079994 0.356950285001 -0.50765260565 1.11728436897 -0.869899039026 
1 0.903057502977 -0.951363768287 0.0596997054871 -0.0266427879563 0.1446160318 0.746850718737 -1.01516290644 
1 0.00911136758572 -0.797507169941 -0.142849211921 -0.326021468366 -0.407502115791 1.03755471081 -0.562123206484 
1 0.459258480867 -0.64360372124 0.0980142552869 -0.0397030843884 -0.771002841018 1.05655849083 -1.17717816643 
1 0.159152486124 -0.368455389254 -0.0209637868968 -0.545733891487 -0.459490759709 0.999294424963 -1.04931757893 
1 0.696790205556 -0.591260924471 -0.446769429058 0.227994635133 -0.891863471301 0.731266095363 -1.21529175707 
1 0.658083191912 -0.632530396269 -0.0932593940631 0.263859889817 -0.42449260037 1.06790977171 -1.15630540467 
1 0.418451444085 -0.605189164985 0.0249597219243 0.308014548774 -0.581803871637 1.20708431921 -0.937589454043 
1 0.428086850053 -0.512741430512 -0.218055626292 0.263169938175 -0.671292562156 0.783026915797 -0.658529822574 
1 0.316505309667 -0.667493107527 -0.151055069482 -0.342176595934 -0.6334903929 0.655294220852 -0.965356690428 
1 0.648163688869 -0.595589853163 -0.213842970796 -0.19388937421 -0.801309161563 1.24207848277 -0.716997779398 
1 0.838387867257 -0.139075736971 -0.331027366755 -0.142409027359 -0.354113311587 1.18215513848 -0.91723718437 
1 0.390463707674 -0.353275220776 0.195414996116 -0.127808314791 -0.613844921939 0.95035576809 -1.18231127364 
1 -0.0424344474059 -0.434863743175 -0.17697199131 -0.103613091874 -0.739272793065 0.973941335786 -1.26168435414 
2 -0.294503315208 0.535778285469 0.343597627364 -0.447257394466 0.189682276768 -0.620751113721 0.756172849701 
2 -0.0437026092395 0.896025480961 0.427403839023 -0.609713704426 0.0749788420889 -0.71516855403 1.13572255522 
2 0.493468070053 0.256517690615 1.22107430225 -0.632498035459 0.284922777614 -0.627536054705 1.08823823377 
2 -0.108612341532 0.516535588949 0.507578533863 -0.369724981776 0.4973909255 -0.567061670494 0.951951218302 
2 -0.111078666476 0.734151571418 0.378233954415 -0.109275873125 0.242234556687 -0.843792652651 1.14367794821 
2 -0.0851130048568 0.542255193152 0.570887112318 -0.513235862217 0.0481956122278 -1.2166209775 0.983017250424 
2 -0.178388170839 0.625502592432 0.486691289733 0.0341477318305 0.354046335969 -1.05253049349 0.602393463161 
2 0.0153162013699 0.605633612772 0.854274058897 -0.578269619445 -0.131614616806 -0.544900433234 1.23144131419 
2 0.311641170717 0.536902985218 0.746517716391 -0.435580492449 -0.221161758386 -0.85544335754 0.906247458744 
2 -0.166292642721 0.704835152775 0.609077023209 -0.272118980938 -0.420657885266 -0.666452021578 1.16821361724 
2 -0.338582029023 0.565548470477 0.43922931477 -0.24555009718 0.0590159369644 -0.716905054836 0.962352404816 
2 -0.631685985567 0.445085417265 0.709386207259 -0.460520512972 -0.107018457655 -0.828681574635 0.390801043519 
2 -0.297271981872 0.421312131987 0.273923411476 -0.0767318600521 0.320302222428 -0.785033446969 0.698800163482 
2 -0.239365710775 1.03190408525 0.483603540445 -0.516347033348 -0.0529401577567 -1.38482281722 0.967038785241 
2 0.0321525352351 0.604161347079 0.738364010776 -0.466833691841 0.592767455449 -1.1435333172 1.09590161711 
2 -0.12762985987 0.863611743942 0.736492159398 -0.441754317295 -0.0576030245127 -0.541063715283 0.891573643985 
2 -0.430456068612 0.700294020324 0.189552831752 -0.573753058109 -0.10132885732 -0.49478076719 0.953201910746 
2 -0.0492322384203 0.379605359192 0.757520291969 -0.550729262301 0.158920699903 -1.09167273018 0.822751153592 
2 0.0511904551766 0.684807323353 0.349880312462 -0.583091695069 0.123093637378 -0.86299036803 1.12474421517 
2 0.107306316696 0.418253843313 0.411421204783 -0.334698867904 0.228737324482 -0.611464127396 0.80975107413 
2 -0.375160916053 0.734743156726 0.260429260465 -0.13507827821 -0.112976510586 -0.386542579836 0.867704980678 
2 -0.0584193925855 0.911433728262 0.26924682059 -0.430380595931 0.171489033035 -1.16401726781 1.04401710967 
2 -0.114148024573 0.250720833926 0.636653585629 -0.659568515878 0.523325185103 -0.697695574611 1.08734964269 
2 0.108144458782 0.694713249459 0.441401721585 -0.289473287834 0.505969172059 -0.517609580629 0.895351624945 
2 -0.96323486426 0.261842773792 0.121880334757 -0.350982379919 -0.262668455509 -0.610146337489 0.125987395355 
2 -0.117214000836 0.49267444415 0.477007590237 -0.930678544568 -0.640647406512 -0.956526497047 1.32140228286 
2 -0.369456659877 0.258324561222 0.848382171138 -0.703568798193 0.140829420701 -0.733546173972 0.609827625056 
2 -0.259646984088 0.626147412225 0.686428681405 0.0727013074027 0.0837970447199 -0.236587740986 1.09235759661 
2 -0.0560346529602 0.937067170486 0.954808911193 -0.392098693543 0.111210423286 -0.550167730419 1.0737690523 
2 -0.29318168459 0.869533569562 0.351332525431 -0.31546767683 -0.217836942074 -0.86636056131 1.14786704637 
2 -0.369764612492 0.0832558150884 0.730719788801 -0.204050358053 -0.129739963605 -1.22981177176 0.888337356998 
2 -0.468619471582 0.579990389239 0.280853252443 -0.338262248126 -0.196458365744 -1.29163455632 1.14396401171 
2 0.0158259561169 1.11121356 0.542867333198 -0.0825289240414 -0.24630396865 -1.13015960057 1.205901941 
2 -0.343830053763 0.747469749774 0.496290486829 -0.391740798361 0.202644768491 -0.9908673361 1.09316786049 
2 -0.120469374174 0.693397501305 0.427846672331 -0.285839732487 0.158051990039 -0.971983102539 1.39580755619 
2 -0.293499594959 0.652570165569 0.32859210007 -0.456262683412 -0.124508216488 -0.894565039441 0.918553793285 
2 -0.111745830298 0.528940538504 0.890769870991 -0.251801703428 0.349534727324 -0.727690351816 0.82763336491 
2 -0.268650760447 0.725648082178 0.266243427407 -0.462335488819 0.0545400155437 -0.493574058376 0.400060996323 
2 -0.0747931566416 0.60521520546 0.255848669983 -0.44240660245 -0.053347485964 -0.613238545937 1.03123834388 
2 -0.566049521166 0.840471528257 0.472967526812 -0.521104891263 0.0167579608395 -0.916815010338 0.648244756708 
2 -0.0290027072314 0.401893717421 0.516351662969 -0.408792993951 -0.27452139208 -0.924728665441 1.12392384797 
2 -0.704974337301 0.696556676203 0.638397365468 -0.0266211739951 0.127202084737 -0.96731184787 1.64282391356 
2 -0.339178463654 0.303056496533 0.761238730961 -0.235444078771 -0.0423952793212 -0.680805412782 0.860430932754 
2 -0.55268738871 0.580138512686 0.651940612073 -0.861549579443 -0.47992751792 -0.82873524218 0.990270152658 
2 -0.430060368608 0.518604869272 0.254492118772 -0.0625303363268 0.237730273082 -0.992519310755 1.09469843772 
2 -0.0537664373207 1.43603601877 0.443860313007 0.46528351272 0.424714208189 -0.43729292161 0.608805978694 
2 0.0558136260694 0.775244015776 0.680818429141 -0.0324364193418 0.151500577202 -0.577584216445 0.71961537515 
2 -0.0817934790978 0.793396952714 -0.0561816140256 -0.173576561776 0.0608171107039 -0.864230652685 0.872674186258 
2 -0.413549228037 0.33890548584 0.55705047002 -0.298456109446 -0.277376840591 -0.963703665041 1.23180005002 
2 -0.210778966309 0.784416597708 0.72453677909 -0.666550358814 -0.0358735302808 -0.573735303994 0.852502962951 
2 0.0471426194017 0.713637775528 0.439987965151 -0.302270394199 0.168119837031 -1.03219304655 0.9003621146 
2 -1.0322944061 0.903745903146 0.0245734609168 -0.96928275792 -0.381296137642 -1.09823247077 1.17214727469 
2 -0.302774779889 0.62899040143 0.173748974191 -0.461128102297 -0.263423060446 -0.710726068837 1.10075990052 
2 0.218101814475 1.04661711362 0.273790957121 -0.300325056865 0.223840821065 -0.565430848812 0.727844714291 
2 -0.499314293573 -0.832895659524 0.184892794031 0.133750906657 -0.0516177465064 -0.293666222126 0.361314419387 
2 -0.304601339203 0.764296112657 0.623712772162 -0.392505934533 0.102526603346 -0.991211233685 0.836250108566 
3 0.703424552796 -0.0998572435608 -0.958237173771 -0.565731609883 0.803620056077 0.5071533654 -0.0637957636963 
3 0.616496192873 -0.0328952968652 -1.04809269303 -0.52627215076 0.837842824123 0.526555119416 0.341769046826 
3 0.115858605818 0.710213236075 -0.827442077327 -0.383169933326 1.28852530645 0.232668554595 0.555284490379 
3 0.537948827773 0.212711868792 -0.412139751434 -1.21669659239 1.12199869747 0.979305502931 -0.0524381591428 
3 0.696481909109 0.395995560407 -0.768566171956 -1.25469852227 0.598532490852 0.574700100191 0.0688611681977 
3 0.806029224004 -0.293056014612 -0.437859241943 -0.9861501386 1.01506469231 0.605440205069 0.171635243475 
4 0.256795026792 0.442341364032 -0.436034853488 -0.79618854491 0.90165596344 -0.418411068078 0.440189156077 
4 0.36179449611 0.391244911262 -0.847216781227 -0.835029341071 1.31492500036 -0.350643399582 0.817683406903 
4 0.296360509373 0.925087827662 -0.316133121085 -1.14354416714 1.07075728817 -0.957121380894 0.378226722196 
4 0.50154552963 0.60118312135 -0.87330302077 -1.02539697816 0.790247245668 -0.770284593766 0.0947233042751 
4 0.409256893142 0.840348986263 -1.045789892 -1.07626094359 0.920486347217 -0.991074267094 0.0947551130695 
4 0.723600456353 0.561627499171 -0.948315155024 -0.987545116552 1.19967306435 -0.857804612739 0.398567564363 
4 0.93886459521 0.43356629607 -1.00585292755 -0.382363481883 1.01487698236 -0.548186015789 0.20210217005 
4 0.395234196086 0.728673189837 -0.817605115885 -0.983967672375 0.802296634729 -1.17646520442 0.309648688355 
4 0.431579368501 0.64884861198 -1.04252887818 -0.825194769314 0.991668248534 -0.95285085958 0.398843790027 
4 0.0530195816589 0.760655416611 -0.892645771093 -0.55505646988 0.450509646096 -0.720787735438 0.932867441374 
4 0.138383550534 0.73990868393 -1.16468297176 -0.847456939119 0.814796102128 -0.996729842146 0.577014942731 
4 -0.0471571203386 0.685562076279 -1.51499452353 -1.15988569196 0.981915733957 -1.25065465051 0.276532733021 
4 0.0121296866361 0.940616878596 -1.01283548607 -0.426094043111 0.62756705589 -0.388630979686 0.447051079684 
4 0.274638275807 0.543931387905 -1.13475420302 -1.23601682652 0.426535668524 -0.783266768457 -0.0783586928583 
4 0.313367100914 0.644184995608 -1.24278102051 -1.18310456562 0.541990073971 -0.484452294189 0.385740264982 
4 0.259742054132 0.520369986455 -0.645334538626 -0.638615120585 0.54446687135 -1.16658454327 0.462245593839 
4 0.38105592504 0.350837553103 -1.02260578035 -0.609066268931 0.965961965619 -1.05663610046 0.308861540233 
4 0.341252752863 0.615771221162 -1.07479142792 -0.569772607659 1.13327574745 -1.48044580537 0.363796716563 
4 0.407667646894 0.826079185859 -1.03938708242 -0.291093174772 0.751376467353 -0.592752999422 0.376686377809 
4 0.20571244476 0.433574882567 -1.20562244014 -0.833040757268 0.658850759072 -1.077151276 0.581400959761 
4 0.721759058411 0.612626696565 -0.836860480248 -1.43532944535 0.841217571185 -0.189864033693 0.516282212971 
4 0.533209149664 0.444065519532 -0.482166274119 -0.89980865065 0.757550679515 -1.10556281146 0.234890662662 
4 0.381724288005 0.80539575511 -0.876064262544 -0.302872722784 0.833489434036 -1.09462138823 0.321879347935 
4 0.307879240799 0.798998651583 -0.824555546655 -0.945644677655 0.554186708903 -0.865232929033 0.403278486512 
4 0.455580104999 1.13227174918 -0.694729602597 -0.88582958318 0.567597051193 -0.0403409308966 0.38950945514 
4 0.358682566725 1.11092221893 -0.54110023048 -0.534419204396 0.679447061152 -1.21229108038 0.629763167672 
4 0.195849147451 1.12096167002 0.056754198363 -0.374339612729 0.659797071685 -0.849395299724 -0.371877855567 
4 0.213449621364 0.689245452881 -0.998261752194 -1.03351698449 0.926934424534 -1.07167236573 0.523073171768 
4 0.346727849164 0.522581569393 -0.712617464548 -0.482417547428 0.814354604875 -1.1657301733 0.580828173282 
4 0.861008795289 0.573445577119 -0.537082202973 -1.07148283466 1.07491275565 -0.928640164544 -0.183936061354 
4 0.467597005183 0.636443682461 -0.899135142335 -1.04287336471 0.990894025108 -1.02501540918 0.312146895795 
4 0.295299227977 0.798034827662 -1.24703075042 -0.606689794865 0.806391776499 -0.91743346649 0.776588225891 
4 0.339899009474 0.259725288748 -1.05289934994 -0.549881500672 1.15871557601 -0.925179391632 0.200571659045 
4 0.593104063257 0.346664978739 -0.359478238602 -1.18110574446 1.16108152756 -0.844972508426 0.515059360488 
4 0.34595458701 0.585267423391 -0.929629636037 -0.884184180469 0.984376776221 -0.650519142035 0.350893117219 
5 -0.638198347643 -0.196228287464 0.0567134259225 0.341162816421 0.167683970695 -0.0459588698868 -0.398630339578 
5 -0.530417488312 -0.381478472829 0.0400737987986 0.40621869758 -0.00877363519384 -0.239389783243 -0.464725171249 
5 -0.728477117695 -0.551233551667 0.291266151914 -0.0291237536053 0.0634213890886 -0.0121105371773 -0.187117767328 
6 -0.346575804397 -0.60135199982 -0.167951695381 -0.717399132254 -0.216883204892 -0.240731202858 0.322461040975 
6 0.00793837329859 -0.783140544665 -0.462334126377 -1.0305175589 -0.429109452368 -0.0481874220803 -0.63878597222 
6 -0.0163873092826 -0.178915920603 -0.801097315576 -0.613294937472 -0.0112065875105 -0.0838864740452 0.219189956993 
6 -0.0973536004397 -0.689806000128 -0.515474467228 -0.579063737258 -0.0117603805803 0.179193951824 0.30810253157 
6 0.43367322196 -0.406435094154 -0.161071247337 -1.25336096935 -0.557397787575 -0.0168125570505 1.23688057945 
6 -0.306397769811 -0.327439382596 -0.936215473222 -0.757881231399 -0.556691201161 -0.0422906033526 0.0658995095223 
6 0.0115704375982 -0.678982551579 -0.527905224341 -0.669037915151 -0.241874588075 -0.289509018609 -0.0245560531901 
6 -0.508502967689 -0.795601833432 -0.258343261959 -0.939528933767 0.131587816828 0.0974687001871 -0.209668422385 
6 -0.282596516323 -0.711987485158 -0.132674016707 -0.802223748001 0.309089119865 -0.23677960637 0.226964173734 
6 -0.41962656349 -0.548271926413 -0.379743262312 -0.692923554343 -0.248276805342 0.124720676018 -0.161157274173 
6 -0.0486486802325 -0.085639842328 -0.673460424659 -1.20770531845 -0.397669208068 -0.0931072012071 0.759597828927 
6 -0.215354616282 -0.633727349267 -0.374597075348 -0.611559705724 0.089184011772 -0.353196340138 0.725171926958 
6 -0.0682318610938 -0.469385288248 -0.429956986374 -0.795541751214 -0.149718306103 -0.227340997814 0.0889207542541 
6 -0.274846132986 -0.405089190249 -0.340242399376 -0.933694410199 -0.483897607308 0.136630821027 0.390206203586 
6 -0.226821223158 -0.828493770545 -0.0357628650728 -0.991570608899 0.062498337649 0.0208817495392 0.440107392092 
6 -0.166159220134 -1.01799302021 0.0291831941199 -0.867843914182 0.02813025641 -0.459335761275 0.410219296233 
6 -0.325105837096 -0.719848992812 -0.208533751462 -0.622700786823 -0.152087057946 0.0638211559277 0.12561994856 
6 0.100601579773 -0.741472881082 -0.371779553654 -0.884497598225 0.0524427901751 -0.257548096909 -0.0545015668127 
6 -0.43686324179 -0.627622610992 -0.461312718578 -1.07276525205 -0.107545815476 0.234186136908 0.415691453086 
6 0.365719337197 -0.764125188081 0.0268224106114 -0.723982978949 -0.0397870506652 -0.189816722785 0.576167840699 
6 0.227243101408 -0.407443834816 -0.349218022295 -0.720355021431 -0.0730037677454 0.269317929074 0.426274596575 
6 -0.006942970219 -0.449451000363 -0.375230305107 -0.512760846101 0.102107515194 0.0875362385479 0.542881003065 
6 -0.253280757946 -0.810310726456 -0.243180349423 -0.616842387962 -0.160640953234 0.231870603541 0.208453088892 
6 0.267567722988 -0.736662451479 -0.346717336283 -0.210724142076 0.100501780783 -0.0936440679469 0.494007055189 
6 -0.144756802953 -0.342824330746 -0.557919660926 -1.52279033821 -0.159537366871 -0.00375252898667 0.2574409289 
6 -0.094507646334 -0.295975612412 -0.321294772596 -0.308177358918 0.0925402158992 0.0112939632513 0.402395442131 
6 -0.143081044331 -0.454576005826 -0.13618558831 -0.510018300995 0.134513460432 -0.207257656757 0.518347316762 
6 0.0260543808826 -0.598880995567 0.0463161889058 -0.955140692084 0.200364850784 -0.140194150963 0.372162511328 
6 0.170111991063 -0.530603518272 -0.440488424581 -0.903857433984 -0.250038246426 0.00108453323927 -0.00995779738366 
6 -0.0159065549069 -0.425143265708 -0.537485928161 -0.701519143326 0.0348636131014 -0.202244788446 0.046637420055 
6 0.0631133564113 -0.686606410314 -0.318169709218 -0.899115451633 -0.3031431296 -0.471699444436 0.478940392544 
6 -0.141296924174 -0.302301143903 -0.310933322207 -0.937558235757 0.0492182236648 0.242303069097 0.589959602996 
6 -0.000577668646763 -0.750348866974 -0.101823591766 -0.9184675528 -0.032623744554 0.00555245625871 0.206901394635 
6 -0.199421406992 -0.632762657141 0.0774490381258 -1.00114597335 0.199761856001 -0.0848978899437 0.221005780067 
6 -0.0247308343092 -0.759329178967 0.105651463802 -0.904517156651 -0.152625786455 0.0244748082398 -0.195720466777 
6 -0.184185136367 -0.12171962713 -0.498685289797 -1.1045459526 0.0339040889638 -0.497863113228 0.202729704085 
6 -0.288054677406 -0.614584795994 -0.151489450397 -1.20366218304 -0.0201900802723 0.331653374173 0.101866387605 
6 0.0990966107182 -0.476641519213 -0.204185194289 -0.522576535762 -0.307472606834 0.0319355039518 0.118584741104 
6 -0.028208314677 -0.15329798549 -0.795707726477 -0.397865937301 -0.246695813981 -0.0111493719373 0.235798906427 
6 -0.385889609139 -0.527612686802 -0.441283958629 -0.851132618773 -0.158290640381 -0.046565991074 0.297578995114 
6 -0.165449062904 -0.931406883752 -0.400770886786 -0.918406601482 0.10011135978 0.0160891787549 0.317051270807 
6 0.0720585809043 -0.42393265948 -0.132221425478 -0.83582469625 0.258338708041 -0.12815277991 0.524872492541 
6 -0.00666678964225 -0.788218212199 -0.646457209986 -0.69369400676 -0.433067700387 -0.113611962884 0.539884238314 
6 -0.900710042229 0.13636204532 -0.636342161792 -1.00231245399 0.983376671369 -0.279716259269 0.488910648237 
6 -0.361940829748 -0.0985625390937 0.119538064366 -0.873548265729 -0.169038483737 -0.359074726669 0.562052161432 
6 -0.282079228786 -0.776515165398 -0.376822188512 -0.512298826056 0.176926684718 0.111295044287 0.354170773704 
6 -0.196307398096 -0.675169349118 -0.448355349416 -1.34979121583 0.235670427881 -0.26273439509 0.248592563575 
6 -0.198281642434 -0.717890089264 -0.636588139021 -1.21418753414 0.227488326645 -0.359806900124 0.543941553487 
6 -0.213352499778 -0.643263550605 -0.604133761023 -0.0836207887143 -0.0786258389346 -0.0960578141416 0.390097719557 
6 -0.113026661504 -0.468937299317 0.00294673269196 -0.934639398696 -0.00259552079588 0.0547766789266 0.147523410998 
6 0.187185422883 -0.856306788623 -0.113629466603 -0.858382444569 -0.195254297662 -0.0536873183309 0.309768732917 
6 -0.230973439918 -0.827370571382 -0.497112443733 -1.129593833 -0.218668359157 0.313752797456 0.463002162691 
6 0.071929396919 -0.54063050234 -0.383918365575 -0.759767230054 -0.0153851535423 0.351172506163 0.310019229686 
6 0.0496488282289 -0.274145451173 -0.537109826408 -0.951088910511 -0.155155778832 -0.205381208467 0.139178811379 
6 -0.173398092927 -0.260765282623 -0.91193921597 -0.713282761961 -0.260180827092 -0.520542620235 0.277169637207 
6 -0.0350097732234 -0.825651029871 -0.323275987878 -0.967453066841 -0.414158693808 0.153323934373 0.466776166569 
6 -0.309918981824 -0.632453899408 -0.669843383101 -1.30576660036 -0.184170008017 -0.277215152494 0.145363460674 
6 -0.413014209839 -0.511333081435 -0.491808108017 -0.974922815394 0.0961415974003 -0.10851806295 0.434965026221 
6 -0.246937693589 -0.452780489081 0.0704355578495 -0.423096657394 -0.27540340432 -0.306881821698 0.0620193008205 
6 -0.0307639011546 -0.480634913367 -0.0210769718278 -0.867985506567 -0.404220372501 -0.384141717273 -0.173868576556 
6 -0.225857658425 -0.556535959937 -0.455508205956 -0.799558906041 -0.253083269564 -0.356546414657 0.300142718493 
6 -0.21612679866 -0.354329460632 -0.655605926441 -0.99462641586 -1.33966053355 -0.178986231394 -0.282877075335 
6 0.201629293163 -0.432520572188 -0.423779317547 -0.932946071151 0.0213693020468 -0.212274571187 0.631121763997 
6 0.00889611881404 -0.20315577804 -0.298419998356 -1.26062722446 -0.0143198391485 0.0986851968789 0.0515392142424 
6 -0.676787028221 -0.617215542548 -0.312809036666 -1.15469928892 0.290552390455 0.0299066464399 0.227074918014 
6 0.20378866765 -1.56825413017 -0.414844403351 -0.393347076135 -0.925188221483 0.0409468296671 0.107676868242 
6 0.314931809056 -0.612118289723 -0.16403367019 -0.88087445646 0.151232344873 -0.147902370042 0.274134816461 
6 -0.0692309575587 -0.500459460978 -0.280895283022 -0.790382941857 -0.032575488177 0.216246201611 0.283098200137 
6 0.258186840586 -0.776798236507 -0.340282316112 -0.884773473364 -0.176022654122 0.280392475256 0.24643913396 
6 0.630778696177 0.122393261933 -0.34258241108 -0.517498526007 -0.0335299346912 -0.266722332436 -0.157206826777 
6 -0.205217660558 -0.396844078274 -0.231339918063 -0.352028228138 0.200939999642 0.0108145613328 0.51403652764 
6 -0.665595834235 -0.746092718611 -0.182422187034 -1.26386462479 -0.277319616246 -0.263866275986 0.0238457548316 
6 -0.358445735804 -0.71645107389 -0.151071405399 -0.90357494801 -0.0419899578119 0.017809050679 0.0285310881438 
6 -0.118371192652 -0.302194677565 -0.553695668564 -0.273210025828 0.0238761154322 -0.268662963489 0.474190769122 
6 -0.23276843874 -0.2775742737 -0.635415496336 -0.742523773706 -0.188231207866 -0.158148330691 0.0549751446684 
6 -0.30394289096 -0.398759271299 -0.339287077076 -0.693273036201 0.379855600554 -0.279568002044 0.446974385324 
6 0.0213778594375 -0.68103693423 -0.186978298065 -1.04080032674 -0.156661520799 -0.218053595357 0.356563075577 
6 0.016903839503 -0.499188638426 -0.362505108564 -1.04119055779 0.0769020439296 0.15529316085 0.506626496833 
6 -0.0329755109127 -0.580922048429 -0.343232227323 -0.480675345696 0.0572754964018 -0.221083210278 0.246051841295 
6 -0.262459442189 -0.719297209253 -0.387722523557 -1.02049206911 0.0622961116656 -0.0631411817682 0.20957451999 
6 -0.404661878698 -0.432870282511 0.191527423622 -0.916535072392 0.189377926248 0.321726049684 0.573872892224 
6 -0.432592252101 -0.848853570025 -0.442253727555 -1.04545103515 0.145791958352 -0.165715153487 0.50616787966 
6 -0.27724267636 -0.300551027921 -0.526059693082 -0.52135406591 -0.156100380815 0.220037743171 0.478952340607 
6 -0.646324828281 -0.325281295817 -0.443843349654 -0.882559173621 0.178678036728 -0.0158023045628 0.134358160784 
6 0.0987552561169 -0.566983964369 -0.32894821997 -0.667236412986 0.244249613307 -0.413644181766 0.250396676708 
6 -0.330579193768 -0.627439131536 -0.233503853736 -0.364306837085 -0.25366805802 -0.190798127189 0.476315295072 
6 0.0374980595688 -0.794604082523 -0.0869325335916 -0.547160318677 0.0669704485914 0.204448337622 0.422443890078 
6 -0.356935328561 -0.310968663975 -0.301462792927 -0.998695771454 -0.0142752646806 -0.298712050857 0.370209194253 
6 0.130175147298 -0.688406731832 0.0290870854564 -0.848468020187 -0.126915776798 -0.0517038949007 0.0390486756102 
6 -0.115614566765 -0.928505259012 -0.46210788872 -1.05961172501 -0.712143406858 -0.558127515011 0.218789064259 
6 -0.230667312995 -0.531128744321 -0.320180029333 -0.874950973727 0.568535072242 0.00439774144997 0.703344867234 
6 -0.386728088104 -1.0892476192 -0.423543336445 -0.804081361535 0.347332357581 -0.0846533805078 0.3224787881 
6 -0.163552721098 -0.936984874235 -0.373798684756 -0.51816964526 -0.0141279915633 -0.36851518433 0.0862565750706 
6 -0.348774087172 -0.682252061693 -0.286010157892 -0.917747584335 -0.0792675334192 -0.193719006213 0.343254930555 
7 0.878431231607 0.70407128468 -0.64000467958 -0.561907756792 0.480104714756 -0.122564299695 0.86180602312 
7 0.654800978841 0.424528604886 -1.16067629214 -0.358364603144 0.582039969419 -0.132387537205 0.363698216951 
7 0.827313335195 1.20418226664 -1.23556404591 0.0731436888346 0.264983563018 0.730128801082 0.530652586076 
7 0.656870256154 0.021736397935 -0.826382491621 -0.634663155976 0.988040266746 -0.126132724476 0.347420123506 
7 0.812514089144 0.855514331269 -0.564554787643 0.156452808832 0.507948928317 0.264618044211 0.24204666851 
7 0.749765516126 0.352817080074 -1.01547786842 -0.664622015778 0.545285399718 -0.350248822624 0.41680522442 
7 0.872940976019 0.546528253923 -0.624311786209 -0.706953678032 0.717094642762 0.189981248117 0.266515172745 
7 0.542384393988 0.397953506579 -1.09818895857 0.166710089001 1.13350943458 0.19977770862 0.409170491308 
7 1.04076595775 0.14852391091 -0.794616308102 -0.14771719571 1.70376611802 -0.351739189969 0.376345036834 
7 0.700670030622 0.757248414674 -0.770775049559 -0.633720413548 1.15631371727 0.239133583514 0.176392888281 
7 0.6112850826 0.693775899546 -0.438120679039 -0.656029624448 0.782335230219 0.174023970668 0.210985725461 
7 0.999047996251 0.30969957603 -0.233627594316 -0.736322858704 0.30186518614 0.123772609782 0.074563305524 
7 0.638163081977 0.353791593193 -1.04613207358 -0.498981492605 0.563346458411 0.0911740194097 0.306775980082 
7 0.952135939473 0.542050952689 -1.04292565557 -0.316649745043 0.550476960333 -0.231977903907 -0.123325953896 
7 0.787919076007 0.557964582323 -0.693883885548 0.146294237178 1.49873592015 0.0784436090074 0.811468121692 
7 0.941742933271 0.675438068373 -0.515748994428 -0.133264442164 1.20890786952 0.423706755646 0.39634863437 
7 0.634818180958 0.5804587937 -0.786876663157 -0.576616392148 0.942131466553 -0.0170208145873 0.221003709874 
7 0.475457275634 0.435225362333 -0.927370055164 -0.368212096419 0.663493947058 0.418374313922 0.215425738014 
7 0.699853911392 0.517552244873 -0.474852780137 -0.469694212658 0.864029882993 -0.00851185391122 0.784224381089 
7 0.658830032946 0.639438181172 -0.48425615497 -0.590063683307 0.59142366495 -0.266214556986 0.300076879961 
7 0.825492657082 -0.155861941821 -0.710842682768 -0.563142909583 0.89786374335 0.298248755231 0.386212075611 
7 0.560172809554 0.103025821366 -0.490494193235 0.19711938192 0.63167740464 -0.0383663119648 0.577327270277 
7 0.88584725438 0.434296869415 -0.746770885434 -0.433357698518 0.837713325021 0.266755443041 0.50690685608 
7 0.869535077277 0.677084602735 -0.910845710983 -0.437097992184 0.514776826022 0.0306437048229 0.400091074306 
7 0.122270664216 0.40086893787 -0.667123235255 -0.240119901217 0.644890838767 -0.127732693072 0.329050690123 
7 1.06455262142 0.898363175364 -0.91616549764 -0.33635371896 0.594543633738 -0.145638325046 0.490455859732 
7 0.486521907732 0.337060666738 -0.89380821201 -0.338792188253 0.646233616811 -0.183191687169 0.389169943136 
7 0.925449456152 0.412203247391 -0.429151060114 -0.599364783311 0.587119116358 -0.136356796464 0.75428204354 
7 0.775725682963 0.183491507205 -0.693394503864 -0.350989680898 0.772718546618 0.0111835539834 0.604851468129 
7 0.986786103431 0.129559417902 -0.594927935151 -0.0627136286178 0.765031431279 0.327539299812 0.511450384473 
7 0.760026842314 0.529912154866 -0.843165627617 -0.558353699657 0.984250412356 0.044796650906 0.276871027861 
7 0.842025847349 0.303709378147 -0.920407482758 -0.476746345943 0.859780246064 0.179078499899 0.369716737799 
7 0.80538011363 0.520439667428 -0.78213994712 -0.612104312021 0.90456051171 -0.00800106281988 0.473773719538 
7 0.554648678065 0.180179436739 -0.994681922271 -0.198441593531 0.885560271383 -0.106184596787 0.431761613665 
7 -0.166402879541 -0.0904652130904 -1.51779191284 -0.549042969278 1.17944018533 0.659117753319 -0.150376763216 
7 0.632680938214 0.511165044299 -0.850192225939 -0.093140592952 0.820571236226 0.135042242681 0.480163100913 
7 0.770552564233 0.438363743214 -0.688832223996 -0.208350404026 1.06248052661 0.074366489765 0.431732948713 
7 0.552719177106 0.313926550365 -0.975391138565 0.237435065557 0.85918467265 -0.111850894869 0.716237954063 
7 0.526044707007 -0.0249113909708 -0.800918988718 -0.362523599524 0.886474514241 0.352242024149 0.777613331666 
7 0.819502425638 0.279750140535 -0.782439870336 -0.371983556002 0.568238447195 0.00556490524824 0.382439022783 
7 0.631982803758 0.343652562509 -1.14688449043 -0.45908799416 0.907230563738 -0.0077884972206 0.187608960819 
7 0.681980809745 0.652501266018 -0.429268264997 -0.137799862121 0.966480630301 -0.337136359363 0.236448219479 
7 0.655942543049 0.475455624606 -0.606425552197 -0.61240165835 0.977381592634 0.0473116330336 0.320261787346 
7 0.395516837452 0.289091123435 -0.534070060323 -0.558679912032 0.383506409407 -0.643583453864 0.628045722201 
7 0.687621220073 0.362037310498 -1.3496941424 0.0961497229305 0.907833114774 0.191253698104 0.367634537253 
7 0.912885202611 0.690951894137 -0.642124774201 -0.15818883526 0.384460449168 0.135273701238 0.742955558451 
7 0.776261916069 0.584117467192 -1.25107598886 -0.49404135806 0.919595963049 0.272348436324 0.632613033768 
7 0.639423331191 0.444018601733 -0.842073317569 -0.256375998347 0.929867715531 0.156622992307 0.26361476511 
7 0.791741204746 0.835137812717 -0.901240769761 -0.279447975953 0.826057501185 0.251522766953 0.839216345397 
7 0.914771750172 0.542765259953 -0.694303767499 -0.0342897173201 0.53304752914 -0.251823460748 0.506318064268 
7 0.950427586099 0.13487406065 -0.347539049035 -0.669219782429 0.698757651303 -0.0739646719459 0.394000821971 
7 0.750838329508 0.446671749046 -0.988146958027 -0.326233188127 0.72831634798 -0.0135982478483 0.651692045635 
7 0.663061763144 0.222022408906 -1.41585667845 -0.186980583263 1.02950447995 -1.13364830648 0.881436186023 
7 0.637616125371 0.836835581853 -0.969987931457 -0.781606546774 0.404829753739 -0.174279048701 0.722538707541 
7 0.741878681053 0.691045380595 -0.784571432005 -0.259617304458 0.93946132376 0.0193983554466 0.301333295633 
7 1.07537982139 1.57522706807 -0.698550248998 0.158657829054 0.367763112812 -0.263143389697 0.356173827011 
7 0.603024560042 0.615858647462 -1.06170907248 -0.490983875485 0.634975158709 0.197860256456 0.326997205475 
7 0.773567932547 0.513553072179 -0.719859777378 -0.909025276915 0.497324558391 -0.125031246174 0.591275255446 
7 0.707598448135 0.434532494291 -0.678066048767 -0.127400620144 0.901343702136 0.29106319804 0.626930157095 
7 0.88191338066 0.200075275456 -1.05422593002 -0.519351318271 0.601296210914 0.15252364144 0.654391419229 
7 0.565230530441 0.347397048418 -0.649929086115 -0.534929179454 0.710168894071 0.244933640193 0.61130978242 
7 0.655603021421 0.472396221975 -0.917316980011 -0.213431117548 0.865778825681 -0.106677537642 0.641615346025 
7 1.24016377182 -0.464656858288 -0.558668457619 -0.641931087603 0.318514932498 0.109501923717 0.627225764446 
7 0.524097424932 0.489930216014 -1.0531116351 -0.419511030671 0.637961421496 0.100654642856 0.302429128833 
7 0.583513075486 0.247173377915 -0.651097829056 -0.547358275744 0.697714376883 0.0449415675013 0.252373376681 
7 0.591398045193 0.185853748407 -0.231399030686 -0.186593224929 0.468360329439 -0.227497874729 0.594735682935 
7 0.46682729309 1.25338915462 -1.00879666544 -0.333017033873 0.762051269503 -0.0303883892593 0.133514567082 
7 0.601431398716 0.490334885291 -0.677527532037 -0.366909066109 0.903464875209 0.313877548793 0.631656866485 
7 0.712789296292 0.72464601522 -1.13996113409 -0.381958128913 0.777734694572 1.10963237676 -0.255654918923 
7 0.628006125291 0.199737794889 -0.289665564556 -0.210418462816 0.682136454525 -0.145594932369 0.481975489688 
7 0.892327267467 0.677335900182 -0.824011142173 -0.0956620403236 0.834568571978 -0.152824571609 0.550436421296 
8 -0.610174445775 0.719987029717 0.104721811864 -0.528676018819 -0.150583026236 0.715158956114 -0.386093690436 
8 -0.479741625538 0.798976650458 0.265942066964 -0.864814438417 -0.0726830614329 0.442812051499 -0.816271560215 
8 -0.0986974961447 1.02314168945 0.536602002767 -0.988378526705 0.162401966947 0.543409659935 -0.551374137653 
8 -0.765784991123 0.716981015855 -0.525479169331 -0.154768805297 0.558518445668 1.19021794765 -0.301040050455 
8 -0.709982125719 0.781263220712 0.238484236887 -0.81505994956 -0.0692664053562 0.630749731564 -0.38745412019 
8 -0.708346306354 1.11264595186 0.107222416756 -0.502137769041 -0.0332030431882 0.751688310335 -0.0829120224401 
8 -0.836960580597 0.505149308451 0.175371136716 -0.997615736428 0.705932282941 0.43763349536 0.23966944676 
8 -0.566852077756 0.979175674509 0.069950625998 -0.323730408585 -0.262874226726 0.149998167085 -0.635960373636 
8 0.262042371156 0.731385224288 0.520604914621 -0.666648289882 -0.323864182737 0.626653703358 -0.444461287151 
8 -0.318459728117 0.802504274385 0.217965620345 -0.70458545309 0.255699206811 0.442750007968 -0.550258766768 
8 -0.57050032796 0.886548941872 0.764041021558 -0.502052795184 0.22485573853 0.391547561102 -1.12182232088 
8 -0.522671577151 0.757525959905 0.154852846652 -0.72290535256 -0.185563685264 0.863366581538 -0.48693074037 
8 -0.633178064716 0.875000472248 0.316035419798 -0.84602542542 -0.100788607309 0.305209061907 -0.277588423081 
8 -0.48344898485 0.736781925293 0.28400464616 -0.556541784178 0.177320971704 0.42208209349 -0.391656983833 
8 -0.487186491502 0.814567113185 -0.0949597598705 -1.13090888755 -0.275878241807 0.0356593254334 -0.479880904514 
8 -0.449063947551 1.04844752766 0.144495813604 -0.451347291091 0.0614090281284 -0.0979303357621 -0.492135539427 
8 -0.683322023815 1.13352148473 0.0393960096001 -0.380922710916 0.0783451079944 0.645310553262 -0.464628406025 
8 -0.381859443732 0.7029494299 0.742498648309 -0.762208858353 0.154191174364 0.603462858012 -0.475595969453 
8 -0.375372161687 0.675786495645 0.390788991689 -0.566322163944 -0.312799045675 -0.127523086255 -0.233721445031 
8 -0.416405170629 0.8097252964 0.488969394646 -0.651919980211 0.239875894267 0.498075545744 -0.630056621222 
8 -0.556877643672 0.810806485164 0.189371836944 -0.325750429807 -0.191239121729 0.379142497234 -0.791455062257 
8 -0.733208267926 0.75236262271 0.201416650634 -0.782606512077 0.310715087552 0.300832829293 -0.609252489306 
8 -0.507391824418 0.96614984002 0.15282075653 -0.174621771878 0.529785597038 0.60164520916 -0.375295085476 
8 -0.446518316855 1.07362090732 0.225220303668 -0.864918665444 0.192431712386 0.408783663123 -0.0888909984983 
8 -0.565797537277 0.931050789414 0.337085713848 -0.980489599443 0.24186103619 0.420949135294 -0.389213564541 
8 -0.749728081871 0.976780686341 0.00746291070028 -1.09018268749 0.399120317549 -0.0107426093835 -0.327291106823 
8 -1.10323394224 0.614394880135 0.617522612699 -1.03512344858 0.254005536844 0.123885934844 -0.619780548412 
8 -0.742686298597 0.423351656527 1.17989424715 -0.293403708121 0.835728419708 1.07047898249 -0.458513804388 
8 -0.581819048223 0.901232230393 0.173560724824 -0.569846520941 0.157416708958 0.411841950765 -0.662326124612 
8 -0.844093893887 0.60284640632 0.216201888916 -0.816398082466 -0.3126277849 0.779037039037 -0.933547402554 
8 -0.973754205487 0.585855996623 -0.0741332055174 -0.781387428644 -0.152902549131 0.725656910301 -0.29609342779 
8 -0.638895061297 0.859045771002 0.648982525023 -0.56929798362 0.46640342564 0.350979652833 -0.483794638881 
8 -0.217651756792 1.11471605707 0.401848050454 -0.691978798511 0.0280049771969 0.323881955461 -0.411238901736 
8 -0.359805657471 1.36822931899 0.191085248796 -0.777199426485 0.210194074062 0.387931896287 -0.698312879485 
8 -0.32963974664 0.847303863542 0.390765866658 -0.30216698095 0.241582385938 0.888670761956 -0.761125317182 
8 -0.390519035543 1.02645360207 0.248571965373 -0.610297824472 0.30551482097 0.490681379393 -0.527461448728 
8 -0.555044610659 1.176730809 0.40084657309 -0.880589665259 0.14884696653 0.327876507308 -0.810343509154 
8 -0.427298612159 1.08099659764 0.494236559645 -0.648481006479 0.347421770067 0.493825209119 -0.619130546931 
8 -0.637000837841 1.18496845408 0.411532281943 -0.620055463975 -0.0523848018128 0.744916568441 -0.300235429578 
8 -0.496711117893 0.969125561037 0.46731051467 -0.53102447385 -0.116503270799 0.108825672492 -0.65582359786 
8 -0.688097909329 0.877066439775 0.0475281090908 -0.683147263117 -0.090258885828 0.451701798094 -0.595443531117 
8 -0.233606582592 0.970644511291 0.131852724689 -0.39381827493 0.373037683261 0.451114222282 -0.507154469542 
8 -0.656296095973 1.31405015093 0.260855793926 -0.311675595474 0.280041598256 0.374944149423 -0.44576428719 
8 -0.284205234711 1.20560508836 0.118348171817 -0.603208607544 -0.0326484379688 0.284304573386 -0.73900334869 
8 -0.69044145789 0.470339085907 0.380338347937 -1.02986317536 0.241357968299 0.36119239282 -0.470131682315 
8 -0.864407328513 1.27055250536 0.250826682116 -0.541567927555 0.223426753326 0.549591342432 -0.567878099272 
8 -0.308358809131 0.816338698528 -0.0736088651737 -0.488479990584 0.130186593516 0.582435302357 -0.734850899197 
8 -0.497364481343 0.860622527479 0.457050296835 -0.933508879382 0.0343013590411 -0.100647965191 -0.622336979402 
8 -0.284119230029 0.796661118508 0.504865477881 -0.484077429498 -0.00817702127895 0.0175211241777 -0.961739706633 
8 0.0279529644138 1.04939970377 0.239674953572 -1.38552809451 -0.330558379239 0.376661181603 -0.633821931696 
8 -0.817822584773 1.10436099552 0.163190228542 -1.08337670058 -0.279167008792 0.648066379285 -0.820089279237 
8 -0.410477459566 0.833003599278 0.062339889075 -0.856223674254 -0.118769407281 0.801581127157 -0.83903603349 
8 -0.590525782502 0.0822162684437 0.325993672667 -0.498384323188 0.351138430304 0.160684899386 0.52649875527 
8 -0.467372424134 1.36783947061 0.621793780376 -0.660557649888 0.0327643938315 0.412036832099 -0.507016615657 
8 -0.419773672281 1.08445389112 0.269427351608 -0.98083456852 -0.316249176447 0.36627811585 -0.48752942286 
8 -0.534421316031 1.11917868293 0.151599560462 -0.775138490856 0.206723090807 0.366633614643 -0.542877360406 
8 -0.316830425195 0.857092043815 0.321452749355 -1.02937037908 0.0499654109198 0.344181743011 -0.545528246284 
8 -0.174046375073 0.555260006913 0.346142261454 -0.683422769101 -0.181383126875 0.544478890284 -0.722725217806 
8 -0.486984255591 0.881911277273 -0.0395677470201 -0.768036468998 0.225561239587 0.708097215032 -0.481857453675 
8 -0.741867167 1.44152609527 0.114929370357 -0.652106102691 0.109165188805 0.563673278322 -0.477466683371 
8 -0.167072247343 0.963109603609 -0.290982970081 -0.602348268542 -0.314235465902 0.0557006197751 -0.664210318982 
8 -0.492164950687 0.938598136079 -0.234687663973 -0.922928477612 0.190770423154 0.442247382236 -0.364568305235 
8 -0.483781592801 1.32848907663 0.60352357111 -1.02399956634 0.0765675455624 0.234267035151 -0.642451449292 
8 -0.645463803027 0.536755225194 0.493443722864 -0.441465898589 -0.0707361244268 0.314681658288 -0.368833218367 
8 -0.407062329429 0.840417302753 0.391381452165 -0.70271006152 0.30422798149 0.670058086098 -0.643661005311 
8 -0.747109657835 0.937245555294 -0.0708795045869 -0.616224167106 0.101845135883 0.219385603485 -1.07182351313 
8 -0.149017056685 1.00444308078 0.339449547383 -0.721714564656 0.361339220181 0.596089747434 -0.686891039822 
8 -0.242515747488 1.0672245055 1.03412295779 -0.918357429431 -0.38040251492 0.256351982198 -0.494120917461 
8 -0.55152697127 0.60880299316 0.365872846631 -0.397183299622 0.90121242986 -0.132521970047 -0.24215723003 
8 -0.319844485997 0.780361948598 0.17911003511 -0.427626921666 -0.0616770919604 0.397268465283 -0.352927447535 
8 -0.816805264518 0.655063387211 0.0814417377458 -0.499856427427 -0.343614470174 0.292030835915 -0.67100075559 
8 -0.272181432767 0.822627603332 0.354143122318 -0.602493179537 -0.430323284131 0.505331829154 -0.330131998691 
8 -0.0361277619637 0.740199078777 -0.023751864411 -0.356273354622 0.310694000249 -4.14018693561e-05 -0.473068815715 
8 -0.42418185083 0.899319169499 0.470719141074 -0.816072595887 -0.0532596487484 0.452902625703 -0.346735197279 
8 -0.442834061354 1.00419962113 0.192443389283 -0.809465253233 0.0921778186382 0.267368166834 -0.557410438062 
8 -0.522176134182 1.08533971989 -0.0919757585157 -0.652191565199 0.176158048452 0.222513875903 -0.467395953085 
8 -0.578736268578 0.820013194795 0.270600463012 -0.768381668411 0.154152261998 0.621511913725 -0.661556172899 
8 -0.46190703918 1.35299765614 0.0720649648932 -0.61732219024 -0.0953952277837 0.637813509498 -0.606607522271 
8 -0.464789631426 1.18583137922 -0.0234004876439 -0.696621824529 -0.0631021419856 0.276285712631 -0.374136838496 
8 0.0248710935371 0.782151406352 0.415983238577 -0.857670201122 0.0267299241739 0.397410801136 -0.871583851683 
8 -0.756716737408 0.694409985837 0.281784800166 -0.46798483696 -0.115335390263 0.18545888847 -0.56468964497 
8 -0.422098081271 1.19572453181 0.565101391863 -0.809779470957 0.0371159813852 0.208312349319 -0.247265848859 
8 -0.495275826042 1.03264013351 0.605742053179 -0.510665978542 0.12538527575 0.565697270712 -0.75396316983 
8 -0.497387032419 0.726544453354 0.268286049914 -0.847639012688 0.277485799499 0.507745169488 -0.506164917284 
8 -0.629921144802 0.85789039391 0.22346930474 -0.461957562763 -0.144609474792 0.465024319643 -0.784173709055 
8 -0.662206362125 0.820314697392 0.538655285681 -0.813941254979 0.0429190463649 0.106624888827 -0.370367818296 
8 -0.76815724937 0.891675577779 -0.42317566049 -0.46927401725 -0.441309463601 0.32122280155 -0.541817791031 
8 -0.13588887935 1.17985756978 0.0650194076517 -0.762282156126 -0.0923055596001 0.514304748494 -0.305045507545 
8 -0.234975102975 0.860086677645 0.320168717986 -0.631622661886 -0.381435721075 0.203343004263 -0.947904569763 
8 -0.670814220395 0.689467487387 0.576294191962 -1.0024974546 0.357774469663 0.577498492377 -0.616695760792 
8 -0.588863975164 1.08602834585 0.466691950845 -0.840742966875 0.0353911098921 0.381248351779 -1.00447219234 
8 -0.501121601522 0.87833733139 0.385847482441 -0.831075208248 -0.262086875353 0.682975163473 -0.712145066516 
8 -0.370568875011 1.17384336108 0.490836223635 -0.691078918952 -0.0707819076684 0.549442019351 -0.799323246707 
8 -0.276775536463 0.691323794411 0.0393931638114 -0.63656950632 -0.211430932202 -0.146511441027 -0.292984783742 
8 -0.500703921628 1.12213498662 0.899712885022 -0.784116010852 -0.150433769417 0.544663123175 -0.810596947091 
9 -0.460432571269 -1.23092092589 -0.486183886749 1.13337520968 -0.72708769705 0.346056211675 0.205250658168 
9 -0.675473671459 -0.501634900088 -0.583588923311 0.984748917696 -0.782248003654 0.233028861152 0.292499035255 
9 -0.475642046699 -0.738009584734 -0.61486781171 0.990369735378 -0.778806226042 0.131647696816 1.04619943005 
9 -0.0632256763652 -0.346475562145 -0.324628535138 1.03602757872 -1.16163159974 0.277543295116 0.716366014586 
9 0.137492323238 -0.612317865601 -1.0709166963 1.26379893078 -0.981848915848 -0.102130556672 0.130088591029 
9 -0.386273570057 -0.582027406086 -0.566566317867 1.29852057873 -1.11664615088 -0.317289580331 0.579931662601 
9 -0.754061657991 -0.381028799547 -1.09945515681 0.586188921981 -0.920536741666 0.288780255418 1.00185601202 
9 -0.148128576531 -0.372239598811 0.470663922882 1.36694016833 -1.03368445258 -0.676714400408 -0.276908299924 
9 -0.718312894272 -0.490461530943 -0.259196875776 0.855163152529 -0.686659039718 0.293093892023 0.376872916966 
9 -0.415578234625 -0.294015281519 -0.125732379406 0.315342920953 -0.982480486246 0.49316504406 1.7054671585 
9 -0.689983506118 -0.804933181535 -0.451594620163 1.02447694337 -0.860944494313 -0.239056829137 0.347850739123 
9 -0.436268570395 -0.387443846526 -0.397280511897 1.28086334374 -1.23573132223 0.177093548498 0.127200777791 
9 -0.89683158407 -0.946140540599 -1.02802701809 1.16349288897 -1.36064950533 0.554674992322 0.169915923215 
9 -0.300942025152 -0.565058994477 -0.243565276709 0.994573071673 -0.690770477499 -0.0131811527434 0.841775019524 
9 -0.646348692741 -0.924207120889 -0.558267829495 0.611106211593 -0.805906651514 0.24620036502 0.548000175853 
9 -0.594689813158 -0.384860182139 -0.671077357378 0.943183870995 -1.24576135989 0.120554695645 0.474814297141 
9 -0.809023200899 -0.833820733844 -0.719768448488 0.752021780745 -0.897936323648 -0.496181002758 0.837418418112 
9 -0.515399354296 -0.28999607287 -0.788427479301 0.653167208004 -0.484505314519 0.250024089427 0.669407174029 
9 -0.490364592553 -0.277808344448 -0.57055993479 0.639887881645 -0.784201305844 1.13327634631 -0.0017030884036 
9 -0.484829338657 -0.510037374301 -0.413637830649 1.39577663049 -1.14383487405 0.253861994484 0.278463217024 
9 -0.236220271275 -0.498736282221 -0.433907944423 0.94984287748 -1.24601228002 -0.141965929427 0.468414523366 
9 -0.304419411708 -0.860232203951 -0.682854799637 0.885115057626 -1.29803560128 -0.422654656616 0.113311652431 
9 -0.867177543853 -0.632640410416 -0.33983292144 0.765507366152 -0.859517237841 0.143248711829 0.625237677345 
9 -0.598460110531 -0.872730869916 -0.376586402169 0.557293863871 -0.761619712216 -0.0130169865835 1.08541726642 
9 -0.404899040216 -0.524713273493 -0.44125156779 0.854084166119 -1.02937874982 0.0933350959941 0.501442747028 
9 -0.527527420076 -1.13076313343 -0.29837163232 1.40423467087 -1.03009467187 -0.0355822296808 0.514981596948 
9 -1.06886189437 -1.25007653043 -0.684277104879 1.15526346447 -0.419113196249 0.482249398765 -0.0492531920901 
9 -0.394411351027 -0.711112986515 -0.480673683769 1.27636384752 -0.917183153902 -0.0367310668952 0.613507429009 
9 -0.185371367167 -0.575778684394 -0.662616156194 0.777449479444 -1.11335213567 -0.315885574299 0.654663642634 
9 -0.419345076253 -0.581204253232 -0.135071435393 0.837766297474 -1.1459056763 0.444934460343 1.2226314287 
9 -0.0405172057273 -0.0700532703894 -0.805579418826 0.895547416226 -0.676109128701 -0.0606980032668 0.596201908195 
9 -0.313148224286 -0.609545271604 -0.42383946631 0.895456922905 -0.903320703063 0.373495160495 0.433658783056 
9 -0.260129530566 -0.4669210841 -0.238245297487 1.16410961707 -0.84965223301 0.16141803135 0.559965586695 
9 -0.550134409493 -0.598056471247 -0.275363714658 1.06804584547 -0.999380466526 0.0492418852694 0.650962598726 
9 -0.513227367178 -0.698605371398 -0.441260779922 0.911527197563 -1.12484357836 -0.199957812532 0.630739223833 
9 -0.899435579451 -0.371432166439 0.0981002034781 0.915261105886 -0.785153297449 0.57833104841 0.526622427634 
9 -0.666050122606 -0.584226158417 -0.472956786705 0.916861422684 -0.985265277036 0.545478083981 0.461822455845 
9 -0.0405327347837 -0.404738010693 -0.571062667371 0.823889966326 -0.812603672931 -0.0562569239392 0.678839071753 
9 -0.294842003133 -0.224667763318 -0.581879161123 0.752942333632 -1.21559881528 -0.196808574 0.917304034496 
9 -0.321658685875 -0.802947016389 -0.634700116687 0.997837068746 -0.94292804904 -0.000634424764275 0.625247665406 
9 -1.27804489791 -0.726951411971 0.459826480735 0.935739705946 -0.598009565882 -1.09866825223 1.01417343536 
9 -0.523071879427 -0.402943635133 -0.587540556155 1.17565300471 -0.985088256102 -0.235546430859 0.311918034427 
