0 0.504791445568 -0.415225005968 -0.93891479581 -0.555549574948 1.01561629287 
0 0.356068007538 -0.169214952879 -1.2407389836 -0.948101319251 0.799519739333 
0 0.717286020014 -0.151605234144 -0.644474419971 -1.10433566972 0.637438944733 
0 0.893364313976 0.00497872274623 -1.01687493262 -1.20764412159 0.612316426354 
0 0.452980006228 -0.417181434467 -0.78870278593 -0.731727750165 0.61934756251 
0 0.604074326551 -0.248082613008 -0.646746537774 -1.01237488197 0.407907509302 
0 0.232101292654 0.0166380309755 -0.881237640864 -0.688238827195 1.16193166817 
0 0.745053416486 -0.0801910648489 -0.734296798688 -0.871091669849 0.696361551282 
0 0.693522961496 0.232774927093 -0.816352922553 -0.709996335077 0.895221375789 
0 0.53885114005 -0.297450893606 -1.0080814007 -0.628117295948 0.450561316149 
0 0.493299945865 0.00239381133816 -1.24163614799 -0.670700755866 0.659874614515 
0 1.22354178416 -0.454113528072 -0.956555581704 -0.948001062134 0.705134404407 
0 1.09199726595 0.0386048439479 -1.14117640549 -1.05939667153 0.73128987539 
0 0.730761489592 -0.133711088995 -0.57434223414 -0.732871033811 0.617801475944 
0 0.565056644843 0.51911113195 -1.17312459843 -0.814413200081 0.814899314386 
0 0.479699793246 -0.402990061036 -1.21010981157 -0.98194387237 1.17893705257 
0 0.862874779251 0.0461353142961 -0.727340717522 -1.21214197603 0.81404120351 
0 0.377475901492 -0.299594592494 -0.636774623815 -0.997157811701 0.612224160203 
0 0.840180980401 0.263347973503 -0.742293906102 -0.883978998938 1.10241228198 
0 0.672448221168 0.104343330655 -1.10682249566 -1.37488344618 0.545501412065 
0 0.321175946481 -0.0431511879865 -1.18643165794 -0.932974998555 0.951301154555 
0 0.466160594596 -0.156640899324 -0.849951643092 -0.819769940462 0.855280318777 
0 1.25373869226 -0.128220190882 -0.992833706215 -0.736905707556 0.727738182702 
0 0.813669551255 0.0948309417936 -0.461669405996 -0.645595933157 0.968462691648 
0 0.327721349591 0.142797912638 -1.2059839832 -0.942237689971 0.683767291465 
0 0.546045043047 -0.072225016152 -0.870571718406 -0.766057610359 0.289133306058 
0 0.647667018179 0.0819556684281 -1.30488389382 -1.02372001325 0.571247810521 
0 0.868315268498 0.252636942074 -0.89588966417 -1.1800016299 0.421956147187 
0 0.747081836684 0.11153248328 -0.752507521935 -1.01029380929 0.755247970769 
0 0.640389458102 0.0702026561121 -0.841559561835 -0.991172787129 1.03424665222 
0 0.650608122736 -0.059892464617 -0.837212524399 -0.927127143568 0.549387850397 
0 0.721264715432 0.0691228968901 -0.862411420337 -1.35176398714 0.602891062936 
1 -0.0556685869013 0.673458816713 -0.21369688244 -0.797978754598 0.0195078536225 
1 0.207198924284 0.590318602368 -0.808559173288 0.120761727992 0.485030769795 
1 -0.157907567932 0.451522110925 -0.784900269779 -0.507503331418 0.664794398844 
1 -0.101017736682 0.290665774884 -0.622867944798 -0.154632726152 0.262400900685 
1 0.0768495718922 0.619007935927 -0.641854093309 -0.0299342034103 0.71102848407 
1 0.035023906158 0.580135537835 -0.698443292718 -0.416637069787 0.223846254593 
1 -0.297499107845 0.893192134135 -0.888911497361 -0.450331034674 0.254857616691 
1 0.0938173396928 0.916893679555 -0.860540693748 -0.01915357767 0.0650783759416 
1 -0.220014793223 0.705225570841 -0.237376381861 -0.212579394276 0.296424774328 
1 -0.402617816053 -0.0660955739835 -1.01127843952 -0.278176213392 0.515930437144 
1 0.211103199341 0.602285099179 -0.551129415842 -0.151054475286 0.166512222793 
1 -0.027635651463 0.312914576756 -0.820117236772 -0.390375585071 0.206460933708 
1 -0.246199804247 0.444744762073 -0.70553394313 -0.604525636683 0.762300684172 
1 -0.234506588319 0.629285708004 -0.653880375565 -0.631061784573 0.369774313319 
1 0.0414290310508 0.807112845788 -0.421452363862 -0.413650869455 0.700301754072 
1 -0.104457003568 0.931268373896 -0.795403155188 -0.34815992616 0.309843223604 
1 0.0367043214059 0.738701661509 -0.421793222017 -0.434275504711 0.302913317611 
1 0.006197604025 0.389954768091 -0.819697206319 -0.289098327985 -0.108339449762 
1 -0.109521192224 0.333769510592 -0.345884758874 -0.805906029629 0.0935728721725 
1 -0.123572023778 0.284523476092 -0.109427633422 -0.311447668645 0.757151370534 
1 -0.159799324984 0.303150464378 -0.427207991158 -0.377982655961 -0.27889560399 
1 0.0610044600378 0.303934800725 -0.850282183505 0.0552463161703 0.71788070818 
1 -0.24546497892 0.543708777427 -0.428301837939 -0.874042440408 0.519662616542 
1 0.0797933650001 0.760744336404 -0.855243242305 -0.382561557218 0.187269431014 
1 0.11720538824 0.559585450518 -0.718543640616 -0.703739743432 0.192423349101 
1 -0.202584956796 0.97901547695 -0.725882378401 -0.627054115158 0.486703804515 
1 0.320367264325 0.289124934706 -0.536368174293 -0.527879174808 0.402490794245 
1 0.613971554343 0.466802125399 -0.400260299616 -0.569315409813 0.296031678681 
1 -0.00138065135857 0.711235995366 -0.590737708824 -0.322161623931 0.00961183250949 
1 0.491016628071 0.781787269285 -0.838175237464 -0.424749631126 0.525581579101 
1 -0.0907828851991 0.667939434582 -0.341200639255 -0.594979987578 0.428468425687 
1 0.0421614617327 0.83090470091 -0.076935264783 -0.392930383995 0.205433827204 
1 -0.182142568985 0.260354990002 -0.47889825319 -0.114408110159 0.241663142868 
1 0.112688930071 0.676359594032 -0.0922364214947 -0.403915853879 0.169535559469 
1 -0.201789830086 0.313227047084 -0.359987897793 -0.341235234791 0.253773905049 
1 0.220674950083 0.346206356852 -0.326584359431 -0.142554685587 0.280859144598 
1 -0.0854912026042 0.469238720779 -0.603449604684 -0.401366991725 0.0020009290356 
1 -0.0267853028121 0.79742054859 -0.642471576515 -0.518264078372 0.0113492470626 
1 0.0245932072242 0.3448921573 -0.840553364903 -0.510208057648 -0.0212775654917 
1 -0.0825360461849 0.614938825314 -0.973148859358 -0.364289827935 0.646517347666 
1 0.138615652985 0.711288499391 -0.9588228232 -0.549661592636 0.120904869576 
1 0.0576143760222 0.765687336372 -0.470728108729 -0.144386761167 0.38598218943 
1 0.0697879103067 0.422899782712 -0.518520950101 -0.539574426175 0.31309215912 
1 -0.525346647135 0.401217703758 -0.598324353923 -0.416465062331 0.308516936477 
1 0.114444876717 0.538402272331 -0.58194467737 -0.195175529763 0.588673125801 
1 0.19787586599 0.811161433326 -0.850325225303 -0.584286524431 0.298705835088 
1 0.00399534807186 0.67573370157 -0.265649588908 -0.215257371773 0.0413517320257 
1 -0.150925103425 0.859555650622 -0.638028253046 -0.210430024072 0.320192121748 
1 -0.00392789929111 0.782888592867 -0.925255298092 -0.328043956877 0.0339941205787 
2 -0.648469036149 -0.025923963875 -0.548663838692 0.437404930978 0.462787409038 
2 -0.611109516024 0.0520775526677 -0.0755726916759 0.573173366215 0.637892367742 
2 -0.737052886858 0.300611246264 0.00832840402577 0.592684633287 0.365669293098 
2 -0.612446705502 -0.0766675228222 -0.366362872126 0.377057645259 0.83652678768 
2 -0.937334003598 -0.48021593586 0.0387891818773 0.785931873644 0.573237249907 
2 -1.13241270411 0.11205679457 -0.162454725746 0.247778198632 0.540433843715 
2 -0.967015589575 -0.233267235184 -0.573130540422 0.350045801883 0.849635828867 
2 -1.00791451018 0.103074849923 -0.100231299497 0.617089340667 0.753116529421 
2 -0.83417614864 0.285560751326 -0.00451035644556 0.672328176698 0.741805742665 
2 -0.749411340758 0.245781909323 -0.242880490286 0.621348897201 0.779950341527 
2 -0.810804143613 0.0514146967087 0.011325542334 0.528642487999 0.594120842052 
2 -0.465304402141 0.0727218743011 -0.336637226555 0.413409193956 0.666619646337 
2 -0.734826873513 -0.444843858954 0.0230972207389 -0.0140656988626 0.449084296937 
2 -0.752581471346 0.267095031358 0.0594947795565 0.336795081195 0.655536519184 
2 -0.593245418432 -0.379366452426 -0.0400433506245 0.439818570183 0.889152480566 
2 -1.13558886346 -0.304592503855 -0.377401134502 0.0786595114477 0.87019406714 
2 -1.0043119227 -0.306712210353 0.197993694147 0.209512862505 0.782547630804 
2 -1.1854534898 -0.442906840945 -0.27673133353 0.199878535399 0.90088924856 
2 -0.600317224909 -0.309190015312 0.148746215839 0.255888174827 0.443611374696 
2 -0.853140950841 -0.0759258796553 -0.0658625199034 0.453286515771 0.679535466802 
2 -0.712377214042 0.066247436116 0.104935742033 0.480987559152 0.702978410968 
2 -0.828611196184 -0.591351434918 0.0936247717606 0.763368172948 0.8203073671 
2 -1.25798306944 -0.210832593519 0.0879499854579 0.191948034652 0.667136145162 
2 -0.97912518813 -0.120297062036 -0.40222961448 0.164802002728 0.741155178591 
2 -0.981799632582 -0.0129074517854 -0.2402670697 0.493700126896 0.766601239053 
2 -0.925613830104 -0.301965919533 -0.410046219619 -0.120028377333 0.313128249196 
2 -0.94120168611 0.391140295681 -0.217228654851 0.335616138255 0.932622756797 
2 -0.718038891525 0.0862466828932 0.204147829035 0.540361640825 0.327570561987 
2 -1.18393500898 -0.366312226901 -0.20324590082 0.182799790427 0.541074208248 
2 -0.583816164874 0.117907334223 -0.364142367302 0.813420883795 0.597557846973 
2 -0.574474641294 0.20220954626 0.00361544608809 0.249857591801 0.884699150247 
2 -0.943462575204 -0.38441363872 -0.157377875638 0.3932115961 1.00276078772 
2 -0.673577668406 -0.220517519355 -0.178109158415 0.269360982008 0.343109331897 
2 -1.15907730488 0.172099831808 -0.010269123024 0.0657992912802 0.814645734418 
2 -0.612264978824 -0.356615759559 -0.373010259817 0.457543279564 0.703472245548 
2 -0.421660383929 -0.115795994594 -0.456647215225 0.371100727958 0.907825345165 
2 -0.915316602381 -0.112953353792 -0.003318609706 0.627788676378 0.901120241436 
2 -1.097856381 0.0686656505649 -0.128999259052 0.425145592858 0.84900956107 
2 -1.00927601056 0.206137468399 -0.159614991248 0.354792706481 0.666776835629 
2 -1.19678007763 0.00833654170891 -0.0698919232868 0.084201048516 1.20426447117 
2 -0.808893542009 -0.285314873549 0.0269279799424 0.214384778784 0.740366409789 
2 -1.16182770041 -0.166327380487 -0.324566115399 0.430813473111 0.847563832099 
2 -0.873833227376 -0.0179170744705 -0.357895132315 -0.192476639117 0.574046745977 
2 -1.16061038588 0.016215596821 0.334696883016 0.298856542429 0.36487897976 
2 -1.36530552603 0.109432786683 -0.119021423961 0.728483002992 0.663090624075 
2 -1.09289878925 -0.0525202601517 0.0710296473287 0.250803315267 0.911076717489 
2 -0.948228719838 0.205717732488 -0.157709459728 -0.0770062104035 0.504560538939 
2 -0.740432191113 0.0845920097411 0.377260459859 0.568885759094 0.650997736127 
2 -0.708291622935 -0.476489386959 -0.321220687881 0.165248663166 0.999747224675 
2 -0.457729760263 0.0298422349812 -0.557908399525 0.151155713057 0.759759892848 
2 -0.435900705595 -0.188850120244 0.154745100403 0.217856715956 0.998027995991 
2 -0.805607437548 -0.294484561498 0.260173284704 0.484999623406 0.720122723152 
2 -1.26941334038 -0.0278908586599 -0.0343397028393 0.199365405938 0.756320657145 
2 -0.810918552633 0.150333446788 -0.286911824323 0.478156950554 0.432992063215 
2 -0.925071661912 -0.349545548379 0.155175745426 0.390349757011 0.464923928057 
2 -0.699491489851 -0.290419460733 -0.136630622451 0.495249416405 0.569711541792 
2 -0.868609909415 -0.42108702861 -0.131891029561 0.493971911269 0.380737175047 
2 -0.958509757758 -0.0533782370608 -0.186344271714 0.315321546056 0.708960074065 
2 -1.48888590439 -0.0535303342098 0.147664252289 0.515682305059 0.660779414202 
2 -1.02181053815 -0.43689157054 0.0889002004726 0.320288330364 0.825359961326 
2 -0.949548318924 0.0768254047768 -0.115366055805 0.280432033596 0.837365906225 
2 -0.72065234365 -0.248612148139 -0.29971043515 0.383493449722 0.859736131906 
2 -1.19395187627 0.194736230666 0.0796798180582 0.61909981069 0.670789535895 
2 -1.26722302524 0.0167402753582 -0.168573387927 0.337239381381 1.11463602486 
2 -0.792335245596 -0.217622369553 -0.102502160755 0.29675033346 0.513410630894 
2 -0.722967244749 -0.52024812652 -0.0280332618159 0.411747622655 0.759027329224 
2 -1.0240943519 -0.0349411043887 0.200058880326 0.454158125161 0.804822381523 
2 -0.7186484113 -0.0401285242908 -0.287697685617 0.360544844922 0.755942020382 
2 -0.860359169859 -0.1742926022 0.0252469821695 0.29239149468 0.46548861524 
2 -0.65614790801 -0.195656311233 -0.337698021163 0.242420920451 0.3999018988 
2 -0.842441161739 -0.255124044214 -0.228048830575 0.12720181743 0.617629594648 
2 -0.863088641783 0.067082207323 -0.313587415084 0.170568896052 0.601183090683 
2 -0.889081568605 -0.246897452973 -0.233583936789 0.692851983945 0.60065058547 
2 -0.66537576363 -0.391782398222 -0.229815828669 0.0845272866463 0.32470844884 
2 -1.0851088527 -0.0202475503186 0.240497831786 0.393536154807 0.481729846189 
2 -0.666170517822 -0.507306592981 -0.359034541304 0.625359335721 0.806129083689 
2 -0.781308499474 -0.142189599405 -0.252373387919 0.485080452376 0.438696081536 
2 -1.20913328624 -0.101078074534 -0.485982971726 0.404852034972 0.777433791772 
2 -1.10322853222 -0.0265088815096 -0.250759292851 0.652074712731 0.850974293241 
2 -0.732819306371 -0.238186899559 -0.31866319014 0.198905196247 0.699298122525 
2 -1.26081807593 -0.439749526618 -0.1420086852 0.58556329455 0.848113054708 
2 -1.24957907077 -0.111483299693 -0.387560945375 0.169869412527 0.695027977639 
2 -0.982057856477 0.116831581998 -0.43004512376 0.35511112943 0.634898041537 
2 -0.961681910904 -0.437333107041 0.00116301248532 0.312780786434 0.549110892853 
2 -0.90366030734 0.079146610486 -0.487867303703 0.59822011208 0.816534240818 
2 -0.810591945348 -0.0956147316794 -0.473030673667 -0.0343398064339 0.869354021946 
2 -0.524936799345 -0.172159760629 -0.168017311414 0.340339773058 0.799229413023 
2 -1.08603401297 -0.116368718766 0.0177299380254 0.425919590048 0.194790465659 
2 -0.984062860545 -0.11501342451 -0.0294039332106 0.653817172887 0.395462920811 
2 -1.00245290725 -0.296174847917 -0.047871339592 0.480207598107 0.522586410276 
3 -1.16278710742 0.303117126672 0.563327328587 0.0797937457928 -0.117158976531 
3 -1.23719255347 0.788295595095 0.23732204298 -0.244613239191 0.0978832950343 
3 -1.1868240405 0.909906324699 0.466298800167 -0.757538088113 0.219934810817 
3 -0.668216214496 0.562380597828 0.351737112362 -0.316320948078 0.310786780591 
3 -0.756647715862 0.422375386191 0.261621337109 -0.259391743333 0.40212439233 
3 -0.863536141458 0.478011718596 0.358654870126 -0.387613587682 0.0131240611037 
3 -0.943072344127 0.901620116229 0.0102567304216 -0.290570833264 0.00850729120126 
3 -0.873515466005 0.638866574684 0.156665401554 -0.0385862477281 0.540209093144 
3 -1.06153892128 0.769036200179 0.570488772094 -0.544394193487 0.27001309772 
3 -0.528980432465 -0.16354214461 0.332724010292 -0.0381035015509 0.18341036456 
3 -1.17502970912 0.870595346905 -0.0591558521483 -0.460428598666 0.367287866103 
3 -0.496598925637 0.117659018575 0.136704128489 -0.0820127342476 0.0668427575276 
3 -1.14986185349 0.406166663656 0.375071866371 0.00430774966268 0.257369367566 
3 -0.948727173466 0.468333870191 0.477378147499 -0.412663782581 0.306967703272 
3 -1.28007947328 0.565578820364 0.278706426395 -0.173018632399 0.723737846679 
3 -0.940170295367 0.840148976648 0.555871171852 -0.34281195865 0.217843231569 
3 -0.941188083675 0.732938433693 0.380401786619 -0.156917194593 0.10894182006 
3 -0.951626931134 0.993319927572 0.48211759974 -0.0611031417066 0.124684635866 
3 -1.23107653238 0.722097335468 0.529291232362 0.314991729855 -0.0750624314893 
3 -1.31457391058 0.260209178978 0.258157163836 0.0183398333553 0.250827289386 
3 -0.882808785988 1.16423161859 0.204949025913 -0.0543857209362 0.398808262623 
3 -1.02242328906 0.788069741628 -0.0240425844775 0.319389324279 -0.223571015708 
3 -0.951369358291 0.968313269098 0.609274088425 0.157062223831 0.28304521114 
3 -1.13566173703 0.467223247698 -0.0073528339562 -0.272400737098 -0.223018842323 
3 -0.668010540549 0.572245054176 0.216175196692 -0.325377245285 -0.101234701035 
3 -0.90789073272 0.478568665912 0.238535597739 -0.237477789458 -0.0638454744524 
3 -0.869791611028 0.773089559387 0.25585914312 -0.134449761568 0.791031914017 
3 -0.967227774093 0.916156821921 0.350125069347 -0.0127741298032 0.46095277112 
3 -0.750153271104 0.506651734776 0.432710805992 -0.138499510524 -0.0184255772943 
3 -1.06253494787 0.664686946812 0.60991314662 -0.499081090922 0.413925757823 
3 -0.998047467651 0.61936206805 0.13117734427 -0.125337398952 0.141042783986 
3 -1.09187009959 0.454930221927 0.346287972481 0.225543029129 0.100430800057 
3 -1.02730659032 0.620147232879 0.426052796193 0.0949219338147 0.159774836908 
3 -0.947350431031 0.365935572579 -0.114388028182 -0.0674062724794 0.228743928328 
3 -0.826584740649 0.318086260751 -0.121946394035 0.377039144764 0.0523756906266 
3 -1.38389088629 0.790715839762 0.334819054073 -0.187887399818 0.234395644607 
3 -1.11950033663 0.688847382356 0.0334437914235 0.0110752208392 0.114132685279 
3 -0.901593328646 0.789282234147 0.274520751631 -0.0876946819985 0.0970343456084 
3 -0.894199303382 0.593096816239 -0.177850977081 -0.0587079807334 0.0729765377338 
3 -0.928630344458 0.934722066579 -0.0375863565787 -0.0334083039777 0.568154627472 
3 -1.09791346801 0.801267536038 -0.194871892351 0.30647144185 0.300406532382 
3 -0.73497510589 0.559807459962 0.288156076933 0.0866195361399 0.629937005453 
3 -1.23127353307 0.200881415647 0.127650380366 -0.374082931326 0.268174408037 
3 -0.779699414102 0.671521030951 0.0858507593726 -0.11957613043 0.168874476482 
3 -0.526204177614 0.828925249447 0.343508573687 -0.421095599326 0.409589641606 
3 -0.974629280879 0.806378928587 0.392689119298 -0.150793320058 0.270138831795 
3 -1.36463557907 0.714497013719 0.365386692074 -0.403771255442 -0.0519320374064 
3 -1.25219764841 0.843063731201 -0.0166768386121 -0.231148586178 -0.052220804997 
3 -1.17257772214 0.384370959698 0.378886888074 -0.127367751912 0.174524191588 
3 -1.01788591334 0.453313343847 0.408911218168 0.0186972649936 0.0614902096425 
3 -1.03176596272 0.545070617499 0.135831317914 -0.0671763606633 -0.0707032336581 
3 -0.774544535263 0.89019573189 0.775388712037 -0.35462182581 0.198673544426 
3 -1.23902691341 0.842524680027 0.348113963254 -0.161100368399 0.139417114791 
3 -1.03667979945 0.732142104112 0.144488123614 -0.335297324747 0.131407048255 
3 -1.05031958125 0.353070260044 0.50903216716 0.256711287485 0.338911647985 
3 -0.804658017177 0.460127331409 0.379708154399 -0.17087228828 0.183826742079 
3 -0.792527133941 0.882840478221 0.244200631049 -0.14020881432 0.0889791902677 
3 -0.713793346076 0.517388197275 0.442727563315 0.266074358713 0.00173359300131 
3 -1.07204562277 0.966671296416 0.527629667172 -0.704754091781 0.0775811692807 
3 -0.78309852991 0.774910204591 0.251296600967 -0.203981233276 0.161337590266 
3 -0.842805089436 0.438801900217 0.426962649619 -0.1626766713 0.150857572849 
3 -0.788749352615 0.399458603396 0.393741949135 -0.408798297817 -0.000604698705793 
4 -0.0855696864925 0.071629935199 0.285165944231 -0.572220924352 -0.748103054771 
4 -0.575595075258 0.143268783507 0.643779390281 -1.03373757778 -1.00955161562 
4 -0.266487489378 0.090419042867 0.645954481652 -0.95820318483 -0.785288649811 
4 -0.538824059664 0.135353216652 0.114148769753 -0.682871824693 -0.860184868951 
4 -0.480697215866 -0.0830626287315 0.561350244207 -0.960430358121 -0.716738340634 
4 -0.337142024875 0.687458673592 0.0749148914975 -0.674191275401 -0.454484520765 
4 -0.232460826995 0.186865401513 0.264004302499 -0.691003919874 -0.526421644963 
4 -0.282790626136 0.061207726746 0.418564056965 -1.10718105537 -0.607660481854 
4 -0.260495735058 0.011795552913 -0.120104501713 -0.843387339807 -0.512734956891 
4 -0.546550755213 0.229582057102 -0.106172213655 -1.1574950984 -0.876076356326 
4 -0.54272790279 -0.0522470628271 0.186298995903 -0.78821378391 -0.535052199133 
4 -0.374008899286 -0.0225995437578 0.170838796526 -1.24613898042 -0.604096726596 
4 -0.311117663371 0.218820128773 0.254519173169 -1.03436192404 -0.65542522852 
4 -0.114078538785 0.0692037024748 0.496094045047 -1.2311386518 -0.745111769983 
4 0.0697060377644 0.404054256782 -0.0464430720956 -0.794781558586 -0.359967219194 
4 -0.419690976172 0.346116209544 0.152499308887 -1.06847458962 -0.653584796233 
4 -0.128183792687 0.527343459222 0.457626244715 -1.18440243503 -0.442656063844 
4 -0.144304827986 0.115594368921 0.327442969781 -0.622205613805 -0.808517118063 
4 -0.471171618763 0.203227328191 0.240916208026 -1.6856168633 -0.796667198239 
4 -0.476030412719 0.0789792571719 0.028062119409 -0.800790739443 -0.937317863543 
4 -0.646679223012 0.387917990679 0.0839290725517 -0.877848071216 -0.550148094173 
4 -0.440554904161 0.179902445531 0.290221901822 -0.957294193118 -0.805149737164 
4 -0.226828266514 0.551025787824 0.241152323988 -0.79332396299 -0.250743600072 
4 -0.234462664522 -0.0287671067739 0.518362636943 -0.982994628382 -0.876260336516 
4 -0.387643180046 -0.0859315033017 0.421266717198 -0.986973381039 -0.505750264778 
4 -0.392818488114 0.44872319121 0.0730540254751 -0.685014662533 -0.339441306324 
4 -0.241146525492 0.0259198096947 0.534284444826 -1.02449826905 -0.661542255088 
4 -0.319955124475 0.363443921273 0.203255209508 -1.18655590043 -0.483595042754 
4 -0.229205930071 0.301272717876 0.217304972307 -0.598402858966 -0.472489300014 
4 -0.261301112442 0.281484725009 0.132629904791 -1.02388347399 -0.63983796669 
4 -0.384414410255 0.0593100940987 0.557863111933 -1.25438534977 -0.641196267284 
4 -0.235819948976 0.0893880369704 0.572427658954 -0.961702302499 -0.711282709607 
4 -0.184719162508 0.370888854439 0.247621834016 -1.20345749291 -0.811889749495 
4 -0.304001574914 0.118302298876 0.380778349119 -0.568227430632 -0.886735896972 
4 -0.521017654299 0.0666925338795 0.20967803387 -0.686108209915 -0.514704503773 
4 -0.139401721096 0.655767372971 0.495301734536 -1.01232483214 -0.770496459336 
4 -0.434594809465 -0.357226044568 0.546242252018 -0.985677229925 -0.96202127565 
4 -0.745511418023 0.428759182278 0.408935677399 -0.499991633987 -0.507699784368 
4 -0.296799685534 0.222627061706 0.511744767524 -1.07755289783 -0.571229978672 
4 -0.314078082991 0.218521438446 0.733151352666 -0.774943432087 -0.357030179012 
4 -0.366582589613 0.195079941128 0.41409315726 -1.09908785231 -0.76011717036 
4 -0.279340611944 0.308444407678 -0.192391432711 -1.19879048449 -0.703622587533 
4 -0.504731033383 0.0480640867461 0.701785309441 -1.46814982619 -0.714383691353 
4 -0.54245176118 0.229936870781 0.295829316673 -0.930192613967 -0.711180298247 
4 -0.233759785165 0.0882730235312 0.410781894204 -0.815046848732 -0.774304121225 
4 -0.318679065594 -0.00322075393155 0.100603107706 -1.33454301102 -0.984594863838 
4 0.041646327898 0.188203952017 0.184666960633 -0.939150882439 -0.272426820907 
4 -0.156259080833 0.269812684407 0.310108048504 -0.535957148675 -0.587541126763 
4 -0.631600312089 0.226008613184 0.523260953196 -1.16449360081 -0.644885346268 
4 -0.232350623036 0.169241204799 0.635990561915 -1.12329717922 -0.808210612219 
4 -0.150108304664 -0.487492856182 0.383395190199 -1.1860704369 -1.13900672158 
4 0.20672914522 0.10718074065 0.250352320429 -1.43245175813 -0.716476857932 
4 -0.145696791546 0.193082331007 0.277666904382 -0.643242639432 -0.598070413788 
4 -0.276521179695 0.348294546607 0.205135494927 -0.975888321679 -1.01688194146 
4 0.224450880572 0.0427398966577 0.386891965884 -0.572928255666 -0.636100089365 
4 -0.358117376522 0.311817340132 0.0344124627029 -1.23165263752 -0.769047695083 
4 -0.279856294175 0.00120967210464 0.358639031891 -0.927741952452 -0.511676788139 
4 -0.245429273038 0.144498911203 0.448680368498 -1.26321345899 -0.759710058044 
4 -0.422470239367 0.0812943442915 0.525200809874 -0.78795418352 -0.637243649889 
4 -0.18427563362 0.271538856347 0.0975328384672 -1.02476192335 -0.515126134992 
4 -0.367103552997 0.400600009709 0.211918623415 -0.766613475261 -0.678859780398 
4 -0.33871983205 0.281030659122 0.663945373784 -1.07905096324 -0.677218310671 
4 -0.422996940534 0.029755982395 0.341888145142 -1.04565677247 -0.749348718954 
4 -0.253939438132 0.515650125625 0.556910307933 -0.804659582329 -1.04964067451 
4 -0.458552591308 0.155399558022 0.173790426847 -1.47567206316 -0.73855355194 
4 -0.367030261871 0.462269102259 0.103466773408 -0.892253600032 -0.999503777445 
4 -0.404187621349 -0.00670659745477 0.0187977241604 -1.12190092925 -0.706952606163 
4 -0.108674594701 0.0947304478029 0.169920323343 -0.786746864751 -0.467532608071 
4 -0.107334276038 0.107343281068 0.249100518523 -0.74483600003 -0.645532741316 
4 0.0300012695301 0.365909004136 0.163421421877 -1.04330110671 -0.659914464283 
4 0.107963161399 0.117164762892 0.129319251171 -1.4543629163 -0.539424341299 
4 -0.285586793271 0.326612975879 0.772464204238 -1.06762165306 -0.621338447373 
4 -0.308795025585 -0.0971819438589 0.652286514409 -1.16984522884 -0.761708355088 
4 -0.365107647736 -0.102174378881 0.205722792404 -0.946454660889 -0.192425331096 
5 -0.525222216551 0.87217108904 -1.02911569988 0.594572962525 -1.02457644332 
5 -0.129646296752 0.884229887249 -1.11087572835 0.629474253604 -0.974750230917 
5 -0.197708218764 0.764664267894 -1.06308299311 0.570399379117 -1.0555103586 
5 -0.386078104134 1.05265444176 -0.796554585928 0.14515803286 -1.03510607959 
5 -0.497382502783 0.901922137384 -1.15664459844 0.181019923928 -0.804133434153 
5 -0.416928937684 0.936183630653 -1.07032042232 0.275297366408 -0.800784587736 
5 -0.380217963392 1.08776435265 -0.96385115184 0.488349629008 -1.24831754933 
5 -0.779773085054 0.628573950101 -0.963892800237 0.327801280572 -1.28382710393 
5 -0.791552244415 0.969826178284 -0.848171746151 0.0577041044296 -0.969570218886 
5 -0.933938168875 0.886985065887 -1.3193115902 0.355453682583 -0.47421831403 
5 -1.03099664335 0.741244275143 -0.902991111107 -0.00630444854704 -0.809204561498 
5 -0.858702616262 0.994616583102 -1.15889191788 0.287953439256 -1.15605109511 
5 -0.83223959929 1.17563266386 -0.52837755756 -0.109110309299 -0.653448943842 
5 -0.599402350953 0.772280619296 -1.08921396087 0.251286965718 -1.04562731215 
5 -0.413156903127 0.835421533031 -1.19183660408 0.756219444692 -1.33993074146 
5 -0.621151386831 1.16551190348 -1.18125607042 0.00229646266482 -1.07650824217 
5 -0.522521168017 0.767817810206 -0.892623412291 0.552489540963 -0.827286164892 
5 -0.853476801862 1.21758601259 -0.904365951468 0.314529505156 -0.880627130768 
5 -0.791986866511 1.18453459052 -1.08295842679 0.579877873092 -0.809178230901 
5 -0.670115035603 0.848264928957 -0.855720531896 0.913914823338 -1.14190692437 
5 -0.861270808699 0.642898752212 -0.809890481668 0.34023202965 -1.11859252211 
5 -0.775440082163 0.931444856495 -1.17318692692 0.504859699448 -0.654437068066 
5 -0.0602557752265 0.834309434731 -0.931971114309 0.618624774025 -0.800440280903 
5 -1.00255003117 1.05110657116 -1.40946535865 0.419850896718 -0.945684145688 
5 -0.585660489277 0.440532337029 -1.37553601713 0.490711473364 -1.01384192817 
5 -0.295062992855 0.727839404554 -1.28148001978 0.695887937369 -0.860618963522 
5 -0.803567069665 1.03987142329 -0.807696181021 0.436605244509 -1.16395279754 
5 -0.176015180031 1.04013150793 -0.678243827254 0.706100513653 -0.967679439659 
5 -0.515343023843 0.883097053771 -1.26583681541 0.421153273338 -1.00317306273 
5 -0.396827042748 0.64477560615 -0.773726522828 0.480573602668 -1.32809088265 
5 -0.511137484554 0.690114151571 -0.949850004983 0.240381212786 -1.25673682897 
5 -1.26192173896 0.599119788598 -1.03611246619 0.679981583693 -0.630103226364 
5 -0.170768476331 0.992294191588 -0.811473415412 0.206454370034 -0.966058959511 
5 -0.733073755836 1.08056164574 -1.03209296653 0.211347162193 -0.924754197261 
5 -0.592539061653 1.56758865769 -0.71851520098 0.476501760686 -0.681530167345 
5 -0.683003291063 0.832742128859 -1.06114770636 0.292397070294 -0.44018591416 
5 -0.507316007066 0.930158115931 -0.957158310719 0.6705327341 -1.20923102498 
5 -0.151795578418 1.09592186934 -1.84643292613 0.512640853107 -0.894982871622 
5 -1.0062780602 0.752005024282 -0.757049611701 0.277129630168 -0.995947837665 
5 -0.67772295315 0.769685948293 -0.718293745379 0.377843988782 -0.745112061655 
5 -0.6606889576 0.818982904926 -1.0784910285 0.323008145187 -0.884138278634 
5 -0.783344232403 0.91204027506 -0.966370672674 0.607171854942 -1.47251660444 
5 -0.477985975251 0.937390466939 -0.76073139194 0.533862107788 -1.13515473568 
5 -0.444857804825 0.921797411511 -1.01836786018 0.427864054216 -1.03436815518 
5 -0.708280528745 0.673317033802 -0.790795145547 0.300421379944 -0.794725234388 
5 -0.55329556909 1.0568333212 -1.11488645218 0.37819878903 -0.889581821323 
5 -0.604507437511 1.29161235287 -1.3226362209 0.344537130783 -0.84225008229 
5 -0.716528554339 0.884087643175 -1.13535947398 -0.275057177096 -1.07286818691 
5 -0.636126720812 0.766204983655 -0.561666956254 0.388389647339 -1.12246719199 
5 -0.561826236042 0.941497891565 -1.28818202059 0.232413743385 -0.814313569771 
5 -0.423502392378 1.01132940906 -1.03690555439 0.367682284121 -1.39647444384 
5 -0.386400586942 0.708382953696 -0.609834583 -0.0889378027308 -0.576953136368 
5 -0.0804118216127 1.03012557579 -1.28855989284 0.817249644619 -0.348923658515 
5 -0.588544642027 1.15603155672 -1.03554545695 0.189613136978 -0.599589811367 
5 -0.535241385192 0.911700904415 -0.9745301712 0.160788655746 -0.669444223281 
5 -0.589412506219 0.472205837122 -0.720829448036 0.00203007740837 -0.94660857242 
5 -0.801299300638 0.983871743557 -0.801018277213 0.0941719221832 -1.10594389468 
5 -0.511137961001 0.699085698315 -1.23286020811 0.660877118369 -0.813932498527 
5 -0.164534476946 1.05486476059 -0.60429596648 0.259883685827 -1.1887627233 
5 -0.610529482133 0.643747284978 -1.58905334177 0.59150958248 -0.895719565673 
5 -0.778553641009 0.590581648259 -0.873906391164 0.254822664093 -0.892056605423 
5 -0.75254412665 0.675567651092 -0.898667781556 -0.0469804057863 -1.07006017331 
5 -0.971670800285 0.884263163691 -1.41826080247 0.575547565162 -1.03647800708 
5 -0.479315792051 1.32632642617 -0.88231012421 0.423824488822 -0.754131089326 
5 -0.663074108101 0.646991150328 -1.0174036011 0.364061789788 -0.710868408911 
5 -0.31836189262 0.782714982366 -1.01356775452 0.262420549065 -0.821493449909 
5 -0.606402817584 0.507113945153 -0.834662561239 0.46985022639 -1.35174262019 
5 -0.399609011718 1.19021305476 -0.8205548581 0.175892714434 -0.962308025172 
5 -0.522749075437 0.867452926423 -0.945690196452 0.712226953406 -1.10629890343 
5 -0.259024378552 0.722294507534 -0.922143961283 0.0711448376272 -0.863668572293 
5 -0.590652581427 1.07160567353 -0.637900961175 0.369777891458 -0.820833904946 
5 -0.588890331791 0.970210106053 -1.03152842402 0.699182198169 -1.15247564197 
5 -0.759431370293 0.985449654606 -0.902803595476 0.202445396615 -0.935252318998 
5 -0.59677875783 0.580886927812 -1.20967133982 0.516040216032 -0.945988965061 
5 -0.547171784343 0.459598739203 -1.01367669187 0.181055139972 -0.999682487673 
5 -0.227478443549 0.626074589326 -1.0572432979 0.0630605418215 -0.804428074672 
5 -0.547293117082 1.00605158345 -0.920013654161 0.504671677519 -0.994551188245 
5 -0.859215317101 1.00287144786 -1.01711187279 0.521008433945 -0.832317146244 
5 -0.554857297705 0.95976916912 -1.15324705846 0.620237827209 -1.44561961146 
5 -0.441288942783 0.531949991211 -0.916405842252 0.49438075421 -0.834641769122 
5 -0.398346937097 1.02230587254 -0.754059517476 0.175470042439 -1.2247814266 
5 -0.636398448552 0.723530073317 -0.914789367868 0.769639691526 -0.665613801563 
5 -0.924312434986 1.1738863585 -0.994631883016 0.816977372447 -0.736189194084 
5 -0.497702328767 0.73044483095 -0.938375409386 0.413545701743 -0.81484746678 
5 -0.355121747962 1.00373201789 -0.89600967585 0.0693894332749 -1.17850116562 
5 -0.888671807252 0.714723050009 -0.767599379321 0.560597234036 -0.779872567501 
5 -0.394542337734 0.870233759746 -1.23693870115 0.173086735726 -0.902509027831 
5 -0.522281458695 0.87178801134 -0.900147932796 0.756272406854 -1.04492529012 
5 -0.742456616105 1.15561834193 -0.844077238549 0.388708191713 -0.602193542462 
5 -0.571943787469 0.477332838567 -1.26985634969 0.461208320501 -0.54979005858 
6 -0.00444469024976 -0.200329743063 0.145210332881 -1.19591307608 -0.771415718817 
6 -0.0707592526398 0.0678403939524 0.494210674667 -0.874797677216 -0.710245812039 
6 -0.221163702163 -0.18720124616 0.456182204873 -0.725058656674 -1.0708926915 
6 -0.157626772496 -0.253197231201 0.487064621078 -1.22826558639 -0.544634186547 
6 0.493924562172 -0.287371718989 0.434845063709 -0.921826952151 -1.10781966063 
6 -0.0197285548431 -0.264815454985 0.291328372286 -1.24129993048 -1.73804195338 
6 -0.0923729963794 -0.392788585142 0.480171261839 -1.24159250805 -0.733734559963 
6 0.213900564364 -0.523516991754 0.477015514363 -0.895301117435 -0.985918092699 
6 -0.186846791946 -0.287474996836 0.779515602271 -0.739130738597 -0.936326777628 
6 -0.0785757740523 -0.40129051626 0.94933182509 -0.917981068955 -0.8884891071 
6 0.274885244608 -0.461662296197 0.57146741466 -0.93693236714 -1.20542407647 
6 -0.0756308053256 0.0692426633159 1.17963898111 -0.860030423431 -1.04705588228 
6 0.0674040916153 -0.0806993000825 0.44643931096 -0.87434876954 -0.838773523853 
6 0.574378020305 -0.189893455278 0.195828301843 -0.982132430655 -1.54646011247 
6 0.0812823102128 -0.313699248971 0.108788120397 -1.32802619321 -0.80896613204 
6 -0.120008304291 -0.081435239119 0.232041160466 -1.41840822234 -1.06601035035 
6 0.0693732661653 -0.368661515324 0.417735009476 -0.865751957323 -0.812414373838 
6 0.381255514937 -0.198690963886 0.416687096381 -0.894106779323 -0.964062186089 
6 0.1313132657 -0.430941489486 0.171631689051 -1.00846203505 -1.23668743815 
6 0.284069064795 0.00576737447995 0.382950645086 -0.887105718377 -0.554985869399 
6 0.183690165207 -0.118493958472 0.359288197868 -1.13902225261 -0.809023098634 
6 0.285111487627 0.011935209985 0.384849284951 -0.813303627157 -1.19719310269 
6 0.316192291349 -0.188915012602 0.387477205287 -1.00652563013 -0.684175758559 
6 0.155964824411 -0.199966355556 0.351447060513 -0.940982524625 -1.01369218606 
6 -0.228836268137 -0.140232555225 0.579653143269 -0.871332521625 -1.16940248001 
6 -0.18765526375 -0.224833818035 0.816727279543 -0.900571122294 -1.15950237158 
6 0.584521165493 -0.737471189049 0.465175434368 -1.13647495859 -0.644340029998 
6 -0.133891792863 -0.0522836597176 0.418946499327 -0.693994028192 -0.594626344503 
6 0.35684241427 -0.343033556241 0.14167443308 -0.91133855015 -0.803560607795 
6 -0.00704617860709 -0.158792142656 0.789607404808 -0.678385761465 -0.995030965372 
6 -0.228042438437 -0.445371889422 0.853177118195 -0.718605601252 -0.522119701153 
6 0.27776749129 -0.296720901662 0.366402656875 -1.32651636465 -0.846399358279 
6 -0.0508695628496 -0.9041046678 0.6632685769 -0.723942110263 -0.446207998126 
6 0.464165317502 -0.50043297837 0.6889255478 -1.10937315667 -0.791001446461 
6 0.0276587174099 -0.138174382357 0.661838211362 -0.89497527015 -0.88150923231 
6 -0.160790204857 -0.728023364513 0.834636845844 -0.655983421769 -0.697128896843 
6 0.178911650511 -0.268822432123 0.302566503642 -0.504883612688 -1.05774070622 
6 0.0708718893428 -0.280066663071 0.37349437087 -0.866578067207 -1.29455887863 
6 0.0723450805769 -0.379039250124 0.733850896357 -0.669871305788 -0.996100832543 
6 0.114599010299 -0.706045911285 0.82381200812 -0.937844945169 -1.13192605845 
6 -0.0717353035941 -0.428019368406 0.309542342157 -0.927033639711 -1.01180809098 
6 0.359913328015 0.121799051628 0.284848198977 -1.08963695593 -1.1824171839 
6 -0.344395556438 -0.230276266263 0.220251339417 -0.862192293022 -0.946829138224 
6 -0.246261982417 -0.433628204638 0.538521389746 -1.41008532106 -1.08909240221 
6 0.400121464622 -0.260999386508 0.530806905425 -0.895717710172 -0.671269553301 
6 0.085604327377 -0.420651528298 0.205322715238 -0.876184384674 -0.770831499179 
6 0.174302976576 -0.447796265657 0.500402387139 -0.532706357419 -0.564253033982 
6 0.223268360759 -0.325973335841 0.238906593062 -0.822523374926 -0.681318565403 
6 0.453890796823 -0.300741584377 0.0166372198326 -0.948385726337 -1.13335127957 
6 0.0131085806813 -0.119171197659 0.527208882309 -0.989462718995 -0.894231879713 
6 0.260180909441 -0.108714270428 0.448482600109 -0.9618683501 -0.983242234947 
6 0.213480980364 0.0566119036236 0.356887208585 -1.22932046619 -0.868841657588 
6 0.049529614521 -0.246722225342 0.202567860211 -0.721918743782 -1.23504049688 
6 0.439099041513 -0.306987541446 0.611717164076 -0.928228510343 -1.07752520659 
6 -0.0347013181335 -0.392276597 0.668567890551 -0.982970938365 -0.446453613828 
6 0.544151634087 -0.191260577588 0.381433080579 -0.936180590667 -1.2331526926 
7 -0.406218389148 0.578250035367 -0.717785426028 -0.746543566862 1.06584460833 
7 -0.616888741656 0.742034664546 -0.7731945959 -0.938005267571 1.08736699535 
7 -0.511830282785 0.508913060074 -0.774752103843 -0.793368662804 1.24716916184 
7 -0.718423126639 0.449989137426 -0.703033468719 -0.663820832692 0.827824722604 
7 -0.824411336968 0.296906239259 -0.739179774717 -0.952702912276 0.850736198057 
7 -0.589854566232 0.444464664892 -0.413063729428 -1.14251870661 0.842081800561 
7 -0.618577905044 0.791444889484 -0.502021994544 -0.934745093468 1.06517130199 
7 -1.03148043284 0.718131939124 -0.916483927085 -1.33648380702 0.842990366986 
7 -0.275392239386 0.413561423731 -0.654564036825 -0.501243412026 1.46130043614 
7 -1.04144206644 0.290086845151 -0.92960345428 -1.03650050413 1.18110203818 
7 -0.539266137678 0.734704796647 -0.643254084371 -0.903148074802 0.799295454467 
7 -0.782282329421 0.456093303147 -0.669060337685 -0.562882899295 1.08700218198 
7 -0.142737919634 0.718671302103 -0.817004381359 -0.826650378591 1.16980880478 
7 -0.797906975795 0.539282848005 -0.733634997644 -0.65700910898 0.967861756745 
7 -0.651539692456 0.688795021986 -0.303856326558 -1.24370580889 0.724039712341 
7 -0.556320319887 0.310903027627 -0.923276156269 -1.27456105968 1.00649647666 
7 -0.658390070025 0.384820450778 -0.939336997319 -1.48427267395 1.15043007049 
7 -0.741858655156 0.872065182732 -0.552106327226 -1.18214178269 1.10763219473 
7 -0.437668199088 0.672442761766 -0.464302571349 -1.20233109394 1.0047179869 
7 -0.721853354451 0.498950349016 -0.790779114427 -0.871340549321 1.04881023323 
7 -0.393967919712 0.50068081389 -0.499559259151 -0.881953418055 1.17837087381 
7 -0.598722308879 0.788034950872 -0.832329464103 -1.07757322929 0.602998873922 
7 -0.241809596222 0.714951496515 -0.984940597938 -0.810085474685 0.79650781052 
7 -0.597552521158 0.539454201838 -0.280771287437 -1.24444769337 0.731991398335 
7 -0.832795463117 0.809602335468 -0.781617723368 -1.17281901074 1.06433336754 
7 -0.352856249206 0.485462501106 -0.981441359092 -1.52723639622 1.21611684591 
7 -0.787722180865 0.0999815393983 -0.682279393409 -0.911175970667 1.16198489651 
7 -0.949210242538 0.283568991212 -0.912772184198 -0.846641653619 0.615851730631 
7 -0.590079554976 0.492397801235 -1.120871109 -1.0358902629 0.870883489072 
7 -0.662146493085 0.893044605044 -1.00869744416 -0.945038480001 1.02662660882 
7 -0.613863276597 0.709872355537 -0.741538844391 -0.436810483684 0.66031416272 
7 -0.600301638197 0.880014191515 -0.705722515322 -1.12012275816 1.16000995051 
7 -0.563565639851 0.213628608813 -0.827216238946 -0.884527745591 0.891550992019 
7 -0.514969332049 0.620981221221 -0.872214971165 -0.708656273697 0.976453423703 
7 -0.796985584759 0.5554796822 -0.551003298557 -0.787781047436 0.738531716322 
7 -0.799478244059 0.743213346056 -0.964742210427 -0.845728225662 1.04293837899 
7 -0.454683446441 0.156742340838 -0.947533927675 -0.83044219865 0.764465657754 
7 -0.425118603852 0.585586045146 -0.600248795418 -0.857598642518 0.579767673036 
7 -0.53331148733 0.393104151004 -0.908450651594 -0.799794386416 0.751568374151 
7 -0.516897479375 0.550069273442 -0.780288692908 -0.770822997124 0.906021587783 
7 -0.568978539077 0.565492777374 -0.59680444252 -1.44629191955 0.719268946406 
7 -0.634746867573 0.647035537019 -0.678850515101 -0.971819421738 1.37986893193 
7 -0.631521450296 0.396863489904 -0.608536565524 -1.01269663203 1.54158935885 
7 -0.8206534675 0.654522175019 -0.393061436718 -0.862851732543 0.923346815325 
7 -0.588688448712 0.447186134578 -0.556817904263 -0.725061279739 0.723964725598 
7 -0.610237235877 0.54159841185 -0.510434225185 -0.66432422305 0.773394747673 
7 -0.618554886393 0.521850959982 -0.274388317976 -0.934105918641 1.1065502754 
7 -0.161039833925 0.30309115877 -0.608680129564 -0.955775225256 1.19169197737 
7 -0.857732208252 0.0912964556841 -0.313563766614 -1.40908443797 0.770826303726 
7 -0.0135642895711 0.619415216982 -0.9678481134 -0.820177979543 0.979017556333 
7 -0.609141142598 0.600895789057 -0.477688744783 -0.809575921085 1.21565569463 
7 -0.489509903652 0.806255150733 -0.450090351824 -1.07954851104 1.03437494135 
7 -0.731153222903 0.65167126256 -0.788266798018 -1.07427138739 0.622200267169 
7 -0.456127861186 0.527693173881 -0.77580058289 -1.12891077525 1.37783319173 
7 -0.398183091074 0.482773238541 -0.655480811052 -0.901419653087 0.782862542956 
7 -0.811099787728 0.477440869503 -0.801875249852 -0.645304127399 1.44995996192 
7 -0.711583596382 0.108478874471 -0.70660961155 -0.654392861022 1.06421225658 
7 -0.665759264133 0.645483829731 -1.1607911912 -1.43199573602 1.03103650497 
7 -0.335273343441 0.413955581585 -0.794544047317 -1.13807129268 1.15658591858 
7 -0.651812308984 0.49244071131 -0.876948550798 -1.13913808551 0.805595048716 
7 -0.663650902428 0.535985366365 -0.531647037699 -0.977702780156 0.622702929398 
7 -0.528038356987 0.653715634809 -0.754997932801 -0.838523316702 1.04610328297 
7 -0.495071926346 -0.0310392791861 -0.856795122917 -1.06109464457 0.620971350622 
7 -0.54343592762 0.277843107337 -0.434300545607 -0.941838843739 1.05747389373 
7 -0.631451286945 0.467302456179 -0.903224311031 -1.04345663427 1.00486284142 
7 -0.484558674993 0.740885336468 -0.5890552781 -1.22409923638 1.07865717144 
7 -0.902395229799 0.369223268045 -0.941496109882 -1.41446936654 0.932725942231 
7 -0.576236712444 0.491362630249 -0.536317494236 -1.15502966784 0.8051263983 
7 -0.380533560839 0.0950416744442 -1.00064951569 -1.29414934542 0.955244494307 
7 -0.414357199411 0.284089756072 -0.609901969118 -1.61840571034 0.901237010228 
7 -0.564440291586 0.359835027531 -0.436556074966 -0.939552550409 0.578177738448 
7 -0.385626223514 0.414994757803 -0.519520358347 -1.2140818694 0.984845076472 
7 -0.609091819004 0.561301178273 -0.579621660382 -0.916144248084 0.741671342459 
7 -0.758675034311 0.624459012421 -0.798057100002 -0.934969655312 1.09641349959 
7 -0.670337736969 0.704246868512 -0.5074006539 -0.774792916231 0.582175239102 
7 -0.678125553053 0.283794526888 -0.78832226676 -0.869680299037 0.743688917502 
7 -0.437224294342 0.434171513461 -0.81025761134 -1.20953539977 1.15521619518 
7 -0.393045252908 0.360900459407 -0.659207577298 -1.19184517048 1.0779381402 
7 -0.916205189744 0.331342394126 -0.351265352943 -0.882195010904 1.13464029747 
7 -0.246173226751 0.907121657085 -0.597560683077 -0.927795379486 1.35431413254 
7 -0.64888401275 0.478459854911 -0.711601742111 -1.2716714591 0.972765799471 
7 -0.451845038956 0.524447154046 -0.584335287079 -1.16763561123 1.00166738051 
7 -0.42623448051 0.2849542045 -0.404730777283 -1.24101111061 1.41118506515 
7 -0.719926319397 0.510549795285 -0.95395101074 -1.0634696322 1.05546042647 
7 -0.679813413766 0.693639176597 -0.582789884937 -0.698202336947 1.29744938194 
7 -0.34087199178 0.807019226291 -0.606546309594 -1.13641664903 0.74441826992 
7 -0.695749495372 0.754598791045 -1.1324698354 -0.899913861667 1.10433398219 
7 -0.507498897621 0.702253399712 -0.593906063564 -1.21989047278 1.48344983481 
8 -0.198689437217 -1.17564879622 1.11275807962 0.0274231998573 -0.23699674366 
8 -0.287405383856 -0.62060103207 0.825535964299 -0.0680727135177 0.188579470147 
8 -0.421562268883 -0.734273440512 1.25190000421 -0.125067940625 -0.0875587371219 
8 0.0646794988938 -0.735251968339 0.774612912411 0.327239152585 -0.0366694875706 
8 -0.288024372477 -1.30461219473 0.747604524643 0.350387718613 -0.320527988001 
8 -0.37572638188 -1.01806944615 1.01863197068 0.299211787838 -0.0302757646633 
8 -0.154957819152 -0.92180978682 1.17535518993 0.290735967414 0.118674419725 
8 0.018582862696 -1.05906826965 1.06656882895 -0.131245204005 0.0481124601594 
8 0.139455497368 -1.12048655045 0.952075053479 0.481123882102 0.26660523425 
8 -0.640805577241 -1.0172460237 0.563592424635 0.46908424263 -0.233027574303 
8 -0.103388484745 -0.726936236267 0.697098391051 -0.104007163139 0.161308566361 
8 0.0030891265338 -0.720468083073 1.0948255415 0.133502210383 -0.262854173491 
8 0.110508024025 -0.991359752334 1.0284367144 0.0771255074767 0.126454168398 
8 -0.135977377805 -1.36587920401 0.522279985798 0.250821143123 0.0861606731219 
8 -0.0106521227262 -1.09610529034 1.3889951126 -0.212707700403 0.0123178304653 
8 -0.0533708106011 -0.498359274183 0.886039048052 0.192703630916 -0.00304911907858 
8 -0.573360817226 -0.820197633286 0.798177259549 0.00207834475525 0.19810906598 
8 0.0533544897773 -1.00959247985 1.01543988062 0.065534317831 0.170915807715 
8 -0.32844560915 -1.07371406492 0.606753005309 0.331113788284 0.0177939759211 
8 -0.0123912983635 -0.475381987246 0.833061325078 0.347372681637 -0.0914019734671 
8 -0.497091476519 -0.930241898661 1.08391820574 0.216193401426 -0.114598405507 
8 -0.252086498152 -0.47835831556 1.18751246498 0.436043282683 -0.20315073029 
8 -0.0266201135948 -0.466685192333 0.6906429174 0.263760468983 0.166067915854 
8 -0.327823131792 -0.987259072054 1.080118002 -0.175349708598 -0.392925293537 
8 0.037556969121 -1.22709231144 0.616951218591 0.44603533649 0.0400474181122 
8 -0.312960130398 -0.514424704162 1.13459758773 -0.0179778023867 0.139531571811 
8 0.221272951846 -0.67853636173 0.88064630566 0.0326345331779 0.303458440273 
8 -0.059322739878 -0.581797331301 0.700385251974 0.17982872614 0.149015174363 
8 -0.495932267753 -1.0571039246 1.10552616577 0.0913526650244 0.0906982525127 
8 -0.119500963124 -1.20249815042 0.666229563845 -0.0696962607974 0.439058268658 
8 -0.528237464847 -1.10668238093 0.907931577624 -0.211983250545 0.11843343494 
8 -0.19624650065 -1.26454879282 1.07345115128 0.0087079211091 -0.0692307517414 
8 -0.117165168067 -0.693904499932 1.07647702366 0.476927089101 0.305599012987 
8 -0.134531559963 -1.19753947846 0.993231851769 0.0763608861813 0.0526129429454 
8 -0.245025013553 -0.715204665037 1.26298643879 0.205753264266 0.105879018517 
8 0.0332442578088 -1.02049698207 0.952582421431 0.0380968514965 0.0212452785175 
8 -0.0904375034861 -1.12317045446 0.397680256867 -0.219311996197 -0.218027632407 
8 -0.128553377866 -0.786792122424 1.02574327928 -0.00982822596645 -0.363024635837 
8 0.0496507202394 -1.09795410258 1.07724663386 0.0386493217509 0.0746145242566 
8 -0.600988976398 -0.913898708984 1.23463872329 0.0736813447138 0.0871380088509 
8 0.20969500388 -1.32200176717 0.544643162699 0.416394144208 0.30040161914 
8 0.120341245515 -0.953053136482 1.00391182266 0.0291914749583 -0.220174398097 
8 -0.00802546712 -0.884010256611 1.42673029223 -0.337040525619 0.0696398898018 
8 -0.200019296703 -1.05292009052 0.950336818195 0.113446677743 -0.088692888918 
8 -0.42000506399 -1.16316524012 1.37766620685 0.24179649994 -0.114568004576 
8 -0.214348284797 -1.02971013426 0.455064000029 0.462438097744 -0.0698531873289 
8 -0.414760841134 -1.30348792897 1.26631665886 0.269794657799 -0.205328311625 
8 0.184240905283 -0.828179582965 0.673517476845 0.577273557861 -0.159024244875 
8 0.0272354316067 -1.05387181443 1.09198654546 0.69166999738 -0.141897287553 
8 0.0350469765624 -1.07160248887 1.15753788246 0.204107776651 -0.111699667264 
8 -0.14627443771 -1.31439143882 0.969751635321 -0.148345283092 -0.307157982322 
8 -0.307371152329 -0.769814900381 0.976563916154 0.0649841542918 -0.344167003026 
8 -0.179748276451 -0.793742171103 0.672159431651 0.474542797368 -0.134805175769 
8 -0.373859466659 -0.634152778128 1.10256441318 -0.119521477217 -0.0911668817528 
8 -0.0825543854162 -1.18876635164 0.810464650943 0.197721239195 -0.257050582145 
8 0.0199705368795 -0.582720731211 1.12048253423 0.2542828539 -0.257992125042 
8 0.135394958795 -0.88249962938 1.12314980196 -0.16778017356 0.038922292143 
8 0.311364887819 -0.618095773451 0.782555549464 0.407175426737 -0.00558852371903 
8 0.297567862536 -1.34980503358 0.969074512886 0.196480770441 -0.094495145597 
8 -0.464385333559 -0.81418759383 0.737356459618 0.40897201413 -0.142183105618 
8 0.215291373759 -1.34683786196 1.08876322004 0.347197637908 0.0737492717497 
8 -0.238561791075 -1.14297747096 1.71149753514 0.154933289442 -0.141166766632 
8 -0.202742451591 -0.810127054908 1.14396361713 0.174468832204 -0.316043047632 
8 -0.150940479547 -0.83945404052 0.755252443111 -0.122622696307 0.191210486511 
8 -0.153424497232 -0.734365067501 0.884478473703 0.19167376028 0.264744566215 
9 0.832505644238 0.451887064929 -0.762436719399 0.408912865157 0.909587272849 
9 0.7027391266 0.719227425522 -0.99244657291 0.707120084461 -0.320176044753 
9 0.723039162697 0.0129234485464 -0.330728993745 0.447855043752 0.449915069609 
9 0.370881683507 0.40334259903 -0.895145875098 0.136023003464 0.322271199416 
9 0.411301302991 0.0307569129438 -0.703360575789 0.304154737539 0.116084258178 
9 1.03591211726 0.386670204286 -0.806150564207 0.63178325312 0.351122829641 
9 0.362868442684 -0.067627785544 -0.875268005391 1.10368375382 0.170869987143 
9 0.826550060538 0.122066090067 -0.817322313594 0.376094423402 0.0716434440958 
9 0.482445597984 0.529436341727 -0.55826732888 0.432345084745 0.513328145444 
9 0.340521635384 0.244119600361 -0.635365037545 0.720016006886 -0.126230679366 
9 0.433990625004 0.213022963604 -0.943748697895 0.531502455305 0.588116691217 
9 0.540743539446 0.512130456076 -0.480687954669 0.688293646457 0.595694254496 
9 0.241597885774 0.284169101814 -0.995007351338 0.820960719519 0.0676340232199 
9 0.86352180139 0.787443925839 -0.865038235905 0.496438533891 0.0186705350263 
9 0.57872295495 0.480351956407 -0.827688669 0.610734979299 0.47553272105 
9 0.633792948729 0.572438456541 -0.525465005903 0.710068835267 0.142708672017 
9 0.533823883004 0.0824600722217 -0.726094864313 0.799368286113 0.037691180124 
9 0.833315910525 0.242118595831 -0.886494635214 0.878748358198 0.386430960167 
9 0.548118837829 0.653236083523 -0.668198226964 0.223691716477 0.122026858989 
9 0.124747398173 0.0105840436147 -0.878128627562 0.607658472174 0.0363316460231 
9 0.461248416459 0.444512195178 -0.53823343563 0.78293143592 0.445536988241 
9 0.602029048807 0.298753206408 -0.688862954195 0.43343736912 0.21938473739 
9 0.519857496118 0.343743716197 -0.94435971224 0.256411273976 0.313046339343 
9 0.393604272927 0.140208936241 -0.968848314703 0.352456607988 0.404541165789 
9 0.70876292711 0.123628249248 -0.925615529217 1.08350809368 0.216438934655 
9 0.600790903718 -0.109267531296 -1.13763971617 0.416848512894 0.0759529429156 
9 0.603025965656 0.185797118362 -0.665613685062 0.96561786449 -0.019647227186 
9 0.197862796849 0.131945771896 -1.0276444179 0.75354260138 0.248693929791 
9 0.406169099179 0.452021061013 -1.26316792189 0.526604472544 0.358798305744 
9 0.472263138868 0.233797055978 -0.757806368164 0.443618308905 0.24436757123 
9 0.0463661275982 0.529876275166 -0.328179225617 0.738775548514 0.336876577087 
9 0.553766592935 0.397887097218 -0.559762913041 0.670302272662 0.109912213552 
9 0.336050991682 0.278411848655 -0.474189467065 0.429230479095 0.38791322485 
9 0.135159668118 0.285778369664 -1.20052656499 0.848481774295 0.268101237668 
9 0.33185813859 0.429084844541 -0.690565853744 0.529852610752 -0.0861440158657 
9 0.752776099796 0.430087028704 -0.56720620302 0.337576315961 0.863561405548 
9 0.662559692321 0.547255951079 -0.337251034358 0.666748432774 0.0561915676476 
9 0.185646275986 0.202101956709 -0.933079201273 0.575585417146 0.475858031507 
9 0.781960120088 0.465696552053 -0.691231852253 0.24135267655 0.47785509802 
9 0.644392676837 0.614968745744 -0.998707206634 0.359111772195 0.682299936719 
9 0.504868393484 0.576317305033 -0.577372118426 0.568996687417 0.414193855205 
9 1.0332707194 0.202432102793 -1.14959355301 0.597431288351 0.0550361530978 
9 0.047325891636 0.129531039379 -1.2739805889 0.460971053479 0.626604804671 
9 0.797372202901 0.490790406736 -1.1159540349 0.420300613002 0.438011182671 
9 0.588263903681 0.367401609909 -0.973335625354 0.496921504878 0.288376058592 
9 0.65843368352 0.882897883563 -0.603491872718 0.435957527813 0.580309150889 
9 0.59546599652 -0.117592446314 -1.0724258497 0.742701743074 0.117422534572 
9 0.450045400485 0.0934693588403 -0.884617559561 0.706841735219 0.387154596619 
9 0.781037159142 0.328305516275 -1.09086187056 0.73184304976 0.223175394832 
9 0.390270934681 0.122869629462 -0.852265811909 0.35899266608 -0.312001257671 
9 0.786766961858 0.199206016588 -0.447907916049 0.470279654583 0.542634687007 
9 0.522082283246 0.291573956602 -0.862797939943 0.277935732431 0.342695404706 
9 0.902602549041 -0.0586186782245 -0.931977617797 0.616777593352 -0.013036750026 
9 0.814401756391 0.057474782758 -0.979791412086 0.816506534333 0.271007112746 
9 0.811431453294 0.264047371169 -0.896037727248 0.496815438391 0.372420608839 
9 0.692696993481 0.311428396261 -0.584454641444 0.605308310308 0.311007601762 
9 0.734890853063 0.583276469713 -0.416775199804 0.83878982186 0.037654113456 
9 0.762183728059 0.195085633964 -0.499511806514 0.5845451751 0.50153030672 
9 0.184758598046 0.408237511356 -0.879031362174 0.68314291369 0.330369638394 
9 0.398924546537 -0.0159908315448 -0.824844209784 0.184656199676 0.642331045434 
9 -0.133887299534 0.442687310129 -0.710177594087 0.432482315692 -0.238708137419 
9 0.581976441221 0.128864190786 -1.26160401833 0.363956258035 0.498959056406 
9 0.786452092193 0.716343051955 -0.836921401924 0.70947412194 0.28231885096 
9 0.729469657614 0.556542261099 -1.01357384811 0.913318069521 0.613463924966 
9 0.36581416442 0.582458271424 -0.986412895939 0.287124044667 0.42693683448 
9 0.329987742985 0.373059794215 -1.17551310889 0.413214883115 0.615862366441 
9 0.304756915379 0.00262319289581 -0.828712193581 0.863545102557 0.00659657774591 
9 0.793060019021 0.265596144168 -1.36481048465 0.737280118747 0.0989804247996 
9 0.740252880442 0.187964504041 -0.643993758232 0.376610946767 0.321335063276 
9 0.864152593088 0.0989520568772 -1.02525530636 0.777484032366 0.461781077362 
9 0.388896807936 0.36213617803 -0.785672615633 0.252059208505 -0.0125027849143 
9 0.37611626629 0.331347641256 -0.905875956491 0.2541998123 0.292393558947 
9 0.700275505118 -0.0289316106588 -0.727515260018 0.527256727194 0.238462127546 
9 0.342206172186 0.508103146823 -1.22350968814 0.261423963973 0.33350918842 
9 0.812721964507 -0.0291940565377 -0.744097521619 0.658868750838 0.430345727026 
9 0.669070640039 0.417043775996 -0.767171550887 0.516526089145 0.15195526741 
9 0.315199912328 0.0820023881638 -0.450908866853 0.247198027316 -0.0131113460735 
9 0.873256778358 0.0546849648782 -0.829999184127 0.899145961573 0.151025398415 
9 0.128872225822 0.216301108019 -0.703458068161 0.822159719606 0.271303884469 
9 0.502111508706 -0.184784140666 -0.853466270428 0.418384673009 0.23439359041 
9 0.383828695698 -0.14847413948 -0.862228684306 0.797256644605 0.210329391883 
9 0.897610994501 0.49322479203 -1.06870270497 0.653748252725 0.525731432521 
9 0.155657953669 0.123530758245 -0.640747476914 0.2751020499 0.0148850491344 
9 0.185741001106 0.351121267308 -0.671314177321 0.428882610471 0.464957430261 
9 0.38585717423 -0.0844131647818 -0.694931790727 0.59657516401 0.317784363071 
9 0.686875220295 0.309039359107 -0.812974788228 0.635001234784 0.55421217562 
9 1.0779987163 0.266313093843 -1.3500079912 0.529612032137 0.00820331439926 
9 0.380260196254 0.305840709726 -0.681938585536 0.476783057826 -0.021755942749 
9 0.384526131851 0.106649057777 -0.647166240868 0.605714749406 0.44698388212 
9 0.296267787293 0.566043926411 -0.25546025389 0.686361477098 0.21479931611 
9 0.900558408094 0.17067906887 -0.72669262989 0.0445707495306 0.4893599146 
9 0.320373411865 0.38239341412 -0.379041589784 0.172882925314 0.138481164152 
9 0.774060049741 0.0999275827133 -0.787864211004 0.735295639945 0.366512463193 
9 0.5166952199 0.0894547075278 -0.349178247061 0.500285596032 0.0187826606798 
9 0.576880785269 0.820811627894 -0.519734206782 0.8448896353 0.276077609232 
9 0.336236335211 0.534402515844 -0.711470046271 0.501446015438 0.314608923485 
9 0.613408178713 0.145601250202 -0.777351441384 0.74529032555 0.430223568783 
