0 -0.204672601046 0.757598789353 -0.0276538745517 
0 0.340545253186 0.45026687638 0.455436121346 
0 0.463305568042 0.267170592048 -0.0783817681871 
0 0.219889057256 0.534004566089 0.591884435348 
0 0.0933702218649 0.0617502790928 -0.00711708746476 
0 0.421847049195 0.454433858163 0.0737930422353 
0 -0.0573496258322 0.423727273778 -0.566517144073 
0 0.379677180666 0.565950072648 -0.214928815239 
0 0.285200676832 0.83871067473 -0.357533759936 
0 0.170226242471 0.625636615511 0.0793866000978 
0 0.202236911672 1.13614013489 -0.0468246378559 
0 0.282073020068 0.469348068584 -0.307444024159 
0 0.347313338602 -0.0426284524836 0.0288166737327 
0 0.505688491054 0.641636583001 0.286985591449 
0 0.134629661328 0.536832097627 0.208125609961 
0 0.255770027805 0.718719842618 0.542737613142 
0 0.344019135835 0.800241096185 0.0270933842223 
0 0.0798289989529 0.589302872572 -0.106197668701 
0 0.136471729916 0.499719193012 0.321748360612 
0 0.578747666843 0.297274065869 0.174263285128 
0 0.593095117141 0.221852921851 0.143604047646 
0 0.689490932014 0.671996045349 -0.115873859082 
0 0.188964438964 0.632668713883 0.285334116172 
0 0.424871048234 -0.0181083263486 0.17194794465 
0 0.196014313072 0.617753284997 0.453983283535 
0 0.318702074125 0.274135750685 -0.0382460565193 
0 0.395436356988 0.670564814255 0.134069662476 
0 0.337679402871 0.54587845698 0.22521438781 
1 0.347414588852 1.37231043766 0.483681189686 
1 0.352255136248 0.699834479659 0.454388614985 
1 0.176863870673 0.797794048967 0.707111830077 
1 0.611768575197 0.643053419101 0.512760921851 
1 0.574256037163 0.944709101516 0.446032767355 
1 0.359887065795 0.935766025195 0.946322698648 
1 0.581779666028 0.619860715444 0.911138977798 
1 0.357462168868 0.940639577175 0.743188560695 
1 0.308012243244 0.707892120226 0.840577213852 
1 0.615475285684 0.672356910974 0.438813250569 
1 0.181751604714 0.924806494682 0.302056621 
1 -0.0712610248942 1.29954113211 0.384244950454 
1 0.633622301234 0.871029464763 0.409216054076 
1 0.55352473527 0.825013442474 0.489683795366 
1 0.689622971759 0.963560498791 0.75989982654 
1 0.698386666296 0.9667196211 0.956868148947 
1 0.245285948984 0.762416831724 0.856989159072 
1 0.897571394948 0.691435431703 -0.353267973055 
1 -0.121913327603 2.12374495071 0.220637790057 
1 0.337968879577 1.11297441487 0.617079868036 
1 0.528403292158 0.835203672128 0.707422912796 
1 0.366788624326 1.04730588145 0.684020153396 
1 0.847940998338 0.686952511199 0.501740261859 
1 0.407833251199 0.741663159253 0.700839582896 
1 0.331813614402 1.12246720959 0.48013226587 
1 0.338806914893 0.723582769351 0.492150288988 
1 0.458275315449 0.884807301634 1.0740557141 
1 0.491821584564 0.515086036594 0.0245134353828 
1 0.195312593991 0.935240766692 0.890042174479 
1 0.252245447976 1.05147110162 0.27507002549 
1 0.419689395982 0.896289960357 0.482676544027 
1 0.532836164079 0.751207310413 0.607429188072 
1 0.629187033027 0.815566298702 0.499987480138 
1 0.493225603422 0.811124109391 0.716139362702 
1 0.603653381841 0.853727151943 0.477117114038 
1 0.201688436475 0.66614418503 0.820656894187 
1 0.484327026785 1.15859139241 0.371034194084 
1 0.206762755711 0.855985867128 0.938444031198 
1 0.459265671703 0.568642883512 0.514882052595 
1 -0.196678635282 0.988447585249 0.515960770071 
1 0.360129082909 0.622324359497 -0.00512055576032 
1 0.426923638098 1.32635387239 0.624481947882 
1 0.392561273645 0.787011999442 0.740215038447 
1 0.510370669343 1.164840591 0.510965255828 
1 0.414510490053 1.03799117943 0.721066916388 
1 0.442124131524 0.899828141019 0.319507931838 
1 -0.0343129882534 0.794275354426 0.432463403946 
1 0.204790823476 1.29256787181 0.598587597627 
1 0.126614545312 0.883402726786 0.561269215589 
1 0.400565792073 1.11971919756 0.586253876838 
1 0.172406572209 0.785072871608 0.238888292016 
1 0.3580903594 0.456051014861 0.706706550105 
1 -0.0593882162353 0.716289281427 0.882776278959 
1 0.44819304604 0.864727780113 0.470616841362 
1 1.19634460628 0.678827400683 0.0415936008986 
1 0.420571290247 1.13741783311 0.407136866501 
1 0.630021919736 0.963688543048 0.618633376648 
1 0.0973118029232 0.591913760719 0.687372660386 
1 0.339182257463 0.925323775955 0.531816359368 
1 0.675154687514 0.555392840466 0.99176660841 
1 0.194372118805 1.77810500798 -0.376379951441 
1 0.388450301375 0.486930411441 0.93495686864 
1 -0.1381429638 0.631730264944 0.7609517838 
1 0.475140674731 1.51103175094 0.909563327192 
1 0.533107244261 1.28040993491 0.341442968063 
1 0.439220808986 0.848647830081 0.605620375483 
1 0.218106026719 0.744054189776 0.360135288319 
1 0.323865092347 0.752181531514 0.667949034314 
1 0.18810319333 1.1934011378 0.620374386684 
1 0.378722683348 0.590616701124 0.597874007237 
1 0.00656782949649 0.342248095795 0.250478960262 
1 0.273955546904 1.3235166369 0.817685666257 
1 0.563185698678 0.662452301504 0.588573687273 
1 0.556443069423 1.02105675684 -0.00512270584328 
1 0.129497381159 0.849099140415 0.709264022699 
1 0.728785229558 0.838433199067 0.608131112033 
1 0.515015545784 1.33833739694 0.414103503129 
1 0.862284670455 0.749425634626 0.404070788944 
1 0.190864480356 1.24143719119 0.884651005943 
1 0.206895572891 0.666159546922 0.635166761374 
2 0.135046203058 -1.2966770945 0.480056740121 
2 0.112496958602 -0.834467994651 0.343244066043 
2 -0.268073074093 -1.15189858759 0.581898075605 
2 -0.588635320356 -1.44078981595 -0.315534268183 
2 -0.00140948236882 -1.17260501617 0.42129334344 
2 0.112176990008 -0.67816814837 0.312114749969 
2 -0.0558215362857 -0.949374960112 0.307518127017 
2 -0.127929307803 -0.694828999148 -0.0978335737514 
2 0.106045389189 -1.21301898623 0.691957469542 
2 0.147156845522 -0.643213068477 0.369253229314 
2 0.298590429415 -1.18848082952 0.330566797909 
2 0.180116197651 -0.982234139964 0.190250020029 
2 -0.0696943229691 -0.919591971512 0.87425374637 
2 -0.307996874134 -1.05844404441 0.145591136156 
2 -0.0579077254688 -0.821438354781 0.431516868487 
2 0.301420242179 -0.91668207573 0.26571980039 
2 -0.00896594662549 -1.05800737759 0.153839705056 
2 0.252146504086 -1.24968455796 0.623599423885 
2 -0.193826616309 -1.15073060955 0.522752715787 
2 -0.106003119677 -0.935010750942 0.357772571569 
2 0.0297850643405 -0.789462285697 0.184611625333 
2 0.198923316193 -0.838391260994 -0.111582168168 
2 0.0977591028886 -1.31180355242 0.526488296755 
2 -0.347140996808 -0.639904579754 0.119121858149 
2 0.0466530927616 -1.12290077955 0.481208447812 
2 0.0878641179038 -0.89943371553 0.372981237821 
2 0.122307793939 -0.870577812374 0.157305591459 
2 -0.214897908127 -0.894632170478 0.195312190777 
2 -0.281277775505 -1.14516762109 0.409555795013 
2 -0.285574383476 -1.07337102507 0.268609166405 
2 0.0605339765743 -1.23340424289 0.617374271034 
2 0.194205471494 -1.26813942898 0.251876745166 
2 -0.108362208909 -0.748392129315 0.508731740647 
2 0.195286048431 -0.947334045704 0.303962235466 
2 0.147234383309 -0.544468770116 0.233154717457 
2 -0.148471666299 -1.06801939546 0.395950634057 
2 -0.191407237183 -1.11690475674 0.498752062866 
2 -0.0683927960782 -0.899331409057 0.18936131912 
2 -0.413676178031 -0.664601482049 1.00744418973 
2 -0.156701510975 -1.49851381593 -0.170841349354 
2 0.12753957666 -0.720056313217 0.351864108851 
2 0.0981779451532 -0.658678469436 0.543654715795 
2 0.0201868877789 -0.613195561883 0.0583155268315 
2 -0.301691139148 -1.57941325498 0.564410110683 
2 -0.115307364191 -1.09051097722 0.317186456504 
2 0.00820264823421 -0.668601847853 0.702542653919 
2 0.0709123360938 -0.706308774927 0.445908123355 
2 0.424814810301 -0.452820275913 0.3373339457 
2 -0.283308962759 -1.18676787572 0.384467687898 
2 0.155101346356 -0.906764491411 0.475731428093 
2 0.060325290834 -1.04991838662 0.335718274786 
2 -0.144487338191 -1.18300302166 0.404999897951 
2 0.21017478579 -0.669098668976 0.456734216061 
2 0.142216490416 -0.377335490127 0.574896154458 
2 0.0471789957864 -1.14529853897 0.597923799085 
2 0.0118429756545 -0.958864648915 0.536575478788 
2 -0.264292369184 -1.24916536071 0.23938730765 
2 -0.0954776951237 -1.01840621134 0.143322021988 
2 0.341508926841 -1.1734437025 0.451213594206 
2 0.102902730232 -0.82404098814 0.832775224903 
2 -0.0148101733366 -0.463092567315 0.631207906105 
2 -0.0947599650643 -0.813392317764 0.226162953417 
2 -0.102193742878 -1.60505598284 0.395869228843 
2 -0.0254458791149 -0.955907887625 0.350654485336 
2 0.168650555337 -1.18594963103 0.445013661144 
2 0.0140862882489 -1.13081106871 0.530938393519 
2 -0.104125977583 -1.17700332956 0.460855359779 
2 -0.00837029050802 -0.905190526704 0.398394525593 
2 0.144665329099 -0.523267703232 0.286577791724 
2 0.0998283067119 -0.675767677997 0.427528230569 
2 -0.289783538782 -0.72658929341 0.242425531361 
3 -0.333623243736 -0.193652924611 0.925527826654 
3 -0.309484416367 -0.00495334604303 0.727387038318 
3 -0.522202840248 -0.534780982725 1.09009119646 
3 -0.487451026109 -0.208584719672 0.861146428827 
3 -0.313404693769 -0.204087796782 1.27384233598 
3 -0.167023878516 -0.21367973014 0.785160060806 
3 -0.309518334631 -0.00763347967935 0.881138127455 
3 -0.249682030063 -0.155874698573 0.894252344438 
3 -0.616719391842 -0.453681195935 0.599305236965 
3 -0.582766374463 -0.109619569327 0.60769746357 
3 -0.808726904349 -0.161220678747 1.08604828973 
3 -0.687177568553 0.762454681804 0.979011015688 
3 -0.254504357637 0.010671008827 0.45837379845 
3 -0.519116913448 -0.621792652093 -0.00711186184586 
3 -0.863197383128 -0.264397983142 0.903124261849 
3 -0.401160854188 -0.121346938895 1.04196181563 
3 -0.594738158745 -0.244888975686 1.1147324645 
3 -0.186768017644 -0.261840905894 0.76726587548 
3 -0.16352616895 -0.133918214293 1.06959935146 
3 -0.964085376401 0.146582881082 0.909269616014 
3 -0.689355323264 0.0388296540637 1.01887231397 
3 -1.18574730405 -0.161196998196 0.982262531714 
3 -0.135415128343 -0.266889632369 0.778704514076 
3 -0.195223120821 0.0507814027212 0.816595643038 
3 -0.58054384819 -0.489283949503 1.14133431015 
3 -0.669572626113 -0.619704203149 0.873690313377 
3 -0.365727526777 -0.202866978575 1.15093425566 
3 -0.305886640063 -0.575258509058 0.785226811009 
3 -1.09657735014 0.382873043355 1.62046002274 
3 -0.416640393214 -0.106663542006 0.664235435036 
3 -0.567416485491 -0.111322973693 0.720230261937 
3 -0.412802195702 -0.211352232946 0.956270928628 
3 -0.604740179819 -0.544917564959 0.629073725018 
3 -0.508879979016 -0.309372489934 1.11921101911 
3 -0.264988113112 -0.201585482033 1.07252486502 
3 -0.359760243231 -0.0634939926072 0.872954486389 
3 -0.393681525215 -0.303923262611 1.07849359912 
3 0.0334119828436 -0.361083092976 1.47869900661 
3 -0.754508450208 -0.163378763676 0.597167751055 
3 -0.337053101552 -0.507924367644 0.379638327105 
3 -0.670870466133 0.147073149259 0.530788302273 
3 -0.251001846059 0.0469236153364 0.951958384819 
3 -0.485531431828 -0.525791736423 1.12349825012 
3 -0.207879435125 -0.213746899693 0.478888588267 
3 -0.734513419478 0.0465660585311 0.853445084854 
3 -0.486764404215 -0.245313804182 1.02512244415 
3 -0.260111614294 -0.307252754911 1.40362638343 
3 -1.01263049913 -0.260792749757 1.60987609389 
3 -0.548873417653 0.227527406675 1.0683891777 
3 -0.223397730178 -0.492158633533 1.53276316848 
3 -0.310399941992 0.153916672313 0.786845645111 
3 -1.36375189738 0.249832312806 1.31833506641 
3 -0.301941299676 -0.389685142229 1.38942310069 
3 -0.344167994961 -0.0595935013918 1.30502356716 
3 -0.460917472308 -0.205259777571 1.46490629371 
3 -0.482535223087 -0.286126937959 0.932730238566 
3 -0.68488344174 -0.148028445 1.10359279846 
3 0.0469850398184 -0.0295405684016 1.0337855417 
3 -0.278618074262 -0.288817710474 1.1125566611 
3 -0.208805039415 -0.233686638841 1.34988048697 
4 -0.688985104222 -1.17600790854 0.696016680123 
4 -0.679057851712 -0.713176359447 0.66007301895 
4 -0.432966569842 -0.877664057375 0.356710131121 
4 -0.856789392308 -0.954375875007 0.234273021368 
4 -0.538277081909 -0.308443007707 0.749945551442 
4 -0.613393968592 -0.608142872999 0.379455690468 
4 -0.450430534636 -0.873065234836 -0.000471575016242 
4 -0.550637837989 -0.654334858217 0.368893324165 
4 -0.569586475727 -0.697938986604 0.0660325501597 
4 -0.559919882258 -0.789145383432 0.472410587006 
4 -0.109512677124 -0.358411255642 0.0362093926791 
4 -0.945938316181 -0.651176753873 0.686306762462 
4 -0.69338673965 -0.93269816549 0.555379431244 
4 -0.611190077567 -0.596054681274 1.20956480667 
4 -0.737265078208 -1.03586445359 0.709063242919 
4 -0.766852267801 -0.702375580077 0.508487732455 
4 -0.810121737584 -0.859088420724 0.40218870307 
4 -0.860453235185 -1.02102093447 0.405269523172 
4 -0.275660253711 -0.898274306845 0.444321150258 
4 -0.404384753134 -0.675293106424 0.308292219897 
4 -0.578009801811 -0.571854459825 0.290828575753 
4 -0.428282600105 -0.775888638307 0.242678046181 
4 -1.09653979764 -1.52991540431 0.25393479307 
4 -1.06970190947 -0.479938950161 0.266654946161 
4 -0.999931228571 -0.897809449148 0.425347889372 
4 -0.911974057226 -0.902969268496 0.604181089153 
4 -0.298931453658 -0.685014422531 0.37350216369 
4 -0.598811205922 -0.832753036033 0.281212550847 
4 -0.456593806704 -0.994366605305 0.310302576961 
4 -0.486975907854 -0.794189902127 0.553086092065 
4 -0.695595528115 -0.70708389941 0.400682984005 
4 -0.553839313123 -0.705988984002 0.334105066566 
4 -0.0854112200054 -1.92170776863 0.821338727936 
4 -0.898934139229 -0.988610550507 0.337123991647 
4 -0.686732203422 -0.682754547173 0.483051920212 
4 -0.945735394709 -0.681866734592 0.303913388056 
4 -0.5984079147 -0.781845776299 0.576715673551 
4 -0.938444062132 -0.652100871079 0.438862366065 
4 0.18773799044 -0.615472129201 0.657472577212 
4 -0.766083604518 -0.474614237913 0.655230212255 
4 -0.920393618577 -0.720579941482 0.659707835577 
4 -0.677060847293 -1.05921294297 0.220023279756 
4 -0.625044115511 -0.770941232658 0.245707253122 
4 -0.824610936616 -0.680267778758 0.181135114914 
4 -0.388599464867 -0.965920170027 0.530966372542 
4 -0.846647896248 -0.798506038893 0.0347531727677 
4 -0.166993379378 -0.812556080413 0.408583186195 
4 -0.496407205669 -1.02777225528 0.689170226049 
4 -0.96911170066 -0.915862537544 0.00807870900502 
4 -0.489545084419 -0.833622499459 0.73122730324 
4 -0.882026008293 -1.00988234503 0.585971356949 
4 -0.502169004552 -0.975971499462 0.570077727403 
4 -0.782706633897 -0.629211485234 0.200887040797 
4 -0.954053918375 -1.09991548909 0.175295483188 
4 -0.867538628578 -0.993656905699 0.256639635403 
4 -0.727491576896 -0.824116507887 0.41218913044 
4 -0.56951594857 -0.938840433889 0.31753439933 
4 -0.422602350336 -0.887878405045 0.476052696764 
4 -0.322447698388 -0.411069644103 0.513353108981 
4 -0.579449238442 -1.09337977265 0.64069977194 
4 -0.769353958095 -0.906779667145 0.465774614135 
5 -0.1555923888 -0.638257719366 -0.433942353491 
5 -0.176361435442 -0.901080429072 -0.0287841992419 
5 -0.340587412953 -0.744907444771 0.0835661445363 
5 -0.0635589506888 -0.770173206732 0.265297367376 
5 -0.610211001943 -0.899430170122 0.325508523023 
5 -0.130612796758 -0.836736116236 0.274647879505 
5 -0.917300496731 -1.39690338717 0.26371250792 
5 -0.377058606724 -0.714197233284 -0.403250590105 
5 -0.259713366363 -1.14290695964 0.0929521409768 
5 -0.514967973965 -0.959321159889 -0.142037601163 
5 -0.0964500355684 -0.94247779948 -0.190374553044 
5 -0.989869705131 -0.925247058634 1.68670009799 
5 -0.510276512007 -0.735275278168 0.233143430974 
5 -0.273945415813 -1.11247132528 0.0826480235228 
5 -0.295512749652 -0.874215602451 0.280633083744 
5 -0.687594672221 -0.854234361307 -0.0863742681936 
5 -0.884906073233 -0.585970256248 0.0757547730194 
5 -0.112115454021 -1.02357166637 0.0283439092141 
5 -0.16608968545 -0.836673690114 0.171663520119 
5 -0.522024929556 -0.72981846585 -0.142073205856 
5 -0.183301315077 -1.0562710591 0.0430338196769 
5 0.00384641786397 -1.056639873 0.0240028273752 
5 -0.534725673111 -0.963873034669 -0.115223235318 
5 -0.237563923521 -0.848753832636 -0.0102243543938 
5 -0.20941878015 0.0513535972933 0.580429511504 
5 -0.270379134206 -1.28631060005 -0.097991646925 
5 0.0415564501926 -0.885355275971 -0.45941360969 
5 -0.538618789862 -0.794445670908 0.118273809942 
5 -0.382439654433 -0.660681961246 -0.198235796074 
5 -0.0335572958832 -0.874525471483 0.0428821793623 
5 -0.598236196412 -1.04479189372 0.261207010598 
5 -0.364115886117 -1.00041110758 -0.0912542708714 
5 -0.467618682406 -1.04133836751 0.289054143022 
5 -0.428534084883 -0.831563627622 -0.0941420516054 
5 -0.704931164818 -1.06393653516 0.746123094135 
5 -0.725732446852 -0.952332982423 0.594789411235 
5 -0.2955906118 -0.975489377537 -0.148397079627 
5 -0.518013114629 -1.14652017201 0.272729955576 
5 -0.237766066194 -0.867646779977 0.155588522925 
5 -0.395973701548 -1.02955904485 -0.273603056642 
5 0.0246938506499 -0.927828713795 0.644787124688 
5 -0.437032878062 -0.532280656395 0.467712201213 
5 -0.543988565338 -1.13841020258 0.233922334402 
5 -0.721217822906 -1.24502012657 0.355438542893 
5 -0.189192938891 -0.927805464468 -0.0830818311692 
5 -0.457112482478 -1.15567369878 -0.368952196265 
5 -0.0337464167893 -0.700930468502 0.134340412968 
5 -0.157994556687 -0.878516927566 0.31211615448 
5 -0.321303723807 -1.12323782922 -0.0603006128028 
5 -0.199629071935 -0.979944650277 -0.0430754959831 
5 -0.61199257047 -0.978074363839 -0.255289161287 
5 -0.440207199658 -0.882922255136 0.0034887161101 
5 -0.147429950714 -0.582869433111 -0.102567820179 
5 -0.373355356674 -1.17022456152 0.118672385609 
5 -0.326357508841 -0.770071216444 -0.304897954136 
6 -0.133907093962 -0.490331207419 1.0837423077 
6 -0.0643411752799 0.206573835562 0.374431546535 
6 0.347156023855 0.63321959726 0.377305527808 
6 -0.17487182821 0.206342880002 0.666083525204 
6 0.273032031182 -0.0672520840127 0.414349770988 
6 0.134914433022 -0.313480332577 0.248814399418 
6 -0.392330977376 0.126409902988 0.123392344461 
6 -0.461368515884 0.110897320289 0.25944506274 
6 -0.647369237971 0.447647402719 1.28985198995 
6 -0.265639861892 0.342372251235 0.0332431281907 
6 -0.362225701887 0.0747364896152 0.0460949385012 
6 0.471771226833 0.370957156135 0.567703248139 
6 -0.357704308176 0.15292094272 0.407585895285 
6 -0.299108424084 0.265623336969 0.378801051946 
6 -0.374224501989 -0.103447297809 0.472894678141 
6 -0.109604833715 0.283469163026 0.437317146431 
6 -0.413729053302 0.190109781984 0.511124920243 
6 0.029542935185 0.453648184887 -0.0348690072462 
6 -0.189268772964 0.355864860522 0.136832746873 
6 -0.0719428511849 0.397646889033 0.349748616475 
6 -0.242424257823 0.243125972398 0.381737158669 
6 0.0599199234701 0.417648651235 0.240251838605 
6 -0.440791108154 0.0737358109915 0.423422568847 
6 -0.111863585057 0.17408482908 0.459308161681 
6 -0.238415542564 0.215330243127 0.308926190583 
6 0.0118336948774 -4.88622144478e-05 0.28917215254 
6 0.388989179777 0.0762302167896 0.83859057069 
6 0.180422110177 0.061622214155 0.153145208259 
6 0.161988237629 0.0443583774103 -0.175878314184 
6 0.198353988563 -0.0254927640976 0.298613573595 
6 -0.346879718695 0.507106683522 0.18783736284 
6 -0.0937203567318 0.265602046464 0.141132858949 
6 0.28057627953 0.4550780039 0.317641328115 
6 -0.0352556825392 0.164875936219 0.281194601814 
6 0.0668425008082 0.282367338718 0.65668702062 
6 -0.151623015357 0.321920090828 0.475974932991 
6 -0.0624363629555 0.416304152829 0.258668011953 
6 0.0722883508956 0.18109226872 0.0719996274453 
6 0.406803875357 -0.668193778193 0.677247013382 
6 -0.37741113278 0.274228547135 0.233060764015 
6 -0.360944875942 0.111496482527 0.125211236384 
6 -0.0666589014479 -0.305768382397 1.43937725549 
6 -0.576208389873 0.18224999264 0.222958643249 
6 -0.283346392621 -0.338043289423 -0.0478233635213 
6 -0.224863975658 0.131414151492 -0.0457466169485 
6 -0.443670180226 -0.0352962501799 0.197168006243 
6 -0.0656422594456 0.248467984309 0.351123309433 
6 0.00934033982765 -0.142014679455 0.53744574024 
6 -0.0503470249809 0.453773614837 -0.0850825872795 
6 -0.0258081408407 0.24093695587 0.247318574178 
6 -0.420216036577 0.591020454964 0.383550603324 
6 -0.134429874759 -0.0104903982619 -0.113985206121 
6 -0.183095821509 0.0780799469302 0.255253152879 
6 -0.126244738144 0.168189603905 0.238426729412 
6 0.0942573993464 -0.17565998332 0.188683359249 
6 -0.262087016448 0.178379006732 0.541192483155 
6 -0.258541655701 0.163647462307 0.146318733994 
6 -0.0838954975358 0.132679054135 0.260368701526 
6 0.0375152167031 0.453233907936 -0.0501830396454 
6 -0.167988130414 0.275662221426 0.00989878368909 
6 0.0342023080988 0.0642036614727 0.339250817184 
6 0.0352766204924 -0.0463589134087 0.171957490035 
6 0.400241043862 0.317554721985 0.38353749563 
6 -0.634842887568 -0.0960118354766 -0.217620499304 
6 -0.0888288405587 0.251174404736 0.47274075807 
6 0.110817945773 0.589710177682 0.472264786305 
6 -0.190975574825 -0.0467546549617 1.39561938645 
6 -0.244051637847 0.130983751601 0.489011564033 
6 -0.120058988382 0.272516245701 0.493963775751 
6 -0.113914413492 0.211113898036 0.399350534442 
6 -0.259534584482 0.345949946249 0.41735780033 
6 -0.296156273455 -0.119026979254 0.0238829742394 
6 0.560714164932 -0.266515363318 0.292167907696 
7 0.1761109279 -0.626513927655 0.0612660476477 
7 0.615876966818 -0.339601208176 -0.600274990583 
7 1.13442927042 -0.832763714528 -0.0734461418054 
7 0.594898975993 -0.656596651961 -0.284340737713 
7 0.574646529301 -0.776493223841 -0.457474744207 
7 -0.147214168404 -0.270389273211 -1.14989795349 
7 0.96212916738 -0.629776258471 0.118151534531 
7 0.277214017933 -0.124511293412 -0.30060976542 
7 0.676616154582 -0.622880425419 -0.359986474355 
7 0.281424091388 -0.645383204427 -0.0544255217513 
7 1.14127152523 0.471898894931 -0.441755392043 
7 0.503159923665 0.294277077237 0.0479176785832 
7 1.06996647183 -0.652380868507 -0.60584892614 
7 0.609237829563 -0.664041989332 -0.112926415185 
7 0.540493415693 -0.803079781266 0.023980882347 
7 0.564722927956 -0.67794590442 -0.143431862038 
7 1.03837830224 -0.624073540738 -0.219443701654 
7 0.831409654889 -0.61036715656 -0.658513663726 
7 0.211239377724 -0.654094328182 -0.460460034981 
7 0.206512721386 -0.403971227933 -0.272983958757 
7 1.93884709199 -0.310290093378 0.283347106441 
7 0.401060270873 -0.549209434092 -0.516858668988 
7 0.559769980692 -0.344138876975 -0.0350936453009 
7 0.724662689301 -0.279145772096 -0.854266764522 
7 0.656469813299 -0.412119336151 -0.415389200374 
7 0.180660341841 -0.506440064078 -0.182432071037 
7 -0.440169751989 -0.772481788979 -0.6511788894 
7 0.680424012773 -0.528895065736 -0.145244675625 
7 0.584212633954 -0.315671546567 -0.178006471018 
7 0.632628368903 -0.66169935998 -0.060348311753 
8 -0.0982432481471 0.617404964994 0.730978095973 
8 -0.0945719533839 0.798202698722 0.79039447318 
8 -0.169953297225 0.641938148205 1.11211137203 
8 -0.66595897255 0.795025668909 0.783595098421 
8 -0.680839803287 0.998062673911 0.928799539552 
8 0.205586409109 0.799295037838 1.02079521107 
8 0.293937106451 0.950933350649 0.874967391993 
8 -0.186243584521 0.676242014199 0.880007548724 
8 0.0809436140794 0.622564226463 0.665294901556 
8 0.26957262489 0.826350610197 1.04154535564 
8 -0.253525537067 0.323753357525 0.829636986134 
8 0.175042684319 0.829828605982 1.35027893527 
8 -0.0411065664085 0.357518679259 0.59447777541 
8 0.289334165534 0.517556533678 1.38161996832 
8 -0.157767687877 0.581338968758 0.879419888474 
8 0.0127587762691 0.663373224589 0.834097442717 
8 0.347667136161 0.428942918267 0.893415131362 
8 0.021211861292 0.547698702613 0.974645166826 
8 0.414465991506 1.33610580339 1.88497678505 
8 0.230093559883 1.00350333205 0.545262449415 
8 -0.0458269878541 0.38421598046 1.09281366341 
8 -0.143839090302 0.363878962971 1.01824036666 
8 -0.301464158261 0.443998394751 0.939778291277 
8 -0.308824740696 0.847775753633 0.974248069077 
8 -0.462994863784 0.885696863313 1.00984843444 
8 -0.269715578591 0.633050671 0.852188346665 
8 -0.214211446802 0.674560859733 0.973222645356 
8 0.231115950783 0.705162002905 0.979277068521 
8 0.00163834839186 0.541901787358 0.982807637569 
9 0.503444859102 -0.888168139112 0.0215504541619 
9 1.00423725845 -0.588749649086 0.337386819303 
9 0.574051979374 -0.582478344512 0.436158699466 
9 0.66596223344 -0.648404585316 0.309540570984 
9 0.457523341098 -1.88510394543 -1.0342822841 
9 0.527929003054 -1.34969404363 0.098808018537 
9 0.782268238736 -0.92993171238 -0.327575539041 
9 0.501147936102 -1.08122228745 0.299248884922 
9 0.477844647192 -0.984037999323 -0.52032787867 
9 0.573253640751 -0.96737745099 -0.288013310185 
9 0.894854548486 -1.53558394657 0.327252171621 
9 0.8549914407 -0.810290386373 0.117241623164 
9 0.579312001077 -0.940588808001 -0.0613849964787 
9 0.750230646629 -0.845422920812 0.00797696821929 
9 1.1867083199 -1.07712780444 -0.404219963846 
9 0.825383588823 -0.506881362194 -0.0973296854408 
9 1.14415231694 -0.882161440274 -0.0417238017923 
9 0.398699984323 -0.779043118448 -0.615867946929 
9 0.635882486349 -0.816998867526 -0.0479856622732 
9 0.602900542445 -1.00993941448 0.139959658315 
9 0.439155327048 -0.853183301448 0.250149982995 
9 0.180288415704 -1.07256945267 0.261103192972 
9 0.77582727159 -1.66662253001 -0.191884947116 
9 0.664021470786 -1.35437832162 -0.0937281937948 
9 0.447822274855 -0.845275068153 -0.147932340276 
9 0.124385511911 -1.05285519894 -0.00221698987035 
9 0.305888213678 -0.624378240368 0.275652441477 
9 1.05638937416 -0.9488337506 0.318454616544 
9 1.079179874 -1.19026393037 -0.0646807127537 
9 1.09574227159 -1.38665189965 -0.0258105654713 
9 0.89370610617 -1.0680188681 0.111200158011 
9 0.490186055269 -1.45694253668 -0.043519392767 
9 0.535272893244 -0.789792377477 -0.210436745711 
9 0.822790272019 -0.857017030204 -0.254037199732 
9 0.491131576011 -0.369738594289 -0.229346313916 
9 0.816793010444 -1.20321104725 -0.35216791695 
9 0.884819774394 -0.971852631673 0.0180118487762 
9 0.91139121021 -1.31242361354 -0.216167547593 
9 0.471603963247 -0.880166987487 0.217837671758 
9 0.99048423768 -1.42232360957 0.243372015691 
9 0.688990704262 -1.03433407457 -0.0324740366084 
9 0.432979760357 -1.23484934321 -0.13451347067 
9 0.470101840264 -0.958587756637 -0.146603685761 
9 0.387836463843 -0.626855015215 -0.171020940783 
9 0.628502552001 -1.19632945592 -0.179774742972 
9 0.133744951717 -0.601181914655 0.469212819322 
9 -0.00780649351107 -1.33491351361 0.0382285489121 
9 0.771596725523 -1.39119579044 -0.126230162734 
9 1.16305968725 -1.01457263471 0.303393441397 
9 0.340017133808 -0.855971779424 0.0429471608413 
9 0.748190082746 -0.581514236546 0.210011757806 
9 0.74220444023 -0.802711638894 0.456824702878 
9 0.778854625001 -0.574438670122 0.40744540689 
9 0.767223112708 -0.732826669369 0.213494965047 
9 0.453189296142 -1.25072770151 0.402589291323 
9 0.426141504383 -1.13882789988 -0.264613546633 
9 0.74956124656 -0.897441987006 0.081301253227 
9 0.719116003345 -0.937753237383 0.0120411818147 
9 0.492066199676 -0.719766665534 0.162827875762 
9 0.227527407357 -0.972158357894 -0.315277453281 
9 0.198391702168 -0.6011025275 0.119742051691 
9 0.416640332388 -1.19980250003 -0.157376177547 
9 0.616099819593 -0.989253089307 -0.0407588706952 
9 0.843253013739 -0.469353067437 0.0367580172106 
9 1.91313316997 -1.40148192342 0.431698635579 
9 0.52624405051 -1.11564114007 -0.0397059629462 
9 0.515969148691 -0.970169248575 -0.423293924214 
9 0.271449761295 -1.03707066154 0.572040730003 
9 1.10643681085 -0.961858516463 -0.045526727691 
9 1.0108548907 -0.628759682787 -0.573009707374 
