0 0.518123596675 0.589034531958 -0.449349275893 -0.072853144724 0.0668144128438 0.0789290386128 0.779678586412 
0 0.366304940661 0.650874943318 -0.941364803989 -0.378185806947 0.584032202688 0.368432846656 0.329502483255 
0 0.250635623325 0.573019338554 -0.546399584417 0.150748944743 0.255712332873 -0.196745494034 0.124311835928 
0 0.580091282288 0.867475347376 -0.749591710265 -0.156811661103 0.800710095679 0.311964133266 0.657487363028 
0 0.426988834878 1.01937956319 -0.385579846708 -0.406016469103 0.205271702743 0.387872880271 0.549371336085 
0 0.588880083696 1.08335027444 -0.91432707328 -0.316571908767 0.611463132033 0.4474182611 0.461545271368 
0 0.482517013724 0.538055676708 -0.599436963479 -0.217372749382 1.12217518094 -0.0399559586749 0.448748122985 
0 0.561452776825 0.784231870563 -0.777566918183 -0.0213890455157 0.164565072718 0.42873562543 0.68994186163 
0 0.11305395763 0.931380099397 -0.8117966892 -0.080417041871 0.141448628477 0.392731226054 0.334116278704 
0 -0.0745458054892 0.963357929113 -0.733047749297 0.0996167493655 0.220450076656 0.311072925469 0.467010287508 
0 0.605442353097 0.827570062516 -0.64185492072 -0.334047083533 0.497332723739 0.604711981938 0.327333107972 
0 0.374006605954 0.79874385136 -0.741223155479 0.0638580801291 0.577287490077 0.19494939708 0.385799362193 
0 0.467424775865 0.7267687092 -0.0359972890207 -0.651315445891 0.669765492107 0.401270267613 0.736646542066 
0 0.380161282976 0.955307893586 -0.715754860093 -0.353587035695 0.53757218023 0.414225583642 0.797207247934 
0 0.272148169051 0.608225666098 -0.596105900833 0.0620017218683 0.109293525177 0.571108815196 0.865584698595 
0 0.281646683571 1.0008667038 -0.414366269128 -0.102297833437 0.597465619602 0.395145318591 0.824287818868 
0 0.329351202631 0.500120974081 -0.507162156396 0.0672716950242 0.414697670045 0.626626435736 0.783708969025 
0 0.449040609289 0.720969120641 -0.924643411276 -0.256440834168 0.613615221812 0.317541770925 0.784110067688 
0 0.724033847406 0.840386177802 -0.672247058905 -0.12616119624 0.585194620147 0.42904781962 0.466432565066 
0 0.609123437494 0.7415827134 -1.02925737176 -0.0952995343628 0.781246881107 0.26743640715 0.646789908777 
0 0.521899786504 0.777207043019 -0.685722181118 -0.131331536841 0.484176867845 0.539561443513 0.757756885955 
0 0.411289744405 0.743823489962 -0.783749683266 -0.152436023865 0.43565042451 0.452085017774 0.388716796752 
0 0.177252159071 0.897905196634 -0.396034201263 -0.0570550323935 0.722385459495 0.640584622275 0.602119682267 
0 0.290203840107 1.02583113456 -0.910831717404 -0.246840489846 0.784455890195 0.097286703729 0.730098737716 
0 0.485240062969 0.706912915743 -0.804833009844 -0.145492807808 0.506316672914 0.580909355049 0.896001636259 
0 0.460788318031 0.541368924234 -0.685882439439 0.0920522464393 0.254367511438 0.434583776488 0.555958608136 
0 -0.264410455962 1.15752167612 -0.454035444171 -0.0792097493197 0.365650505912 -0.0689090343172 0.737992489269 
0 -0.45766525907 1.01699398185 -0.789257978454 -0.540646616512 -0.412242011223 0.606550419075 -0.160714394814 
0 0.648080109459 0.889412989281 -0.956630083338 0.19539591885 0.394506392136 0.136899085193 0.653312717452 
0 -0.0855191952907 0.463322178054 -0.545079725028 -0.0952719703517 0.481378525612 7.10385961156e-05 0.687652313229 
0 0.306146881707 1.04151911167 -0.722447020624 -0.224643520885 0.20692520956 0.686681690718 0.487496219343 
0 0.290771816282 0.606205283177 -0.21367173248 -0.348885992912 0.530567576456 0.143558830528 0.17165281002 
0 -0.018906442114 0.964827891402 -0.504281340152 0.0195989330084 0.750066301625 0.160620740079 0.7626150747 
0 -0.23217855337 0.862000498243 -0.437994793054 0.15010697822 0.273012626147 0.590201258328 0.372820379945 
0 0.499875720546 1.17545165048 -0.0768739527373 -0.136847185326 0.377939202944 0.316053309021 0.836932535766 
0 -0.0878453467876 0.616619766286 0.29975614816 0.608332081986 0.0116180492562 0.30962401827 0.338813196953 
0 0.288102322932 0.907393509864 -0.842647233334 0.140782297934 0.597743961796 0.364329052486 0.474210584925 
0 0.428905441666 0.788603558166 -0.663541024445 -0.0322884909074 0.604848827994 0.561207725701 0.543619550752 
0 0.569162877824 0.466029859118 -0.737301895656 -0.13893303959 0.26185721261 0.240722262854 0.725742055162 
0 0.0837552121605 0.439366495931 -0.307433053474 0.114001671614 0.18096755961 0.630214135325 0.569788230304 
0 0.379900000618 0.936523924299 -0.526511917543 -0.136970445363 0.673805924121 -0.0361485812075 0.931028010788 
0 -0.0591003455695 0.635035162085 -0.598610579864 0.27960532834 0.283334421961 0.327314720585 0.765297508897 
0 0.500445216329 0.986449661818 -0.819349137716 -0.0693279392926 0.743039356217 0.536483816376 0.392294292231 
0 0.446635950097 1.09925655856 -0.90686209925 -0.254792317688 0.772822192268 0.511404080883 1.04806329384 
0 0.182536912679 0.611144471432 -0.884482277765 -0.254216917124 0.675070495934 0.472680892428 0.629217335098 
0 0.260356141685 0.3827546741 -0.636336404825 0.0498954392568 0.611863097756 0.276172166566 0.443582738571 
0 -0.0963410054396 0.373466412399 -0.492202993113 0.171653163888 0.682953732481 -0.0647943981905 0.340851762181 
0 0.139678823813 0.875851732999 -0.860138668307 -0.346031052127 0.602600996759 0.55335852921 0.416044301751 
0 0.237130956519 0.644419420589 -0.939491401674 -0.0226660511845 0.174452268254 0.795794945671 0.783238355278 
0 0.362189966296 1.04079260208 -0.627879051977 -0.371935265738 0.3041256097 0.380123890415 0.735537360737 
0 0.606714631994 0.675767178342 -0.851884623038 -0.299856829003 0.37805475746 0.308622500121 0.645025062793 
0 0.177786721863 0.995123649356 -0.795183173916 -0.0926937071564 0.496910136406 0.436506180987 0.467081924521 
0 0.482846378102 0.804260164326 -0.846655345769 0.438350596998 0.194566601579 0.674119305853 0.368006054791 
0 0.467460527022 0.349369679797 -0.485232989986 0.146777942745 0.343619546087 0.3302517753 0.623315572543 
0 0.214264923311 0.956900502965 -0.706920436728 -0.575625344743 0.517081410725 0.779182995634 0.457631324957 
0 0.462788172135 0.566392610059 -0.567314659865 -0.181076193167 0.526280767576 0.693843284753 0.435525958822 
0 0.396359366473 1.01686342288 -0.772471246284 -0.185166093088 0.106054757279 0.213374294945 0.371569335605 
0 0.226135214278 1.10487509412 -0.915627454033 -0.195866114127 0.708742499866 0.736100614844 0.647214860815 
0 0.447989409942 0.615526121219 -0.799434411413 0.139039594873 0.0170616930029 0.00640968900766 0.816177304105 
0 0.153805811498 0.560541097084 -0.749725645888 0.404436059463 0.443664002179 0.227551464297 0.32962976466 
0 0.259602898352 0.646248505458 -0.804372198735 -0.0237995218341 0.254160353574 0.461072778161 0.368486708996 
0 -0.184142638792 0.830180557966 -0.98139651687 -0.567389072211 0.633718864328 0.529908359628 0.440580134166 
0 0.375849261532 0.91759009413 -0.41328821401 0.0732389140916 0.536030310685 0.347970105172 0.915939560692 
0 0.423856504364 0.77148042803 -0.813218301402 0.0272515691481 0.61934083058 0.390875445014 0.437538950287 
0 0.364663019021 0.714862619936 -0.927178983749 -0.436599691687 0.0956812332695 0.132957865785 1.04020883997 
0 0.495158341193 0.506378003143 -0.68484183283 -0.00258202636455 0.790256423696 0.476937611286 0.514703128582 
0 0.326532442078 0.761139171766 -0.408356130472 -0.352916077443 0.673416375515 0.012002040649 0.691391566509 
0 0.274663585309 0.669089610806 -0.813617424285 -0.095944176763 0.469834772447 0.491503347172 0.469897116324 
0 0.25691743187 1.01797760214 -0.982758316135 -0.198635063826 -0.0295572337077 0.0228106950914 0.715729180108 
0 0.110641065216 0.661554329778 -0.762845990355 0.055159187031 0.322120695961 -0.140380570566 0.272173772481 
0 -0.262898023418 1.06031337071 -0.567004262679 0.313734662134 0.646754264913 0.340908576557 0.895418055516 
0 0.595841357731 0.70296322153 -0.874434014525 -0.200491351179 0.0135537422275 0.292906251883 0.69057201379 
0 0.00996334217623 1.06670610347 -0.446816990586 0.251047564065 0.51864683668 0.501924681205 -0.105004579582 
0 0.133254587486 0.541776220551 -0.921023328671 -0.133591977605 0.750020395727 0.251232891607 0.526157709109 
0 0.411291805294 0.588445340808 -0.802252925702 0.302661744734 0.400855206559 0.747248122028 0.71316167928 
0 -0.0132393385072 0.708658963831 -0.344728731464 0.0198612247387 0.581800396612 0.484496470454 0.370875728532 
0 0.401771912518 1.09116067557 -0.535979146485 -0.247389718477 0.300092365954 0.412526782854 0.478913869132 
0 -0.173516093482 0.913160771737 -0.442272919987 -0.352697214475 0.424913938926 0.175282323693 0.271612406263 
0 0.35090535414 0.677784329666 -0.937817432948 -0.550437995003 0.553068249795 -0.0187307867827 0.399689721922 
0 0.549382845727 0.837036678334 -0.476386037878 -0.161335666516 0.586038887703 0.195780680083 0.802979208907 
0 0.191256818413 0.447551854482 -0.963161365713 -0.151002740416 0.0551061047994 0.524862524264 0.396753030889 
0 0.118031523601 0.5925112012 -0.697985484605 0.206866977016 0.655975020348 0.435587070681 0.43510107463 
0 0.456104112343 0.653307938654 -0.362586998169 -0.336423369394 0.379089187811 0.381926907012 0.293687397171 
0 0.731056584999 0.906804461734 -0.78330980695 -0.203474370373 0.780092005182 0.527549634979 0.789979485757 
0 0.345531255167 0.743143796499 -0.466847766246 -0.156391004948 0.33918335194 0.15262316452 0.599051992239 
1 -0.945227932799 -0.745835367378 -0.0552687064274 0.74053086339 0.508986374292 -0.616271823403 -1.23022685086 
1 -0.906142475814 -0.434855595529 0.508394208842 0.617063190504 -0.0236362779304 -0.0691340583455 -0.823314520043 
1 -0.496660609295 -0.515637841823 -0.102164940386 0.504306247239 0.101610002763 -0.0658577447551 -1.12271793132 
1 -1.17650790236 -0.298839599609 -0.189366877999 0.573361053142 0.394048515282 -0.15953200553 -0.836507795586 
1 -0.790352420947 -0.737825414118 0.345306418822 0.486258503273 0.229713757873 -0.338571368907 -0.937830662952 
1 -0.823604169321 -0.423229412573 -0.0628706037864 0.784185637443 -0.00200402140105 -0.405030478288 -0.87923797127 
1 -0.568168700317 -0.368018007032 0.21059829234 0.560439307792 -0.30333580592 -0.0852554965027 -1.08795378246 
1 -0.868997703675 -0.655635167847 -0.0556169572626 0.50237721018 0.162113713313 -0.324616898031 -0.916948095117 
1 -0.5446840561 -0.736730372944 0.0503374020649 0.355904905338 -0.407012078185 0.0638931376778 -0.774679086449 
1 -0.596371419524 -0.70596769111 0.380778641179 0.909555828404 -0.218279821053 -0.327427659377 -1.06454859633 
1 -0.388383377578 -0.843704708979 -0.115043537221 0.373286761954 0.13488294186 -0.258634981629 -1.01840534107 
1 -0.517145272217 -0.541005743744 0.212075649076 1.02999774789 -0.379508985321 -0.103200342409 -0.8867343018 
1 -0.559037526543 -0.682903973317 0.380853242285 0.634168497867 -0.210428850149 -0.536457343492 -0.794123847237 
2 -0.401556186249 0.62916579989 -0.894039501649 -1.07296724145 0.536840329828 -0.223988895744 0.624943703923 
2 -0.241420055216 0.675461530323 -0.962134841365 -0.671861465101 0.181585703884 -0.17652984914 0.289437746082 
2 -0.316557238796 0.351977057056 -1.00245825335 -0.651081448883 0.470227572283 -0.619857906215 0.269389065054 
2 -0.458725372675 0.884050347888 -0.857601500938 -0.804419929043 0.126864389386 0.0277754968613 0.499017383423 
2 -0.520588838511 0.613041478717 -0.930347561269 -0.340913654805 0.321704589098 -0.726811693057 0.658421142951 
2 -0.157483272911 0.761649715858 -1.08427957327 -0.941087664481 0.441453930692 -0.465706415609 0.698098748528 
2 -0.147925622942 0.153019175845 -0.925380101555 -0.775527872071 0.874117532776 -0.485152316488 0.26461307869 
2 -0.557759194531 0.472935919492 -1.0865004666 -0.801914743025 0.710531472493 -0.277872863398 0.565627237942 
2 -0.0448855075637 0.493257172336 -0.598090496399 -0.796279638882 0.788905845147 -0.379589725104 0.258463505782 
2 -0.0214068630796 0.846803837036 -1.80745954244 -1.09677258746 0.171935068614 -0.591424708212 0.293444017647 
2 -0.624480122828 0.260193884275 -1.0168524167 -0.758760369987 0.90285623539 -0.470661662128 0.889184994245 
2 -0.190941484272 0.650179161112 -1.18179919779 -0.901958846458 0.751780675275 -0.148761045221 1.08457694675 
2 -0.305123314837 0.216993828249 -1.14256719944 -0.540808356171 0.357298748258 -0.470326321943 0.874534349345 
2 -0.548801698812 0.783990105558 -1.17594384237 -0.985889954939 0.277390961711 -0.108332134906 0.582451046091 
2 -0.670549792926 0.709569725415 -0.969157289149 -0.73252655932 0.599648188837 -0.345245893265 0.574297475347 
2 -0.21728516965 0.674126295701 -0.879251204867 -0.483637875515 0.616547010529 -0.598354518881 0.884490968853 
2 -0.682859600163 0.211623203636 -0.793838849968 -0.72127069273 0.744773471214 -0.550065243114 0.447296608939 
2 -0.221837485177 0.482771072385 -0.721674386962 -1.09898241569 0.794898301145 -0.144152613389 0.175465099247 
2 -0.528693001187 0.713879163355 -1.15325001798 -0.697510574499 0.611118297976 0.126413990519 0.282961551221 
2 -0.212965312634 0.738767974445 -1.04454831948 -0.557567662019 0.20013496957 -0.223451148717 0.813535064988 
3 -0.88491276878 -0.436086579593 -1.13587281493 0.0984753116595 0.499934890795 -0.506409354749 0.211121287489 
3 -0.597970720864 -0.555171114559 -0.706099886125 -0.391249611144 0.136272627541 -0.504246594171 0.576490469898 
3 -0.903060217781 -0.667515977104 -0.751534047985 -0.856437189206 0.762903996084 0.424610663067 0.261024507136 
3 -0.92973874411 -0.728201850307 -0.570983043381 -0.173614308945 -0.625183205568 -0.504455989491 0.732567545559 
3 -1.08265200306 -0.959083482333 -1.21071503378 -0.0792987951867 0.370993178491 -0.652781234373 0.321467745041 
3 -0.749993899958 -0.612246845768 -0.635478606845 0.265397979776 -0.0403888361926 -0.214126688549 0.490581110361 
3 -0.860679350401 -0.790389005708 -1.18629246946 0.0057048640571 0.436520093296 -0.0946642679804 0.447343734061 
3 -0.721004008575 -0.553674667122 -0.946945085324 -0.0413485039593 0.238904641533 -0.607562482867 0.42826294902 
3 -0.932299604707 -1.01383863656 -0.985693498913 -0.076659992544 -0.406996145954 -0.693525552121 0.293671408089 
3 -1.22439464455 -1.09740459755 -0.856322272164 -0.161048324276 -0.106905358004 -0.085421434991 0.341983199986 
3 -0.777083904126 -1.18987649041 -0.956550968796 -0.30925769471 0.3221240611 -0.141383153033 0.268640637178 
3 -0.489397870615 -0.751778312319 -0.797099760019 -0.455642764412 0.119286656358 -0.577167502606 0.459118331048 
3 -0.995955466914 -0.671065846583 -0.558142391773 -0.154622419152 0.178074615295 -0.597370100095 0.646640519446 
3 -0.723263526959 -0.866935536009 -0.84640318773 -0.266784252203 -0.108272307279 -0.4246058566 0.631997640712 
3 -1.09247926727 -1.08121249617 -0.882264370894 -0.595804725855 0.0949766823984 -0.285551646328 0.765044138727 
3 -0.709578637461 -1.03913371613 -0.815287354186 -0.289907559761 0.2767396815 -0.0720695607325 0.443171547759 
3 -0.825973620254 -0.68979049827 -1.1887849966 -0.371292876407 -0.19836774898 -0.671520454121 0.68896359861 
3 -0.803008547545 -0.544668674679 -0.749777251606 0.0172755340717 0.421237528273 0.18885308687 -0.101108688859 
3 -0.792903745317 -0.852996081221 -0.782879629484 -0.349504314218 0.514351716744 -0.290999325415 0.595507414226 
3 -0.884980040468 -0.783656913557 -1.24119706321 -0.401338625055 -0.00221930619292 -0.700900815845 0.594769145035 
3 -1.2468477569 -1.35185111408 -0.867723043106 -0.510014244451 1.24819963169 -0.791932461765 1.25025393548 
3 -0.44527416214 -0.975198891785 -0.80879648912 -0.490827480599 -0.258976866325 -0.413307873425 0.548283861405 
3 -0.593522427487 -0.743326564937 -0.996831839148 0.0298463162082 0.347023070989 -0.198861425208 0.759988966429 
3 -0.867434484313 -0.726153080643 -0.647347249823 0.0150740641669 0.0245635513072 -0.388632509777 0.486209007944 
3 -0.830471470551 -0.714799307661 -0.897009606999 -0.284434036942 0.220181364641 -0.468514086363 0.417752182388 
3 -0.806879553197 -0.936042596841 -0.803908511022 -0.404258013445 -0.222959294859 -0.261382235447 0.415105279682 
3 -0.687304480891 -1.28016740025 -1.14702787721 -0.426989868132 0.029369107488 -0.304208322303 -0.048279510969 
3 -0.204914085444 -1.04097357245 -0.659577077196 -0.405922784861 0.216766287787 -0.497976434825 0.464395185847 
3 -0.713714034638 -0.571808967723 -0.904218865989 -0.074759856165 -0.0749798104391 0.0750239047305 0.0496173041066 
3 -0.629413758054 -0.519962438234 -0.439264535058 -0.40765263608 0.0154017464249 -1.02776271099 0.381724010365 
3 -1.07626525606 -0.906059871345 -1.09956159138 -0.212267517415 0.246188786068 -0.232544689598 0.384920682829 
3 -0.919678242452 -1.1128398019 -0.851023206962 0.167446371663 0.200181539085 -0.73747117621 0.590101975996 
3 -0.426494860318 -0.595847176925 -0.753560213785 -0.331339713097 0.280412901814 -0.570897718371 0.506397858981 
3 -0.629938303135 -0.591167576282 -0.768706098971 -0.177063267134 0.284820615412 -0.335226838809 0.28752778528 
3 -0.754649312863 -0.919704129865 -0.983516945568 -0.359319608861 0.527212615642 -0.193212316194 0.487835337002 
3 -1.08023771135 -0.775599299341 -0.632825718963 -0.0707864845619 0.219145066706 -0.243106898312 0.277249515361 
3 -0.50785716094 -0.818260894982 -0.997458545375 -0.323556059989 0.230345419801 -0.38692753412 0.668201520661 
3 -0.837213569218 -0.70131309344 -1.12147827505 -0.632803032698 -0.685324245426 0.0653741217523 0.781826506065 
3 -0.64341020816 -1.08472793821 -0.788156712132 -0.0255748112421 -0.328275630913 -0.304553203082 0.1280567245 
3 -0.682047412336 -0.542717274947 -1.49496947455 -0.185875718151 0.234665841608 -0.46406466251 0.539331237241 
3 -0.556556346195 -0.653658532181 -1.00563980287 -0.314126107307 0.306794058425 -0.886961757464 0.318193439608 
3 -0.696917460844 -0.294403286131 -1.03982093683 -0.179220199121 0.108822852611 -0.428303494137 0.273997481312 
3 -0.624534440906 -0.929125691468 -1.12349371069 -0.321146040446 0.099319500109 -0.0113928371279 0.0928407396288 
3 -0.90142396849 -0.215158046985 -1.38919372141 -1.01772841264 -1.0562697989 -0.808523644261 1.1009847051 
3 -1.10134874957 -0.272037005369 -0.747450509894 -0.483139912497 -0.432078502496 -0.460138756248 0.863412109295 
3 -0.474016238237 -0.993333828254 -0.713681876035 -0.276646781815 -0.130463366488 -0.330385143129 0.534562252695 
3 -0.792751970333 -0.793923126269 -0.753586418824 -0.0325881827549 0.143516336515 -0.201339179223 0.369915883859 
3 -1.42737334203 -0.661672280085 -0.888031364258 -0.171492943424 -0.139485244025 -0.162971371042 0.487548015073 
3 -0.83008497049 -0.860972491691 -0.874984391456 -0.175264916636 0.0667932969448 -0.299715599093 0.40863612351 
3 -0.58752057983 -0.431369888233 -0.83755606927 0.14386002728 -0.0696092282134 -0.0916790094549 0.359937963677 
3 -0.912452526481 -1.11196112487 -0.520275185966 -0.255068521218 0.07938752895 -0.489145588266 0.756857812879 
3 -1.00685350742 -0.876185403891 -1.1747421322 -0.55521687385 0.362592522934 -0.164142999334 0.168907711245 
3 -0.516826277021 -1.09802742959 -0.810920732862 -0.405444994116 0.250870792412 -0.260996934977 0.0137539656415 
3 -0.828037720186 -0.502624176667 -0.769081351158 -0.381736502872 0.049397316043 -0.329560518162 0.378008425714 
3 -1.58260712761 -0.703267897233 -1.16135803677 -0.00080377855223 -0.675248173068 0.242435776222 0.177671401723 
3 -1.01972093593 -0.815110920086 -0.983489061789 -0.09483697596 0.300320580058 -0.462853135578 0.291283620598 
3 -0.979933650179 -0.820175860311 -1.02254061249 0.276420952908 0.147150909966 0.00597755297061 0.503200318828 
3 -0.874093544072 -0.901675400826 -0.804667656612 -0.113256402604 0.275829900458 -0.146550640499 0.379580756946 
3 -0.888970513711 -1.03087452989 -0.452586634935 -0.501954548322 -0.0691964378344 -0.462598699167 0.293995167049 
3 -1.27939524628 -0.689446268322 -0.915312545172 -0.368777953371 0.0494819454136 -0.494856572256 0.516173436938 
3 -0.379240475352 -0.913092759407 -0.623251860171 -0.0620540500073 0.207533263377 -0.687242710482 0.39711197711 
3 -0.672351189819 -0.640364232214 -0.871352660703 -0.45966023679 -0.230766963318 -0.294693912521 0.409541293557 
4 0.172850793267 0.659134453103 0.288238491385 -0.63341519952 -0.535491225968 -0.295467078425 -0.538257396447 
4 -0.168949766396 0.679860760241 0.205223942615 -0.473545880035 -0.358013725486 -0.38617250612 -0.694724452948 
4 0.624009466602 1.0113572857 0.448344482206 -0.803920631925 -0.766552729867 -0.399046332724 -0.932818320083 
4 0.508654881249 0.54388517409 0.171623442958 -0.547380401443 -0.615321838199 -0.39012192227 -0.591337234599 
4 0.516187142191 0.540494082469 0.329612526397 -0.83063600289 -0.301699915501 -0.496508275711 -0.683657682502 
4 0.543904161781 0.567208709681 0.311093395077 -0.731695731957 -0.193939274654 -0.711938592695 -0.780447407639 
4 0.00751955715375 0.169415971718 0.667748838838 -0.790332383052 -0.326458880281 -0.67719742977 -0.671283320437 
4 0.560618358658 0.190945851139 0.115566932138 -1.01043076839 0.0457241503983 -0.784289780198 -1.24464555723 
4 0.466126079913 0.596143029559 0.660219886385 -0.7856435891 -0.338477145562 -0.680666844414 -0.681366169505 
4 0.391268585708 0.55788778058 0.727719800925 -0.572448377875 -0.46813472936 -0.167218729725 -0.97171534101 
4 0.607481635 -0.131901066547 0.641667437799 -0.504273624054 -0.291021690502 -0.74658950152 -0.650210171049 
4 0.396351003579 0.361609397571 0.555378320066 -1.08351219086 -0.63580070323 -0.104324651959 -0.223562914709 
4 0.576767723266 0.289627592503 0.730395545093 -0.666648909392 -0.326460531533 -0.479953766512 -1.24514623183 
4 0.141239841876 0.87415086166 0.247032041311 -1.11846469952 -0.547551629518 -0.485517318283 -0.598907635226 
4 0.689261863982 0.71937463988 0.169771711894 -0.750982801885 -0.465333960681 -0.4740942081 -0.78856089466 
4 0.559751948859 0.729631387223 1.04290282776 -0.741522231302 -0.703747437567 -0.5612485065 -0.35762312347 
4 0.170367444842 0.405839574951 0.464041200513 -0.421764967262 -0.831575302897 -0.756369776556 -0.889432955348 
4 0.665969354371 0.398704586275 0.132244602147 -0.742217381835 -0.585685570613 -0.418206696783 -1.00603048485 
5 0.487188937013 -0.793089520997 0.0475585847182 -0.462557981865 1.07620846293 0.678339248558 1.24932605058 
5 0.637764325586 -0.538376561434 -0.474729310178 -0.420881086825 0.942879618888 0.446769648369 1.26817980717 
5 0.369612714295 -0.664900759838 -0.291882899761 -0.780309421567 1.24885747697 0.269565616942 1.10640536381 
5 0.66820039205 -0.250354157296 -0.0337054017489 -0.944587372136 0.860422409706 0.469174898803 1.07859131266 
5 0.954452610914 -0.333740802065 -0.31821297814 -0.694123783853 1.01164281431 0.164931761053 1.00152797299 
5 0.867681463811 -0.884749964198 -0.459457777524 -0.393134732483 0.926612615128 0.250225675435 0.957090409134 
5 0.846376784058 -0.340300348635 -0.0229129519834 -0.760555745438 0.694300280867 0.466424535721 0.881771200463 
5 0.638936888716 -0.603342382427 -0.552905600041 -0.701831520182 1.16562354966 0.411419131527 0.788177415822 
5 0.406828216282 -0.584543131745 -0.319913079452 -0.275212571641 1.22671928122 0.41400660042 0.892183454323 
5 0.893207843184 -0.424934153515 -0.0482114171409 -1.01765465756 1.11219631823 0.529112725194 1.23463549758 
5 0.633136805238 -1.11574929111 -0.0763349383646 -0.777046389931 0.81395948287 0.497718493799 0.584892690235 
5 0.786684463949 -0.87307801973 -0.400989700233 -0.767136935532 0.973627398531 0.980586083052 1.48227361247 
5 0.571136806006 -0.59384682208 -0.318775218138 -0.591382103175 1.09621676438 0.673253567417 1.10434422577 
5 0.658723152703 -0.682951404632 -0.122202030876 -0.614811707801 1.2140181675 0.2541184844 0.387177179086 
5 0.503800562863 -0.729362135171 -0.174250396249 -0.782655823215 0.942696700206 0.582606544329 0.997563296966 
5 0.726040436865 -0.944635649479 -0.38823981253 -1.1040520585 1.33431094212 0.139049474998 0.955377437601 
5 0.715858198647 -1.10801622864 0.0351889538434 -0.568254088043 0.949758741419 0.730527440448 1.44546062153 
5 0.963905620176 -0.503938514299 -0.385142136704 -0.929474914706 0.767771105929 0.396860928369 0.717296684322 
5 0.80302029451 -0.405170127468 -0.155956835092 -0.457476177215 0.616163734492 0.353453613963 0.900244210904 
5 1.3906703035 -0.260835344598 -0.665418742026 -1.10976784021 0.582341040087 0.775769543091 1.49848045636 
5 0.456100611252 -0.593093042314 -0.42439458817 -0.941254670264 0.947099793848 0.60467533347 1.41159226605 
5 0.78113398173 -0.257517272424 0.00579789329562 -0.491538253916 0.656403425196 0.655057272389 0.547358965291 
5 0.73427168633 -0.612650224682 -0.335596156391 -0.656872828946 0.991148936732 0.149136191144 0.654527404026 
5 0.790363646701 -0.724465582862 -0.377723810856 -1.08492870216 0.679681396472 0.598349461523 0.869996465132 
5 0.523272679939 -0.892227013752 -0.345938856018 -0.698995399965 1.13641249602 0.470437150227 0.621873036162 
5 1.06191089457 -0.924573600716 -0.195189235064 -0.243082648148 1.11121603383 0.525303958287 0.908684286457 
5 0.692524351366 -0.507637084734 0.086841097586 -0.688695581551 0.679005185585 0.210984443486 0.969649573229 
5 0.612268276411 -0.843286635683 -0.188449028895 -1.27176462249 0.828674334605 0.783289681233 0.982787633908 
5 0.32150598733 -0.43740857655 -0.0670546418176 -0.762269855999 0.939640899771 0.147370400741 1.42682240886 
5 0.793580803484 -0.707332026128 -0.0604970248203 -0.713892603749 1.04149472137 0.0552311028711 0.920182114178 
5 0.710729483026 -0.759002625016 -0.369713369498 -0.818025009821 0.686691562139 0.356906571606 0.938977637497 
5 0.772868385973 -0.422494070449 -0.0141586352631 -0.943758709166 0.816633753519 0.74946442663 0.980396438256 
5 0.468621460497 -0.790748803596 -0.230639164849 -0.540520527315 0.847654120638 0.421214052255 0.777323929062 
5 0.616524361216 -0.446060196774 -0.166446702216 -1.21712753422 0.962025033357 0.132522098279 0.934932056986 
5 0.793467789026 -0.628698209219 -0.286052499134 -0.554271542073 0.848722598311 0.956113172454 0.684451424922 
5 0.800147637461 -0.56197112349 -0.768292563442 -0.34479418491 1.16943896621 0.130486945718 0.57968008392 
5 0.616609122571 -0.768842281504 -0.0775218546756 -0.898485171107 0.947612646861 0.301957922339 1.12845095767 
5 0.648571788899 -0.427394237987 -0.0286836611809 -0.609127498375 1.10659064239 0.409798341106 1.31681041304 
5 0.755250933559 -0.483123006481 -0.470102124943 -0.417517489684 1.2085275584 0.185388607393 1.16930577599 
5 0.487540228523 -0.391970407362 -0.323352416282 -0.692966567872 1.11079350652 0.437718711722 1.22724639953 
5 0.492034302353 -0.797851463251 -0.444756964686 -0.522530765022 0.683801406217 0.227722678802 0.709770650429 
5 0.735924446305 -0.516933166802 0.131015617744 -0.522899298138 0.659743284918 0.322422222046 1.12164548377 
5 0.859221389967 -0.509985509186 -0.367785656205 -0.786878431809 0.793318300398 0.447776121295 0.975475434722 
6 0.38912532401 -0.585690041283 -0.989183490116 -0.637306843325 -0.00365439064829 -0.650190545224 -0.653155735127 
6 0.853346267631 -0.883246639125 -0.958023648979 -0.603246872702 0.300753120875 -0.436847425674 -0.672939188137 
6 0.740871130653 -0.629163159675 -0.381320423911 -0.812756055496 -0.00779454473305 -0.311090076708 -0.796813906616 
6 0.832639105219 -1.09158628391 -0.898688235254 -0.762295719876 0.362856051976 -0.774766079358 -1.09493026205 
6 1.27133330352 -0.454312898627 -0.804520835237 -1.31315506021 0.0159399456245 -0.53256761 -0.850883025757 
6 0.716535579421 -0.626254450284 -0.884107409139 -1.08854487094 -0.0475166297697 -0.776349116351 -0.569336487922 
6 0.854479772597 -0.775354761287 -0.768486165692 -0.702586198086 0.145422335233 -0.675606390551 -0.618800638237 
6 1.00136293808 -0.805156332076 -1.05682378872 -1.16977016701 -0.200956744433 -0.166057542305 -0.50415730504 
6 1.11709786055 -0.939922665471 -0.850686771688 -0.761441403661 0.191204149028 -1.15865223275 -0.511506206741 
6 0.780134107645 -0.650863892519 -0.621842229049 -1.43766715724 -0.181342218364 -0.628009345652 -0.0676824269992 
6 0.861879139824 -0.660442503431 -1.39065697921 -1.05997435051 0.496262481396 -0.2770093858 -0.799789153486 
6 1.48596586529 -0.681107692659 -0.569701503038 -0.571624421473 0.325448113369 -0.313695285219 -0.563925940387 
6 0.468173743535 -0.568749352433 -0.965614424761 -1.13340724856 0.139664018343 -0.508091874453 -0.905409967448 
6 0.721498455216 -0.347981259162 -0.763416931985 -1.08771155758 0.0155419107693 -0.595840892692 -0.962515916112 
6 0.852615377517 -0.692312953767 -1.14041327202 -0.987804877652 0.083980913447 -0.703271948016 -0.739811434385 
6 0.837709707657 -0.508925461312 -0.66645101445 -0.951408179056 0.109619594299 -0.622897173397 -0.769963224447 
6 0.77129841411 -0.976591738813 -0.784941799375 -0.713392598509 0.425717494149 -0.544004420744 -0.571802857523 
6 0.762005996044 -0.743753422916 -1.16863785772 -0.644357120794 0.293522441958 -0.821066546833 -0.372392919894 
6 0.873169506438 -1.11464078296 -1.22849065224 -0.98919718442 0.342089145825 -0.989874796993 -0.588900474913 
6 0.522759949576 -1.11732052127 -0.041819752276 -0.922124948647 0.686399195131 0.555540378083 -0.904586642522 
6 0.616592401992 -0.680407042298 -0.562155716287 -0.884996979372 0.35891076519 -0.594528214129 -1.00489909283 
6 0.218130636924 -0.814039116095 -0.432817130513 -0.871886127313 -0.0438032561076 -0.477444955642 -1.22844612418 
6 0.440216636962 -0.897148219361 -1.09869421666 -1.16433806528 0.242988248662 -0.575522854448 -1.2046685003 
6 0.601121714028 -0.623982557065 -0.852286648913 -0.778028857443 -0.23259095561 -0.590155472097 -0.758991148076 
6 0.541270728961 -0.569723554418 -0.717579160967 -0.872934373259 0.504872085122 -0.828749106808 -1.21405831213 
6 1.12051041295 -0.623467522534 -0.694295699392 -0.646904087516 -0.0502944130021 -0.696771370762 -0.783595913672 
6 0.659829830401 -0.559033235608 -0.89224091372 -0.954665654098 -0.00010400999604 -0.48290371436 -1.04192200419 
6 0.616681879933 -1.22260196296 -0.93967564848 -0.924474301913 -0.0396157800733 0.0869072207795 -0.69610525227 
6 1.15714099115 -0.9179403534 -0.821842384839 -0.828399624147 0.231460607411 -1.12594451508 -0.546569873503 
6 0.703306903973 -0.760547319121 -0.559799737327 -0.635217719299 0.394456020034 -0.931585258817 -0.434909439416 
6 0.828636536648 -0.745964134744 -0.732852051999 -0.915609679493 0.378118076344 -0.768141376403 -0.852956096542 
6 1.06663363098 -0.537547511521 -0.730339915723 -0.788735954809 0.108095249137 -0.578516631252 -0.892707039652 
6 0.72225904665 -1.15220403394 -0.532745971869 -0.717676028472 0.0872655050265 -0.618207129544 -0.505389736332 
6 0.794350497333 -0.500174650042 -0.903802470523 -0.960978758854 0.0494553159376 -0.684870611394 -0.503148526979 
6 0.954180619692 -0.527356103472 -0.905447656425 -0.733560748115 0.090850467569 -0.758099994232 -0.666795494413 
6 1.3148379583 -1.11566221105 -0.85720494024 -1.10741399725 0.0847872229901 -0.861062807537 -0.526403033539 
6 1.04632453434 -0.884991426699 -0.762801832487 -0.911459466419 0.3681678034 -0.968102642749 -0.974216515808 
6 0.925532547144 -0.638128883632 -0.851723689021 -0.831286461498 0.23343305815 -0.593105421095 -0.650318633896 
6 0.374109627851 -0.579480929045 -0.803824790654 -1.29288117959 0.587442607077 -1.42423535903 -0.868499154341 
6 1.1065334443 -0.91946179721 -0.968919139619 -1.0013991611 0.124985894152 -0.631498413583 -0.557218183566 
6 0.823834321682 -0.512266479905 -0.958026461757 -0.717740672347 0.0525532871225 -0.772814190694 -0.640190436685 
6 0.686741143848 -0.255642279058 -1.0635485051 -1.21808394406 -0.155385292215 -0.691149120719 -0.833139261904 
6 0.826316388105 -0.508157887835 -0.564276357742 -0.937606590534 0.0638710997747 0.293263359463 -0.927917762605 
7 0.587264434038 0.641820253778 -0.272929859803 0.47279838117 -0.738354770117 -0.274550922335 0.312311017829 
7 0.794818331933 0.890160369864 0.115347507813 0.432843090527 -0.733755575636 -0.336882005486 -0.135969495466 
7 0.621024824555 0.812078430944 -0.338078814957 -0.0118260298124 -0.802419757614 0.0624602240717 -0.13707749214 
7 0.82640144114 0.85689686565 -0.319956348676 0.458099204238 -0.753479209384 -0.0406619200243 0.132443897332 
7 0.629080168898 0.499702809667 0.0400281879097 0.294931621836 -0.518977712712 0.235735275844 -0.0116281045599 
7 0.721195494296 0.356354455765 -0.224353597947 0.599149708001 -0.823995105685 0.259977162788 0.245673075955 
7 0.858732567649 0.991038140111 -0.216893293498 0.278596662729 -1.08351066551 -0.114810796377 0.164842901234 
7 0.646093562923 0.47216481688 -0.405935674261 0.485249354032 -0.36330121351 0.162266624112 -0.117093158938 
7 0.525490177265 0.495119517125 -0.139053319627 0.436442164838 -0.710667923329 0.10979168195 -0.0618486356279 
7 0.608239589654 0.73028678493 -0.062173278113 0.172903712387 -0.701844770591 0.0206472861004 0.169799166115 
7 0.392729878927 0.89105223767 0.102935709419 0.361167166484 -1.30917397434 -0.199717880939 0.460234900675 
7 0.228593397652 1.21662146802 0.0378228602129 0.238149024302 -0.843478568296 -0.20325770631 0.165251364297 
7 0.550372742154 0.616282019037 -0.371812950162 0.78286896928 -0.740320433511 -0.0651716811893 0.374122880418 
7 0.640476854931 0.804448808076 -0.0843414024354 0.630144782489 -1.01124618065 -0.147478047014 0.0595691612781 
7 0.726852372213 0.793444947019 -0.279868579814 0.66420998064 -0.930682528145 0.0350713632238 0.440084464609 
7 0.31471013853 0.757924023835 0.152717914786 0.873341949916 -0.633483924992 0.19688320826 0.40739686722 
7 0.678572403731 0.526563364396 -0.350196069793 0.633161790404 -0.651520562719 -0.0738795357821 -0.00144458171688 
7 0.514420461792 0.618764825889 -0.394400893592 0.509609297235 -0.602925806009 0.252723030454 0.131938610029 
7 0.364041084211 0.370343556336 0.164562863861 0.346491645358 -1.24799345649 -0.0324230243822 -0.0679896019451 
7 0.15028183756 0.970345779426 -0.169693876174 0.514250676284 -0.625719645482 -0.109068902966 0.363625400042 
7 0.533704272056 0.437735105826 -0.106909945037 0.345476282395 -0.525695521287 0.0209132223478 -0.123305904285 
7 0.422843901675 0.638481820531 -0.377136084879 0.89917968287 -1.07254091344 -0.0190102366039 0.133956522774 
7 0.270086944588 0.580887060225 -0.169165379293 0.803630426245 -0.751954410865 -0.0552635964849 -0.031604863123 
7 0.625768168193 0.585742600706 -0.369935969074 0.715343768843 -0.943727569409 -0.0344170140465 0.151391655868 
7 0.521504312853 0.622458346267 -0.533759555395 0.332765560593 -0.900506160384 0.175874449625 0.0111162249443 
7 0.511913941135 0.754828541461 -0.311381836404 0.243333131377 -1.39684842372 0.155827124263 0.00625423181382 
7 0.613402226192 0.85037329659 -0.52098070672 0.423145327696 -0.839177911973 0.132831156348 -0.262251437866 
7 0.470640411166 0.419211504817 -0.067364973784 0.544095823461 -0.674159417887 0.154591220456 0.145249825773 
7 0.355253778878 0.901927460999 0.150154478527 0.248409535335 -1.24203144527 -0.227037595838 -0.0833680515003 
7 0.190814500207 0.302244634842 -0.126267022567 0.772954703657 -1.03866369271 0.0664385279899 0.164713910226 
7 0.525051353472 1.05014839304 0.0206277721902 0.26521117807 -0.944508337581 -0.204866678701 0.237986273099 
7 0.318986306689 1.22757656682 0.103036912825 0.130802055302 -0.850847075511 -0.178543529916 0.369126828289 
7 0.263245927356 0.85212994474 -0.273053227349 0.188932612049 -0.802532167434 0.0716572601179 0.295970796446 
7 0.224131128614 0.955757764091 -0.0761585839729 0.402432305963 -1.19638463386 0.0458808390868 -0.0708730067341 
7 0.552426678868 1.01182197012 0.0344767477937 0.608049053833 -0.746238002425 -0.122593954937 0.403986368651 
7 0.417726154093 0.45360253345 -0.0755069928676 0.305339470158 -0.870003629925 0.116824895705 0.222431961577 
7 0.332395770656 0.578582959472 -0.118735902322 0.528048558375 -0.837358437886 -0.147066055712 0.123299469414 
7 0.638950193758 0.493598789123 -0.788992745128 0.83095298601 -1.04870523257 -0.015074591869 0.236282589028 
7 0.376430298312 0.664991895423 0.025847835999 0.622320705197 -1.24264129278 -0.0218167396076 0.150565061359 
7 0.460794701098 0.738664396462 0.100321449549 0.41535218232 -0.567940066392 0.163999230117 0.18407167602 
7 0.425297642274 0.89876290136 -0.217521706983 0.674561889036 -0.922742337737 0.213392700605 0.263801456064 
7 0.45506102098 0.766170913808 -0.0666195295298 0.296584194743 -0.264020332589 -0.163107123357 0.149828211315 
7 0.494084941442 0.184598846072 -0.25149621119 0.549833815122 -1.01575547434 0.303397697765 0.0204072353256 
7 0.0893906125927 0.407203892937 -0.117985399078 0.362050462351 -0.703412964443 0.331712433905 -0.00860879772966 
7 0.686929160411 0.88100362917 -0.185023665804 0.465704940076 -0.892897522845 0.203543036254 0.0861485401794 
7 0.475094030523 0.655937094738 0.105226763072 0.62251916238 -1.09027798261 0.521860979332 0.548483277996 
7 0.425320722005 0.674835438498 -0.946317977866 0.199303985224 -1.03113341894 0.464860180296 0.181448044824 
7 0.36903279105 0.742916673822 -0.16618833792 0.649981033117 -0.620792006853 0.201591626674 0.0460037145162 
7 0.462498869522 0.236477742657 -0.152782909904 0.532552437438 -0.960310365089 0.0262475633165 0.00773327668096 
7 0.496868891415 0.408286561563 -0.567427642483 0.816160382295 -0.903709371376 0.255181275196 0.0315891656571 
7 0.572138904749 0.698590604925 0.0954347347132 0.568480986629 -0.728930439646 0.106843529122 0.138945501373 
7 1.09992243081 -0.625074544172 -0.635301310944 1.03009573292 -0.165363794772 -0.263339389092 0.334152737219 
7 0.285796948584 0.593863084508 -0.216853529904 0.806183128331 -0.601526377021 -0.191898601183 -0.113474872282 
7 0.43077607396 1.31200898371 -0.163610321659 0.955773650303 -0.519942107593 -0.147596925138 0.387826379081 
7 0.255238746558 0.623622383654 -0.221854404864 0.497719256193 -0.952398657885 0.538840489672 0.212360666735 
7 0.230784141729 0.199252401671 -0.107239012044 0.445169283356 -0.502240915465 -0.12960397755 -0.116594756519 
7 0.459661447106 0.767659411841 -0.422465575535 0.542480486219 -1.02286949627 -0.0681895876272 0.0275443415258 
7 0.367685324808 0.6624793411 0.271021434594 0.664762203052 -1.07257504523 0.0937047349062 0.113473739707 
7 0.659328056585 0.565566029331 -0.0582765587158 0.183287668574 -1.26671522593 -0.0773182381795 0.290813250049 
7 0.904404557502 0.637731742616 -0.317862922831 0.71286731129 -0.854566778134 -0.17558576684 0.191491150426 
7 0.614445402667 1.12744047526 -0.455127887191 -0.0239354655333 -0.910298146356 -0.106131307115 0.441586773591 
7 1.01979822476 0.649862770172 0.0579723427279 0.0395161651448 -1.00237672431 -0.149211822018 0.334219483747 
7 0.107994249182 0.359199072103 -0.0918498712041 0.166745374074 -0.947068498658 -0.140556827698 0.131577295982 
7 0.802070354983 0.840593551048 -0.303763301685 0.563016480202 -1.19216086459 0.301644933147 0.229672511886 
7 0.751103123294 0.313433194759 -0.526612973616 0.600093060474 -0.972694806399 0.0903499110735 0.211384367489 
7 0.238755070581 0.873304430248 -0.103177265155 0.330336105165 -1.27092306627 0.441391104666 -0.109000676776 
7 0.585269470744 0.511204804092 -0.257425411619 0.337126586382 -0.626567752445 0.107803310188 -0.188258330139 
7 0.601796011395 0.476361194439 -0.0677280396949 0.230095061846 -0.797651069904 -0.147600501091 -0.169505689711 
7 0.451783533053 0.72114921036 -0.256808178156 0.390946578949 -0.741332784603 -0.474568732456 -0.0259884843491 
7 -0.397937203693 0.426091274454 0.560433743707 0.334835263699 -0.683038215814 -0.144904212111 0.124527835917 
7 0.531094948227 0.485346226164 -0.533890272382 0.231515910232 -0.804925666993 0.50790466955 0.0538798302131 
7 0.54013072217 0.316223203882 -0.236782112854 0.877114545383 -0.872436373052 0.614932591033 -0.00602301275246 
7 0.830560039509 0.710787427064 -0.176480746444 0.447072331072 -1.10619959676 0.511790068886 0.108276025826 
7 0.336342161532 0.696364383518 0.205628219454 0.201710183959 -0.970819156576 0.224829496411 0.0403394131227 
7 0.539964435156 0.710591444351 -0.135635015033 0.298113961054 -0.945175332204 -0.0724143570657 -0.160026354578 
7 0.97013678474 0.309436462941 -0.479640589678 0.385971134802 -0.840417073337 0.154302710897 0.221172314792 
7 0.479999886203 0.467377808106 -0.00518877967096 0.673682598881 -0.625375003089 -0.0815870192297 -0.00279888444237 
7 0.766412797507 0.57166412193 -0.37026655497 0.567655969791 -1.06731566405 0.115679167748 -0.371123089899 
7 0.397048961822 1.08029450776 0.131606663408 0.262066713662 -0.869212134398 0.351087904382 0.242643527367 
7 0.600119835254 0.725254760901 -0.342344680492 0.371698702313 -0.88710136024 -0.181857284148 0.474267884008 
7 0.710712315182 0.301408358196 -0.16388306782 0.11245785671 -0.95483405831 0.141809088545 0.120141147224 
7 1.0264755197 1.61076260797 -0.0590280834028 0.178472586768 -1.19924942749 0.118158585882 -0.184283882296 
7 0.63550356828 0.666342301392 -0.234112271723 0.187179755192 -1.1216461502 -0.0665685297023 0.0169433236656 
7 0.619958038074 0.501246706083 -0.415851259111 0.342401551759 -0.836140112139 0.364650699403 0.523769714013 
7 0.480286404431 0.79662718784 -0.128812400624 0.309592515956 -0.848543777761 0.477162994533 -0.018275049526 
7 0.854996166478 0.928927442498 -0.200223787199 0.463362144034 -0.996208889966 0.428917633706 -0.220287576601 
7 0.721216379521 0.275267442382 -0.355437476278 0.569893224571 -0.791132606639 -0.0790465481269 0.243290090622 
7 0.299752119605 0.829868099929 -0.305295313993 0.20063685204 -1.13394569317 -0.145299117047 0.146991992988 
7 0.739992742868 0.441316601525 -0.29891611933 0.168742938825 -1.00882027777 -0.17303381629 0.329010322836 
7 0.239953566554 0.483800173176 -0.492409913451 0.291376421618 -1.2152452905 0.258597826907 -0.119272702046 
7 0.37585777558 0.761991890138 0.139134754567 0.822170867673 -0.53608069643 -0.109309506632 0.179087282337 
8 0.226268330606 -0.407013172648 0.722140199396 0.115256953873 0.727841958699 0.797711369768 0.287382378576 
8 0.53232095256 0.0223446163799 0.72878325884 0.300240443748 0.206296894453 0.880026451342 0.471955632061 
8 -0.143237932095 -0.499618697898 0.57135684407 0.338040055766 0.307291572166 0.706263485101 0.466836581645 
8 0.481073167278 -0.290393719972 0.377053021003 -0.0894101302454 0.728994030036 0.663708471146 0.331402505808 
8 -0.0692440213861 -0.778618117241 0.848390084369 0.615704684411 0.220844004035 0.603505711637 0.242099681095 
8 -0.332457783059 -0.261717198942 0.756121814075 0.358202179765 0.50745671537 1.05799835639 0.562276339642 
8 -0.14531963194 -0.610392482408 0.507788362989 0.344512326091 0.567723244543 0.976423917031 0.648356259181 
8 0.349821283919 -0.295395812532 0.289964631178 0.300982680388 1.01216238992 0.704818371003 -0.412660063511 
8 0.361257576951 -1.08098218491 0.669009833278 0.649675197262 0.458032446433 0.759119915603 0.34262820776 
8 -0.305438818349 -0.648868108989 0.151071959992 0.493130315876 0.147077214496 1.05713459704 0.38178914629 
8 0.312283468452 -0.174395922181 0.632586252213 -0.0425748179886 0.373138815722 1.01059856497 0.416201384862 
8 -0.33676079315 -0.525459022607 0.714312681492 0.856077950925 0.774574206352 0.927921507893 0.519437038215 
8 0.0586876711504 -0.373660601742 0.754600289171 0.0796356532823 0.457984681255 0.615697345706 0.431524020795 
8 0.830208495494 -1.20350623874 0.232100108661 0.316571098766 0.7929288473 1.19860148563 0.339043144253 
8 0.0737590744555 -0.528874214945 0.833712735664 0.443455062051 0.278780841858 0.80217647941 0.456651695238 
8 0.047949053858 -0.239095575413 0.711957992345 0.29132615817 0.833776911178 0.849164044441 0.108460299668 
8 0.375625848993 -0.16827738654 0.558423108075 0.592178167027 1.00433298436 1.15815903797 0.651943932015 
8 0.451143329693 -0.524091410701 0.672492697472 0.591676186953 0.475724140777 0.817263573967 0.518129732088 
8 0.00860452751933 -0.732528254235 0.450743924888 0.121384775577 0.579674264928 1.16265592225 0.670589775503 
8 -0.00497752059762 -0.77588047883 0.830363896237 -0.174573025256 0.403652863538 0.649430296021 0.493893173083 
8 0.412206400737 -0.248918420138 0.521692492605 0.224171625557 0.404632682459 0.834392989579 0.362603862008 
8 -0.231489787857 -0.089484669889 0.365328451338 0.256587726205 0.391928609428 1.14012279098 0.780095327491 
8 -0.00877622816148 -0.531948895728 0.203139222546 0.155130315666 0.0323832142955 0.864127726962 0.905133029447 
8 -0.255238168685 -0.493804080651 0.590999073013 0.620745068846 0.474714350805 0.9218824293 0.665516581634 
8 -0.223165469206 -0.255235414383 0.296508986412 -0.0852661589562 0.41289763382 1.00969566447 0.675996727813 
8 0.260374621312 -0.490756140692 0.679935574973 0.439361871226 0.547265043486 0.517119496585 0.315265887911 
8 0.137131621845 -0.73100493755 0.718772091532 0.841905189746 0.567689853583 0.810844705302 0.553375440045 
8 0.0283136694515 -0.660016555606 0.596945364517 0.420740119746 0.501300875407 1.016207354 0.262385653164 
8 0.128178181787 -0.468392287103 0.550151238206 -0.073122075003 0.556320463708 1.06385896142 -0.0190100220274 
8 0.0779107186651 -0.577939075833 0.271953506835 0.123822450354 0.891417672508 1.17579217703 0.483509541551 
8 0.0454567240315 -0.570806693075 0.60343428232 0.171475300615 0.0748814680562 0.936124756727 0.200251273327 
8 -0.100259655763 -0.395721996152 0.395129177468 0.269899451923 0.0612569477783 0.632413322836 0.283860780525 
8 0.182535964098 -0.151710427255 0.55030700836 0.254135109033 0.658983655551 0.929470990374 1.05651859548 
8 -0.0117470990838 -0.468185967212 -0.00964163124829 0.436157249959 0.679343261041 0.65519166345 0.566165775701 
8 0.398025401988 -0.847819345774 0.743444167816 0.0272798421405 0.293357718067 1.02364397829 0.214123069128 
8 0.220283555728 -0.528546053431 0.93330888359 0.0305095617835 0.351106171176 1.35066039895 0.00628650502207 
8 0.0359843654187 -0.203748401969 0.981434159711 0.229862882374 0.618228695454 0.623091252467 0.381289811567 
8 0.245618686671 -0.716076038754 0.538372633688 0.721782259334 0.111831723266 0.910935745501 0.547357955509 
8 0.168536881161 -0.53725914825 0.487743821566 0.0930203912292 0.316852013032 0.738839506178 0.201147397845 
8 -0.126367803326 -0.651332692039 0.777284607609 -0.16459561846 0.26574899536 0.852898769661 0.00665440265185 
8 0.0910766004589 -0.822252048753 0.697513551503 0.421859299977 0.108510388218 0.63986174326 0.366645071424 
9 -0.408683202059 0.372200546658 -1.06794129978 0.90407921645 0.714893604103 -0.970522860824 -1.04067850583 
9 -0.447565158612 -0.103275202728 -0.896479610079 0.491630351724 0.861830931951 -1.04728910235 -0.611621973546 
9 -0.598946891066 -0.273496265215 -1.3179562299 1.04365326973 0.367492289392 -1.12515431808 -1.07633807835 
9 -0.303000460013 -0.197001818616 -0.76486390193 1.10263884184 0.87584773225 -0.772639967811 -1.17540364005 
9 -0.436274658474 -0.365525274995 -1.03200133419 0.731914276831 0.535259725851 -1.02034789726 -1.12147256665 
9 -0.275761793326 0.362412756436 -1.08985986027 0.719670597581 0.989828052643 -1.02184160495 -0.834509207675 
9 -0.351460615253 -0.164897950302 -0.924172966537 0.488059338152 0.753707219922 -0.914881324292 -1.15174222768 
9 -0.843746487403 -0.0566840895645 -1.01676429455 0.558114649321 0.471779443529 -0.841033676881 -1.25217973996 
9 -0.730638032682 0.143841759851 -0.63413495302 1.18243294773 0.635916509495 -0.847833253404 -0.909827321913 
9 -0.319067313222 -0.0849639168189 -0.961394100498 0.429437259087 1.01965133741 -0.732569848251 -0.98240811639 
9 -0.2693045356 -0.340248287983 -0.783301025355 1.02745122641 0.561015865277 -1.22054383781 -1.28174424168 
9 -0.494721488483 -0.0185850644679 -0.824849616257 0.628481982633 0.641190727256 -0.736630140828 -0.912261293922 
9 -0.343037632748 0.189351486801 -0.994010661314 0.714906850311 0.793959336959 -1.25784225707 -1.10439960008 
9 -0.317144186883 -0.00612342567362 -0.865096321071 0.840145230165 0.941246852609 -1.13363620938 -1.30136403553 
9 -0.405189161478 0.119655621904 -1.21990601992 0.921984360767 0.761661365688 -0.565678003552 -1.58750880885 
9 -0.407536385073 0.0375428314404 -1.14669840675 1.03673000047 0.81027767847 -1.02200444696 -1.21595737443 
9 -0.0562993562666 -0.377956984683 -1.14209186898 0.731984701067 0.637374110112 -1.15345341452 -1.29589253173 
9 -0.391196997043 0.00501851244897 -0.820533776169 0.579052612719 0.28545664446 -0.613937079982 -1.18666496759 
9 -0.819606279338 -0.112528029682 -1.78410784164 1.00992626836 1.02016417471 -0.620978633956 -0.196796775588 
9 0.124288479501 -0.357728521075 -0.912206536516 0.744219364002 0.855955349896 -0.968643027083 -1.02004970821 
9 -1.10855495255 -0.166813391456 -0.783671958882 0.452063314224 0.611692082575 -0.88847973143 -0.777686806368 
9 -0.425177691102 0.217365063169 -0.698249695501 1.14599948218 1.03930859562 -1.14708370388 -1.15994001552 
9 0.045838522982 -0.0453745710448 -1.01795644551 0.868284358752 0.507132898401 -0.958182747055 -1.21050366092 
9 -0.286357693115 0.314153224665 -0.733428145582 0.932223947135 0.753510047009 -1.29389366222 -1.0561528038 
9 -0.0549194025701 0.0883255438927 -0.55588489941 1.17338822865 0.951903261717 -1.14655899844 -0.706296810447 
9 -0.359329503215 -0.259604454878 -0.851914130141 0.684817228504 0.66549847939 -0.709518258304 -0.911382623683 
9 -0.287790762941 -0.190995277918 -0.634404984553 0.955640902644 1.22017134242 -1.01559452401 -0.936008267225 
9 -0.674366571038 -0.0601608916451 -1.47802531479 0.902335369459 1.18339130175 -1.13088917772 -1.36138469848 
9 -0.0420981232462 -0.485596119386 -0.656411946125 0.767644356046 0.93296413129 -1.198524968 -1.16044456995 
9 -0.35067956272 0.101177082207 -1.00880429212 0.579145214358 0.411014303385 -1.22533368271 -0.726155981856 
9 -0.385254768715 -0.316706823765 -0.828189869555 1.04765352304 1.27937580853 -1.56559100395 -1.29196036645 
9 -0.27545642188 0.149114134315 -1.03083566587 0.784354369796 1.1844779908 -0.748006349889 -1.30789995704 
9 -0.555289666122 0.0196413108818 -1.00730813306 0.665187231626 0.848456747385 -0.990492885998 -0.800248764473 
9 -0.64644729798 -0.00924277153735 -0.665365750869 0.536416418031 0.66666800572 -1.05347792918 -0.977774466532 
9 -0.489401046722 0.163501129654 -0.842460683164 0.521129500424 0.62742834779 -0.697456701267 -1.08000189035 
9 -0.570634999484 0.0135307490788 -1.02110781084 0.547637966544 0.977130496599 -0.768863356129 -0.964599882955 
9 -0.354393113898 -0.0276321135422 -0.971781349266 0.854756888851 0.817556735553 -0.976199996041 -1.03472366387 
9 -0.199877259023 0.0729300122746 -0.752442881105 0.537414905664 0.960103266146 -0.751728743472 -0.987296340865 
9 -0.493806697608 -0.08067513289 -0.934800715601 0.746758248757 0.704026239602 -1.10384310216 -1.14832403254 
9 -0.440499049031 -0.18246286772 -0.474964926132 0.656679647868 0.895308020378 -0.886194602015 -1.07166491577 
9 -0.187221360074 -0.0951294228107 -0.911121912098 0.564398646941 0.528665985411 -1.2620918245 -0.971051804586 
9 0.0758879219727 0.320834838627 -0.825003620552 0.296969139031 0.721169777223 -0.873984915905 -0.906589095561 
9 -0.0850433727827 0.00467068603573 -0.995586798143 0.876669338645 0.55963357604 -1.14943820144 -0.835321339369 
9 -0.601744018683 -0.508343303934 -0.634139309485 0.923365164735 0.512647850389 -0.661278625821 -0.593611494772 
9 0.200474157076 -0.3893329919 -1.04363822192 0.578772003982 0.56512174636 -1.18725230823 -1.30602099406 
9 -0.257264214525 -0.381088562885 -0.736030414966 0.593478058585 0.890487135047 -0.845515690036 -0.836127043092 
9 -0.474524656816 0.314352291816 -0.475549834257 0.495175992112 0.731433741011 -0.981348527149 -0.809530812987 
9 -0.65213381781 0.237563741155 -1.12097318669 0.78752198266 0.845910674513 -0.816719887394 -1.08198363875 
9 -0.137117228848 0.426792577482 -0.832248045366 1.01791900285 0.567603864703 -0.928722716782 -0.797861985664 
9 -0.190716851988 -0.302840317815 -1.0308414821 0.625321130132 0.771510173834 -1.03020391514 -1.11683133201 
9 -0.679169224083 -0.0839511324232 -1.07934878854 0.809858428226 0.853065786682 -0.924013095403 -0.956610016749 
9 -0.245624561905 -0.406271391822 -0.69352512207 0.562520063658 0.230610044034 -0.694856381731 -0.616264289093 
9 -0.45364633573 0.0669423279787 -0.768008702147 0.758995662117 1.04787809358 -0.92544202972 -1.76782607362 
9 -0.363694299609 0.0351877162799 -0.841968164827 0.509561208674 0.746021508556 -1.15014310872 -0.718370958914 
9 -0.566972947616 0.00952290071975 -0.946011280679 0.837526297521 0.926302804126 -1.21700975712 -0.892371459455 
9 -0.288926411777 0.0275386694729 -0.880929446009 0.607627683012 0.864170396797 -0.985660331257 -1.24605634922 
9 -0.396350826633 0.244345906259 -1.00260902267 0.206424623344 1.12862484026 -0.82771705032 -1.2848124089 
9 -0.420225369726 0.0672567593019 -0.873478840098 0.772538685 0.700989740647 -0.915040586018 -0.736846781536 
9 -0.711098357361 -0.122546172875 -0.587520268345 0.91856594621 0.329003420183 -0.94961983339 -1.13355493561 
9 -0.460209221851 0.189831157071 -0.869305966996 0.623636376262 0.469991579017 -1.21058200526 -0.60475444525 
9 -0.353851985086 -0.229913294915 -1.22706053968 1.05007134427 0.594271122654 -0.916947898559 -1.2382533751 
9 0.00192862043712 0.190949194837 -0.72679086848 0.615817464676 0.907855093667 -1.12198791461 -1.00555742766 
