0 -0.451068601907 -0.82394222839 0.0271194391408 -0.21725881778 -0.668409637364 
0 -0.941750810743 -0.636524126884 0.00532528695094 -0.205013653468 -1.12736513718 
0 -0.27263813955 -0.911163356777 -0.253720467028 0.0973865068448 -0.876083139987 
0 -0.673138653506 -1.10963806732 0.177168409294 -0.127569488446 -0.5578870873 
0 -0.390290094212 -0.897729908227 0.0871045647965 -0.0352434690812 -0.78682300999 
0 -0.469882764105 -0.901207071101 0.148341409949 0.137717376672 -1.04476839672 
0 -0.595087353489 -1.42127405674 0.804094913681 -0.0214541169065 -1.50009246533 
0 -0.232337305067 -0.912176931485 0.253949864353 0.0109663804814 -0.560262260201 
0 -0.396653160698 -0.898621250509 0.457319787072 0.0185725520767 -0.834579589802 
0 -0.278767814724 -0.588265108042 -0.0427251175967 0.298777765032 -0.781075335142 
0 -0.494463396063 -0.906462402824 -0.0410241500793 -0.153015736393 -0.974935615705 
0 -0.394641170021 -0.890595906157 -0.113075383703 0.142286558359 -0.900585771067 
0 -0.928592970538 -0.753052610446 0.260157682726 -0.163174930227 -0.926052016951 
0 0.0349705113305 -0.722509533968 -0.337222900201 0.346010968767 -1.21146379512 
1 -0.359346317165 -0.711592844942 0.0145227896855 -0.599553305955 0.84400491992 
1 -0.152047100538 -0.688389531012 0.140417440845 -0.405718093154 0.621434547327 
1 0.236581947182 -0.358037997377 0.019556895928 -0.742520581053 0.582683146137 
1 -0.378620429044 -0.481643534855 -0.103206072301 -0.66007386763 0.641789139268 
1 -0.334106898855 -0.483500467116 -0.0660478139775 -0.52335296377 0.702491234493 
1 0.178288843087 -0.34017853734 0.4202918884 -0.307034914578 0.915006352124 
1 0.0612480770006 -0.795683665471 0.15716869003 -0.601147853208 0.722342589935 
1 0.144256427805 -0.274869152145 0.113973293559 -0.951451620656 1.11829183184 
1 0.0117086911176 -0.59709576327 0.115882748699 -0.642763069372 0.455899210997 
1 0.0776252306261 -0.569817093778 -0.0822328483093 -0.338774889048 1.09423428721 
1 0.0305792949364 -0.86851199481 0.313688272178 -0.523430641012 0.894440735485 
1 -0.54187584801 0.108014242292 -0.0102687006801 -0.429478038205 1.07972697397 
1 -0.0822450597451 -0.539307750792 -0.161034977549 -0.83879654608 0.537631060964 
1 0.0504964592499 -0.395781791655 0.0795070917456 -0.888975763676 0.991863446623 
1 0.0909989747596 -0.139462090971 0.0523202065992 -0.81221800544 0.611975324079 
1 0.199861115302 -0.443461113108 -0.00279753380323 -0.843014736523 0.832002557024 
1 -0.661293795696 -0.559426779924 0.208246737344 -1.08253886761 0.713462302983 
1 -0.147410218032 -0.625803559263 0.122588042133 -0.708070038577 0.744432099829 
1 -0.101538692238 -0.402697073108 0.190638258715 -0.64769317568 0.871386800733 
1 -0.241129324072 -0.890574718633 0.442525295765 -0.810877352972 0.798769399136 
1 -0.432444158543 -0.695685156746 0.635565521396 -0.741128108985 0.754095722658 
1 -0.179496988444 -0.203925698373 -0.145986103132 -0.942003808963 0.843920914116 
1 0.0834508402184 -0.584085192704 0.326319877562 -0.824480408843 0.710332359018 
1 0.339909053889 -0.378549890527 0.216680698861 -0.523896071701 0.488938836932 
1 -0.196714239497 -0.560155079469 -0.0849801855456 -0.840156138897 1.40257248171 
1 -0.492757007137 -0.725480183514 0.47183294729 -1.03077780192 1.06713763373 
1 -0.411730455988 -0.466488099897 0.190624614641 -0.791494779074 0.916517255287 
1 -0.0247967592888 -0.574503282026 0.347796350653 -0.680357308602 0.717465697891 
1 0.248327310048 -0.197910254778 0.453621030924 -1.17055035962 0.53571112972 
1 0.170650497814 -0.275018660254 0.00759728223015 -0.806957960967 1.16579116749 
2 -0.0238838940632 -0.297486491541 -0.201581293889 -0.292997559453 0.834921154629 
2 0.085645207063 -0.765998147064 0.49110572802 -0.55492219134 0.375609474225 
2 0.168895086815 -0.685850718395 0.159622454861 -0.534363549466 0.557148358566 
2 0.233283338853 -0.74717435914 0.0657051094546 -0.576284129593 0.324968815723 
2 0.232796284384 -0.611413554595 0.15450369748 -0.796969207828 0.509159628633 
2 -0.0443100883912 -0.663945446836 0.189797316058 -0.813258573427 0.682772466291 
2 -0.210540941183 -0.400289726315 0.380188488929 -0.613742319229 0.467779786048 
2 -0.462169248396 -1.1072338981 -0.18560346829 -0.973384378083 0.565443877066 
2 -0.15675622452 -0.549245895823 -0.0462653343376 -0.650550974609 0.385460285975 
2 0.137856447167 -0.874813201207 0.303749420378 -0.676747974482 0.389059684857 
2 -0.00127550104662 -0.917406821171 -0.0207432329967 -0.839993273463 0.95716579746 
2 -0.109953585596 -0.601479306609 0.00175992994917 -0.408738821531 0.251047325102 
2 0.184617620489 -0.554063053155 0.0170629663219 -0.38072179745 0.306458886047 
2 -0.0587204567102 -0.947096011227 -0.0780650432403 -0.10347601277 0.266954309822 
2 0.0939309428395 -0.811968865055 0.0583922602774 -0.583455974475 0.209949081027 
2 -0.352279040981 -0.810976457012 0.509201018395 -0.328714190665 0.685801743374 
2 0.0807545800954 -0.328972038148 0.102516369933 -0.789940306648 0.403613383026 
2 -0.0109509970508 -0.570889633163 0.0205404390424 -0.221522726422 0.704087014021 
2 0.181726510377 -0.627337390677 0.195309430869 -0.454518288543 0.476184239555 
2 0.0477961389891 -0.926520710258 0.695411742272 -0.569120280406 0.344283011229 
2 0.0165222976189 -0.542971388465 0.158992110843 -0.298059769685 0.132154937127 
2 0.0955873752201 -0.773550861833 0.472870784441 -0.382152705182 0.436871998014 
2 -0.0642523071164 -0.703418670007 0.45450365528 -0.817931906042 0.51105892865 
2 0.0657410037237 -0.653407368436 -0.1948284869 -0.665301339016 0.554683938093 
2 -0.286406547563 -1.30646532988 -0.385954458051 -0.681184713071 0.202850623543 
2 0.407394365121 -0.765806706076 0.366432587016 -0.385189734851 0.380605445878 
2 -0.00939425945558 -0.799198516443 0.0202030132619 -0.463228354415 -0.106148404895 
2 -0.189573874531 -0.618527709444 0.17303205866 -0.717081106081 0.210204977839 
2 -0.371395584649 -0.634157885345 0.268418519644 -0.935877306176 0.324514958479 
2 -0.0147342595544 -0.702057210867 0.0955278981344 -1.14193962988 0.433731048571 
2 0.0524594945645 -0.555955440187 0.167658183728 -0.382559480916 -0.0403882576327 
2 -0.136931920988 -0.259121862643 -0.101988660795 -0.645882884878 0.502651888863 
2 -0.0354981466967 -0.508741947604 -0.00410188209195 -0.856886667671 0.182502541113 
2 -0.104472963348 -0.651807097536 0.337176549576 -0.825128376026 0.23729786143 
2 0.0120946084895 -0.265633117438 0.358159990359 -0.770562804504 0.422447962816 
2 -0.102318269933 -0.579066139845 -0.358335775706 -0.705046065568 0.58888521373 
2 0.410365002763 -0.205930450607 0.857256491308 -0.548671540722 0.633072707845 
2 0.482345552585 -0.722819545052 -0.0107897542329 -0.510460346762 0.365334674453 
2 -0.0958873074619 -1.03055213002 -0.318501028695 -0.764988829317 0.60073839336 
2 -0.248980561039 -0.67370125367 -0.01651019075 -0.540795871599 0.629375171691 
2 0.30482144492 -0.0977036302449 0.0662592767816 -0.328600215369 0.698224283134 
2 0.072318327273 -0.679445618961 -0.274773308543 -0.816729290736 0.118156824395 
2 0.0900732597145 -0.432027197482 0.106348199459 -0.474313351803 0.189795553379 
2 0.17193909341 -0.728962851008 0.167823527415 -1.07938227394 0.375371317671 
2 -0.0207366684124 -0.521521219925 -0.134268691763 -0.390375060515 -0.244480905953 
2 -0.0334771733357 -0.860795664382 0.0389263437379 -1.17071162411 0.595564639803 
2 0.0814793001226 -0.87337415213 0.425115560868 -0.593970145827 0.74766108852 
2 -0.200094825951 -0.360431361847 0.294671039516 -0.923294398374 0.339193466078 
2 -0.0824614771641 -0.309845510498 0.487510685137 -0.818413341282 1.04062729919 
2 0.168711514957 -0.652709775081 -0.239141870434 -0.935145264212 0.592906178884 
2 -0.416370794086 -0.851935685416 0.325039553323 -0.374023407033 0.288067477782 
2 0.204454948277 -0.255168419781 0.274137931854 -0.450418467653 0.393426737038 
2 -0.0893612564202 -0.294288062212 0.345294093267 -0.520557734251 0.546376440685 
2 -0.19731429322 -0.545181329393 -0.0189566156511 -0.597773090182 0.547740901886 
2 0.0649819596769 -0.661978960229 0.245102115007 -0.446854899052 0.488077871339 
2 0.245558552085 -0.257364032553 0.0755576090557 -0.948297624498 0.229435534709 
2 -0.0156911963014 -1.03346995829 -0.0951992473174 -0.443220199196 0.147877306762 
2 -0.0606337964921 -0.780531743922 0.406485890683 -0.689111826991 0.422492128655 
2 -0.48962269715 -1.03113526974 0.323363943889 -0.454266221015 0.20322522944 
2 -0.0108277634991 -0.891847643472 -0.244837092346 -0.311305453066 0.653219240188 
2 -0.147001442513 -0.672416165468 0.392401360662 -0.34434375133 0.0316653424628 
2 0.173729109584 -0.947341809222 -0.225473960562 -0.825360807102 0.37989904476 
2 -0.274250583345 -0.646678663708 -0.106385102185 -0.183786669263 0.436347408696 
2 -0.289875360985 -0.896376291961 0.374574157765 -0.53019678897 0.558377636237 
2 -0.151153696251 -0.673722684132 0.29891224014 -0.986563529966 0.877054243777 
2 -0.397564242636 -0.32160878059 -0.163073915404 -0.802690766316 0.32169089722 
2 -0.507063838922 -0.675922256986 -0.316174977706 -0.364398190188 0.401647660869 
2 -0.0241347170024 -0.549942381535 -0.0797690272284 -0.821509931519 0.304198482304 
2 -0.207908673105 -0.781417050762 0.0771718121467 -0.844967830507 0.750451244489 
2 0.282460878644 -0.468926077035 0.417474831734 -0.439672560168 0.741312559194 
2 -0.355193506058 -0.685874814188 0.322894883533 -0.49677782809 0.0990103725273 
2 0.0281925313565 -0.38187353863 0.621314542333 -1.00666282278 0.961000139389 
2 0.206450241968 -0.429917082117 0.530166481618 -1.68572903023 0.441766679954 
2 0.182697837931 -0.252080071308 0.374236409195 -0.510071194347 0.20948236685 
2 0.147855544743 -0.720265234322 0.274651803738 -0.533072659504 0.482415574686 
2 -0.167710604838 -0.452937806338 0.404618054731 -0.543811832419 0.209405686926 
2 -0.155808984502 -0.411568148152 0.00410707163876 -0.700728792772 0.433352936999 
2 -0.097730140852 -0.663064003962 0.416656025859 -0.546500340565 0.375390968943 
2 0.107979012976 0.0457252742118 0.271775825024 -0.378041915914 0.564565322203 
2 -0.135698796776 -0.476054608961 0.150184468769 -0.423388500194 0.696273349964 
2 -0.167300053382 -0.805084692324 0.240457944737 -0.787351464765 0.450266752328 
2 0.0287060409608 -0.848214182736 0.244359616659 -0.19203713353 0.0865916784053 
2 0.0386486720509 -0.499471409338 0.141744028078 -0.692746675185 0.148860819551 
2 0.149468092578 -0.895981949162 0.157182732609 -0.243243827278 0.194392989707 
2 -0.217241576085 -0.899975717785 0.557251893319 -0.604954976284 0.451257082108 
2 -0.641983945118 -0.453315468915 0.31429039724 -0.576507080493 0.168062592106 
2 -0.328002021186 -0.87751099581 -0.177447651423 -0.78495502659 0.0744364452021 
2 0.0757874611481 -0.753427442601 0.904225855933 -0.394441412393 0.707270271118 
2 0.170309016141 -0.611530462302 -0.0453476093772 -0.450604357518 0.321704968931 
2 -0.131986699941 -0.540694693664 0.435597109688 -0.623325396057 0.632697000689 
2 0.304391232551 -0.441953830762 0.320307406115 -0.800620268213 0.419586528713 
2 -0.0542347227375 -0.914275179513 0.355058028529 -0.562557313104 0.506157799189 
2 -0.312028513419 -0.495826902563 0.67771647515 -0.551818016146 0.49645154376 
2 -0.277533161053 -0.57067739104 0.232525916461 -0.588739769248 0.284788997794 
2 0.00460316125322 -0.407021424908 0.0406093853761 -0.874678272575 0.522669464818 
2 0.157213523252 -0.766083459667 -0.0608722706299 -0.895747148265 0.252680778621 
2 0.1562926303 -0.730766396582 0.597663355208 -0.480024950995 0.567359616363 
2 0.0956587935269 -0.418697672225 0.181346048485 -0.21708464373 0.359956757275 
2 0.055631689821 -0.422615455836 0.292221027502 -0.679071850487 0.223360129467 
3 -0.599120698756 -0.110864722672 0.787110162761 0.341247985229 0.246885073416 
3 -0.132122301803 0.00541028406365 0.0571659803373 0.607140240399 0.811269172975 
3 -0.302760978924 -0.383473260993 0.677297152906 0.688130479319 0.417274974596 
3 -0.295784733488 0.0803262751138 0.53375995506 0.400370446347 0.97180457476 
3 -0.118100629199 0.0390436775849 0.34383329544 0.449105152486 0.528458245389 
3 -0.450201777908 -0.15988305684 0.337790913775 0.406088473932 0.472248129197 
3 -0.559964428668 -0.30777683823 0.336515366403 0.756247839148 0.758166696564 
3 -0.274819135784 -0.0944297405226 0.299419539128 0.674156525804 0.316850682006 
3 0.24521854638 -0.340874657871 0.397826282867 0.704973252075 0.971797151144 
3 -0.531712838217 -0.242083186403 0.195585616982 1.43679896459 0.802536925157 
3 -0.426943267752 0.0797156478683 0.723806021593 0.40082390987 0.746431324569 
3 -0.246996994084 -0.00421377621221 0.386925331149 0.730363079976 0.646767088131 
4 0.148957827784 -0.97953967088 -0.219275967136 -0.663395746019 0.733963198295 
4 0.560299817716 -0.892227851823 -0.447594569228 -0.730861600855 -0.43369474937 
4 0.819759595959 -0.761980203555 -1.31834138479 -0.586505943918 -0.0355923093778 
4 0.915635329027 -0.916303793133 -0.769976772835 -0.451830009709 0.105081713525 
4 0.907586993712 -0.961670246245 -0.189246049421 -0.204993016657 -0.192816930865 
4 0.606594196587 -1.14151848341 -0.229002436262 -0.900683048987 0.127145418924 
4 0.64133385156 -1.0956797561 -0.603868378368 -0.744602750781 0.18269316062 
4 1.01867895013 -0.847427334579 0.100301274058 -0.592906505183 0.0107172777422 
4 0.975791901559 -0.463762533204 -0.353505392298 -0.803855571014 -0.00236563941943 
4 0.677733663677 -0.560485487443 -0.186094335378 -0.858685040775 -0.0482816148806 
4 0.368216348077 -1.11765608882 -0.379990365316 -0.771888492335 -0.197456906523 
4 0.659123001055 -0.848444317624 -0.25255218888 -0.463170200878 -0.203895566024 
4 0.777792627748 -0.843232608263 -0.61398208118 -0.728956457008 -0.328737260017 
4 1.13903809398 -0.438837841228 -0.584084384582 -0.881862409455 0.110824224506 
4 0.824096155875 -0.658545362445 -0.7000750445 -0.567747389826 0.105962769372 
4 0.738546003364 -0.396048262791 -0.355235723425 -0.701457843991 -0.0118972506351 
4 0.809089320072 -0.418326588307 -0.14888190968 -0.915496118309 -0.344539775067 
4 0.939710875006 -1.01728692565 -0.220469660872 -1.13464786096 -0.0889050057866 
4 0.619492672689 -1.53079107354 -0.926525105931 -0.860543790369 0.137273088773 
4 0.792845658089 -0.820420945457 -0.288444201795 -0.37350440464 -0.586379171724 
4 0.584096690227 -0.627718190892 -0.357746557992 -1.01802443062 -0.216088863493 
4 0.545067385947 -0.647674232884 -0.30752053755 -0.919713741413 0.0873889428196 
4 0.616717256933 -0.834936326843 -1.28212115903 -0.632171045067 0.622230878736 
4 0.637208770103 -0.621062418977 -0.269222352532 -0.332387535246 -0.06101930767 
4 0.459084417685 -1.10202237923 -0.215400968231 -0.875078541941 -0.608532015614 
4 0.277535998849 -0.958598507381 -0.621550967663 -0.946656972643 -0.346397262053 
4 0.613106448431 -0.934022400198 -0.586848836289 -0.419662312934 0.162146370239 
4 0.675983521103 -0.709272279477 -0.176202796711 -0.938142060953 -0.31249318268 
4 0.872316517622 -0.300869360396 -0.244122154244 -0.336501855176 -0.278806690738 
4 0.584768343197 -0.698504890702 -0.432987118668 -0.995606382496 -0.245819465275 
4 0.979324664378 -1.0117694068 -0.307543455241 -0.826833845023 -0.870564932146 
4 0.670079455672 -0.991149255796 -0.0243962952988 -0.532629350057 0.100110530915 
4 0.893510415813 -1.02694347522 -0.676261907129 -0.784754799753 0.131484342604 
4 0.462892036664 -0.685744889883 -0.571994360146 -0.662125943487 0.346500752042 
4 1.10125065124 -0.649237939168 -0.601879654479 -0.649781639781 -0.416304703646 
4 1.30168749968 -0.255937872919 -0.628452723492 -0.55506542127 -0.427784658977 
4 0.761637107431 -0.640428662618 -0.253792858362 -0.703781189002 0.000756148138578 
4 0.702053779887 -0.813102282732 -0.512343345405 -0.413168592614 -0.238272294135 
4 0.617922325245 -0.656650668329 -0.828782213924 -0.905633105705 0.0684540213381 
4 0.908275707498 -0.450617446379 -0.158743697095 -0.379415383755 0.175265092545 
4 1.17563758266 -0.587199801636 -0.215111204819 -1.11780320558 0.182790080546 
4 0.494410271971 -0.757570262323 -0.257245016809 -0.950461938296 0.105294439272 
4 0.515149843599 -1.00035346844 -0.469783284203 -0.976804219515 0.0873931131927 
4 0.727802791801 -0.567738885569 0.0294949494282 -0.891606972673 0.138000041032 
4 0.613517128173 -0.280338839571 -0.297175469788 -0.962214940846 -0.0814416254343 
4 0.767957241565 -0.617720956352 -0.331011424513 -0.901967052425 -0.206424911052 
4 1.17338966972 -0.895502251494 -0.533784593471 -0.899608532962 -0.362920838078 
4 0.765753165045 -0.389161045383 -0.29906187465 -0.755127509264 -0.221904107561 
4 0.476689081419 -0.844672757694 -0.28334588315 -0.595201512031 -0.325377299007 
4 1.05217007688 -0.934399410936 -0.741438952754 -0.847991105578 -0.196410900218 
4 0.164117276935 -0.317836230158 -0.215138737843 -0.744021579198 -0.399236327953 
4 0.907732238673 -0.320112665432 -1.27050495032 -0.854007679654 0.134054171131 
4 0.18402217769 -0.702147112578 -0.373154422645 -0.601177333656 -0.252162072612 
4 0.795755007689 -0.824931323716 -0.468718768371 -0.400769100023 -0.424532140699 
4 1.02934867916 -0.700193714636 -0.477914324014 -0.824119686934 -0.0841776416966 
4 1.01147498815 -0.683469364207 -0.724894221439 -0.51948096628 -0.293959562906 
4 0.537785656895 -1.01475255524 -0.149062487319 -0.474610831468 0.198469375996 
4 0.814574093917 -0.242128861567 -0.389719009707 -0.255521784421 -0.0701240512093 
4 0.921610448823 -0.918205742373 -0.428129720237 -0.810994534157 -0.258559865244 
4 0.780759764334 -0.742810650309 -0.560130566663 -0.567481117876 0.136783866326 
4 0.893453684295 -0.797736720051 -0.554797647872 -0.62665368939 -0.0128257671533 
4 0.808300547013 -0.803893711175 -0.623200355015 -0.786408288748 -0.18010533218 
4 0.736481989249 -0.608800399075 -0.421503215045 -0.831092450277 -0.0526606363023 
4 0.887518415111 -1.25387415015 -0.143867014433 -0.905750590825 -0.149863092373 
4 0.897074235807 -0.791801361499 -0.729929081156 -0.835592937641 -0.0870382662002 
4 0.50142316587 -0.590700842136 -0.0296095796351 -0.479946174127 0.229534327093 
4 0.87866109267 -0.835376924345 -0.676418034512 -1.18206052582 -0.0668284889144 
4 0.787976808057 -0.502446437096 -0.856266595468 -1.22102243419 0.0691498645092 
4 0.729732606841 -0.885984667333 -0.603873534004 -0.921251951983 -0.284879445595 
4 0.74364050946 -0.896929224342 -0.365411723141 -0.385848635275 -0.319651050904 
4 0.460078896552 -0.539721613532 -0.0758695710062 -0.763657255239 0.105399319398 
4 0.760064433564 -0.642210732439 -0.542167344839 -0.80462853402 -0.0446453012626 
4 0.727561701309 -0.998228012445 -0.479812651337 -0.488778920039 -0.33531538282 
4 0.714429911665 -0.519973849236 -0.239572841164 -0.820383945106 -0.294135898808 
5 0.996094712383 0.907540561924 -0.432283191756 -0.564282983726 -0.330212024045 
5 1.29390567184 0.582829944869 0.245955679966 -0.913825567206 -0.364386809236 
5 1.15845374041 0.762172250685 -0.342210841781 -0.543762432125 -0.584893702944 
5 0.797163609443 0.703282181613 -0.30942929684 -0.533948045646 -0.121821329785 
6 0.0271243726418 -0.617912626515 0.999663477415 0.331055833004 0.349449693209 
6 -0.0434015143765 -1.14529676242 0.40085233978 0.195614627786 0.217420055739 
6 -0.0556207435328 -0.574950777086 0.698634458581 -0.0423026539925 0.515395293787 
6 0.00652102191321 -0.958669713646 0.460514581757 0.26681441857 0.20500858922 
6 -0.288641387274 -0.872189131177 0.481446566189 -0.0156080481357 0.413317198378 
6 -0.000548850521531 -0.756765060862 0.403887595916 0.10141393461 0.407267413949 
6 0.646556973327 -0.621066669691 0.44741412246 0.307751135101 -0.00398714664326 
6 -0.202142757413 -0.541950854267 0.900778063563 0.0567379213539 0.417432375896 
6 -0.375665479033 -0.845203303709 0.540408978143 0.0771900214493 0.0819052853445 
6 0.237172797612 -0.652916194373 0.602461389271 0.291821979763 0.612011151903 
6 0.10110802512 -0.488345385666 0.927636653069 0.258846754029 -0.225434031406 
6 0.159941568913 -0.819227459637 0.251963002425 -0.238074378921 0.248531711927 
6 -0.029522468573 -0.616592249359 0.982592002802 -0.000101145241695 0.141528723678 
6 0.0793787974947 -0.228838590854 0.763243937226 0.299641422001 -0.557633033366 
6 -0.331803932561 -0.586365358814 0.118024370244 -0.285002254195 0.402386011062 
6 -0.0127034180258 -0.841398966883 0.783756885605 0.20585064936 0.186863164984 
6 0.127169748749 -1.01416131611 0.709155076834 -0.351829434088 -0.236042229837 
6 0.106201048437 -0.872767946525 0.56299158491 -0.0235917406709 0.325757948393 
6 -0.348132019059 -0.702377193382 0.730530437144 -0.240975949658 0.0879946473234 
6 -0.0581237836958 -0.814099338988 0.62152188705 -0.145155133572 0.147956766319 
6 0.356320313011 -0.703012661766 0.239740819595 0.173399800113 0.0241687808589 
6 0.152971172962 -0.627254018431 0.548581043093 0.402381552934 0.105855998381 
6 0.284599281036 -0.551899404498 0.584837532746 -0.0403912154567 0.034390386374 
6 0.111148500114 -0.520744554982 0.92216789676 -0.153334831876 0.161997390153 
6 0.141102089376 -0.729118847718 0.282612203005 0.11470669988 0.66834765394 
6 0.206862928245 -0.978947539684 0.983036643655 0.557943024774 0.273799264324 
6 0.410249517119 -0.800181252679 0.20345418593 0.115391284725 0.0890805557341 
6 0.230631482121 -0.47158732354 0.491085243229 0.354557057379 0.560522222818 
6 0.151902760499 -0.872162984381 0.899205563407 0.144551542005 0.229526675965 
6 -0.151850174485 -0.86213020657 0.52945257292 -0.262581833073 -0.029035750025 
6 0.0508472520193 -0.539497270201 0.70499293332 -0.0114936384656 0.281442622323 
6 0.254875423382 -0.787117368395 0.690475601291 -0.0818648260038 -0.158891519683 
6 0.216420615698 -0.479020062152 0.589452816441 -0.139313755727 0.0796334482507 
6 0.258420176342 -1.12172582478 0.765785517336 0.213409544703 0.329014305939 
6 -0.51365144948 -1.0347936713 0.678068901082 0.107570071439 0.51966115562 
6 0.00838158787408 -0.777328171861 0.621808954589 -0.206049521755 0.148770759304 
6 0.127839803152 -0.674336459995 0.684542363109 0.170727087902 0.329253275159 
6 0.0848437351969 -0.716567895226 0.410497207941 -0.00329982145579 0.0789476165846 
6 0.250093660074 -0.604153042451 0.684604671579 0.215539927191 -0.19092908034 
6 -0.0268005688679 -0.792305780915 0.461536546063 -0.110427137026 0.380673009651 
6 0.205080926162 -0.669606699393 0.540334207425 0.0195465243586 0.455427130231 
6 0.338269737197 -0.757562091584 0.699028570988 -0.0426934326524 0.131654738338 
6 0.182806144181 -0.424915866071 0.146230870039 -0.476263869538 0.388656553884 
6 -0.0870460991767 -1.09633456981 0.209875701819 0.183625811921 0.416577710897 
6 -0.293953524718 -0.696043989764 0.107958011437 0.378422864119 -0.366420359966 
6 0.127379694986 -0.845025769468 0.0636750677606 0.222717082665 0.188169309549 
6 0.201864770356 -0.564126403562 0.585870184751 0.141701677062 0.0723363224831 
6 -0.416248385785 0.635322219304 0.693259194126 -0.464212975116 0.561892562634 
6 0.501323734102 -0.779838851125 0.507222562669 0.142988167193 0.123613307766 
6 0.232696937595 -1.00596151246 0.323072137665 -0.0540383172766 0.0637036473688 
6 0.742465654078 -0.844390542708 0.713487755978 -0.0483066838031 0.109902626896 
6 -0.344481809112 -0.969153840519 0.253008851083 0.250427116551 0.164764855653 
6 -0.205454207482 -0.742296543775 0.933115271895 -0.0612230349114 0.324725238318 
6 -0.161505810268 -0.946186192088 0.734441305751 0.0836489192815 -0.204775516637 
6 -0.26137757923 -0.620402125213 0.444618169318 0.0784748274753 0.310253998194 
6 0.216042633118 -0.884401036168 0.841579648649 -0.0485819999295 0.296670880741 
6 0.113762232328 -0.883605051509 0.47851133867 -0.0759154212008 0.00533797926721 
6 0.592914592899 -0.7248975626 0.693973463405 -0.00747495229902 0.544492685225 
6 0.505907724787 -0.311338936387 0.645972954221 -0.296749574223 0.407311065171 
6 -0.144567730997 -0.882575288717 0.961439018253 0.42202427171 0.347968740711 
6 -0.234545075822 -0.992278459418 0.42838420968 -0.28270068478 -0.325392867907 
6 -0.695439487708 -0.622619801306 1.72912856723 -0.527324095439 0.205152658957 
6 -0.273745334671 -0.932894926964 0.618107126427 -0.218610478749 0.247703520909 
6 -0.180400958874 -0.681367816983 0.185075534382 0.366966631275 0.297707548747 
6 0.33154671355 -0.298004287225 0.569649912704 0.0810682263102 0.0485274622903 
6 0.0988648314463 -0.825401381837 0.566935022225 -0.254224065894 0.236573639205 
6 -0.0519121619376 -0.940054839642 0.353726085486 -0.0913291504271 -0.00809655682665 
6 0.186385501639 -0.409832425072 0.390447392122 -0.113167360928 0.0241633135968 
6 0.0557553473029 -0.665753601733 0.699656383814 -0.0539036401815 0.0432830838665 
6 -0.0689755750311 -0.987526153925 0.737287549136 0.182899964341 -0.0627983142467 
6 0.102754196487 -1.26013022899 0.332941674903 -0.0658686625164 0.335470521195 
6 0.180341623128 -0.88899317609 0.514874574682 0.0397744851749 -0.185083815967 
6 -0.104425759729 -1.03268276224 0.380382960828 -0.0703296667243 0.512556666788 
6 -0.0736821523791 -0.410474190102 0.437758384943 0.103928915343 -0.189580087518 
6 -0.105048919699 -0.50392877603 0.468255264529 -0.405441697788 0.344846819236 
6 0.0135784734427 -0.733127454892 0.164777546087 0.0362005018176 0.640508284113 
6 0.104479219142 -1.05098874926 0.443539058255 0.110578037173 0.13525457246 
6 0.0839065809135 -0.396949807185 0.425254685721 0.0733924006806 0.253453428186 
6 -0.126143325192 -0.616897977583 0.668400297395 0.151205737344 0.24060349261 
6 0.340372239766 -0.729084940288 0.376473949533 0.206452070002 0.120343871078 
6 -0.244517689864 -1.20427506048 0.216840532099 0.219966903734 -0.0427058567041 
6 0.235046126018 -0.54417283169 0.445917212879 0.486731819667 0.452021617894 
6 -0.302869546826 -0.973291721327 0.196098308559 -0.232230216111 0.479260333485 
6 0.0343261184327 -0.705454673263 1.04160679822 0.129852967263 0.277974940614 
6 0.274507582127 -0.556435145221 0.817901355799 -0.160318675539 0.151447774354 
6 0.269286139712 -0.658498712344 0.997611136504 0.363236553388 0.138491839663 
6 0.227636468194 -0.976320980444 0.562612700305 0.0271157440367 0.603254448507 
6 0.443739851231 -0.657566534121 0.533940917412 -0.0948930275905 0.014556087013 
6 -0.0305161961568 -0.633778782726 0.805451714048 -0.297744319761 0.360167595136 
6 0.02759844477 -0.759444619943 0.260441815198 -0.121352741901 0.495860612816 
6 0.186813297743 -0.661581556072 0.266861907951 0.0346170225932 -0.0832652650411 
6 -0.00784868766062 -0.692249425382 0.303842111466 -0.194078485854 -0.025021661501 
6 0.015059573218 -0.828102037895 0.704615138746 0.000585281646163 -0.409798801757 
7 -0.791267996479 0.88162354715 -0.981133178339 -0.600810992338 -0.103876172704 
7 -1.08391279398 0.821086612149 -0.597103324161 -0.513789372285 -0.359809856882 
7 -0.815765785648 0.876985984622 -0.954120655672 -0.535937133953 -0.107045145405 
7 -0.386171454996 0.825288917149 -0.866998943872 -0.410745665538 -0.404002387517 
7 -1.12823721619 0.997379706299 -0.712749424509 -0.636626959864 0.18954498795 
7 -1.1363679022 0.962806725635 -0.853487866315 -0.692535322032 -0.0532387962767 
7 -0.649824137935 0.962284159463 -0.782870308601 -1.05973040004 0.220123423784 
7 -1.00208433823 1.09257498882 -1.46043161523 -0.942806272922 -0.201403233175 
7 -1.04537577089 0.932460285349 -0.690178645496 -0.552375928622 -0.0978861067519 
7 -0.870220021582 1.28840521161 -0.784500634743 -0.837050604265 -0.0695799218521 
7 -1.11666541442 1.04339613511 -0.984331013555 -0.950498335288 -0.428242095571 
7 -0.622927175867 0.667077884173 -0.921715938287 -0.866239463904 -0.089259322201 
7 -1.05261653222 0.704014337267 -0.721558554621 -0.90677994436 -0.111202017723 
7 -0.820449635651 1.13649350472 -0.926642245869 -0.573180125367 0.0920446835401 
7 -1.16469219134 1.23274976311 -0.406140991972 -1.10408122172 -0.108525349127 
7 -1.31246316115 0.977365529752 -0.926197874527 -1.42985554966 0.306055764252 
7 -0.475947032522 1.08192056525 -0.894157369025 -0.687637537001 0.0390862024038 
7 -0.8702413568 1.04148587481 -0.478548200533 -0.595783077805 -0.222361387219 
7 -0.417090034381 1.09380089313 -0.757306587877 -0.84285501939 -0.0709299342763 
7 -1.09723193525 0.606859812719 -0.772725106615 -0.390764114947 -0.276289563104 
7 -1.23544993006 1.17199770463 -0.839356996303 -0.805439296327 -0.156417789249 
7 -0.71068980421 0.60706827285 -0.889740599412 -0.767547181136 -0.421696371878 
7 -1.24469876129 0.713355960775 -0.677998121051 -0.720381659066 -0.309611972836 
7 -0.647721669963 1.0319059248 -0.779383933778 -0.336621435141 0.015896625692 
7 -1.34457620275 1.00014007694 -0.878315009751 -0.544997212445 -0.0543111661408 
7 -1.24130917015 1.13408788172 -0.787306882749 -0.94125547852 0.228087258414 
7 -0.777303452882 0.724354181246 -0.801056734446 -0.834880793004 -0.312791643971 
7 -0.687323663455 0.859388595516 -0.67669358559 -0.201095455012 -0.404717874769 
7 -0.889964387322 1.09579939944 -0.806998423494 -0.948725570838 -0.0612494257095 
7 -0.586163734498 0.742573559448 -0.715245613903 -0.682372687088 0.252701115549 
7 -0.689338488704 1.26667545791 -0.634572888167 -0.979194326041 -0.387004597414 
7 -0.939701184618 0.963016677317 -0.958174475538 -0.436572759953 0.533202330016 
7 -0.776552235676 0.684050655782 -0.931069774102 -0.90066522051 -0.107057907046 
7 -0.353629375273 1.4037761891 -0.879300884551 -0.615486908888 0.101701563528 
7 -0.866614433086 1.90348134533 -1.1276859029 -1.51006097745 -0.102368634567 
7 -0.572282740129 1.01841780437 -1.00507249452 -0.539915685014 -0.197952927547 
7 -1.18761080851 1.16841354878 -1.69255528542 -0.740378396841 0.579386436394 
7 -0.945024000462 0.740647222904 -0.652167059183 -0.541889962599 0.174008131726 
7 -1.25532611775 1.06012186631 -0.947037974301 -0.277313646128 -0.0908757148978 
7 -1.33357579362 1.27672163532 -0.648104788358 -0.805650394536 0.0919295786344 
7 -0.738302448788 0.419795770508 -0.508939126406 -1.00336715075 -0.140912994835 
7 -0.952340069074 1.00998676503 -0.975020711528 -0.856773134736 0.168303487931 
7 -0.794021393745 0.966574909551 -0.617892380841 -0.765970898852 -0.144132686769 
7 -0.508620196987 0.681680778589 -0.896815547734 -1.16781180403 0.226375158927 
7 -1.26194387995 1.1603607869 -1.03218533936 -0.960571417214 -0.223974456565 
7 -0.983592826776 1.22791315483 -0.945376200343 -0.953562429396 0.0158964580617 
7 -0.605308467647 1.28665665171 -1.13254427248 -0.607989577609 -0.200588653804 
7 -1.29679210951 0.944820878921 -0.877803642293 -0.90245936808 -0.229109771721 
7 -0.730412905738 1.45740551072 -0.696370345622 -0.725363907672 0.0770931380262 
7 -1.03373160654 1.01365611649 -1.00372428074 -0.642985131532 -0.367809137296 
7 -0.875646918907 0.675209301224 -0.677575957339 -0.519500431208 0.0471886744988 
7 -0.532908535249 0.883466918759 -0.866613054659 -1.15174611923 -0.107886266656 
7 -1.00864067419 0.944513381832 -0.750774717545 -0.587563378095 0.0982551615528 
7 -0.597512618742 0.818253564191 -0.971825012474 -1.0338042786 -0.0862729566497 
7 -0.812762935735 1.11903769693 -0.327515128891 -1.01470454261 -0.436548642269 
7 -0.723410838345 0.976978461903 -0.925316988621 -0.938244841733 0.155055648323 
7 -0.954220237597 1.22298869661 -0.462663090681 -0.763140803616 0.0122007366156 
8 0.19900529599 -0.21231053007 0.492315805334 0.438569587086 0.452542571467 
8 0.777569681801 -0.218987359561 -0.230909307396 0.389652788938 0.810016875648 
8 0.668755595886 -0.337142942071 -0.16115643177 -0.252133210883 0.636863901666 
8 0.618248715687 -0.283902377549 0.558391659177 0.491100373841 0.62408984753 
8 0.789784262165 -0.403508514795 0.361974642324 0.210270723408 0.671725192978 
8 0.742718270535 -0.241603895462 0.131572294339 0.226449387291 0.11734946666 
8 0.806149407576 -0.0179391412964 -0.0739437400327 0.104987775328 0.36412931805 
8 0.59306344939 -0.164194225484 -0.233438097567 0.232906044035 0.72996555302 
8 0.597540338646 -0.264086083953 -0.206100600737 0.486852849797 0.32013775426 
8 0.54077188849 -0.34883426766 -0.103293341782 0.0553568681557 0.551468311969 
8 0.181609083199 -0.965380575236 -0.0705193587135 -0.0259481164081 0.628118884053 
8 0.709859804819 -0.466224730743 0.159200350302 0.292504814842 0.439913433223 
8 0.554632781283 -0.374344100758 0.0594534056391 0.0501947485769 0.230609329986 
8 1.24913156603 -0.324848327 -0.152133286196 0.261815311474 0.556379935813 
8 0.200129596326 -0.551411548794 0.476425635927 0.36908275783 0.481892915293 
8 0.573616723483 -0.223960678558 -0.36331710146 0.338732058065 0.788487547394 
8 0.598482544947 -1.08495360403 0.0196023289055 0.554326550749 0.103975949207 
8 0.258519081472 -0.467132228573 -0.172194813199 0.0789366492541 0.491631488983 
8 0.74784531074 -0.741602843214 0.144161461371 0.115059864499 0.39351438266 
8 0.766186984397 -0.213756259476 -0.179457874222 0.0668474766782 0.734699894314 
8 0.192580649251 -0.3456914496 -0.0960903375986 0.369252516982 0.421498356246 
8 0.407430595619 -0.571847897472 0.0867065703679 -0.136798957574 0.650927375659 
8 0.689973930217 -0.262326928415 0.173984381883 0.203286136779 0.697759305046 
8 0.583111018496 -0.657019415446 -0.0194468612955 -0.251977274087 0.15326152004 
8 0.664321873396 0.065373710394 0.147022069417 0.395686507897 0.311330487004 
8 0.694935447749 -0.305261041881 0.137062539208 -0.0977347226364 0.516166955418 
8 0.777036361017 -0.601902805872 -0.0805268890802 0.528895591957 0.59259513134 
8 0.48880085409 -0.233222504794 -0.0235943784871 0.216305015342 0.333157474021 
8 0.53025143878 0.0209043184294 -0.0266346326058 0.674746907798 0.396213448007 
8 0.880931926645 -0.026931571475 -0.0714049790968 0.215412841007 0.28607757483 
8 0.705068894108 -0.397597873565 0.208307983166 0.0272700191679 0.2625620773 
8 0.451506396452 -0.231463076202 -0.107615286557 -0.210078819639 0.533199109724 
8 0.895360101594 -0.159841940243 0.0244012603824 0.300544134939 0.307532875857 
8 0.525402322472 -0.605052740118 -0.0508074661069 0.220719921679 0.362446906788 
8 0.487684861784 -0.52803030597 -0.0793817278427 0.172407178835 -0.092464601625 
8 0.545669625244 -0.568156295194 0.0841992066928 0.0454924986116 0.550541673826 
8 0.530036541633 -0.632679974264 -0.138177597257 0.433995350212 0.45728144779 
8 0.431845965333 -0.0739480919339 -0.104402897563 -0.307719528303 0.275111292345 
8 0.5312063348 -0.188382338376 -0.15687057129 -0.258373796876 0.356282787426 
8 0.461943404349 -0.153865647166 -0.0724004103619 0.293610627606 0.712044265864 
8 0.429226754929 -0.149138821542 0.380480014078 0.295373156499 0.399458048563 
8 0.409757516502 -0.530243187492 0.199936924261 0.10680795607 0.271826879858 
8 0.749020768459 -0.384186638884 0.0426067837737 0.190175070467 0.865895886942 
8 1.07732859861 -0.376982532302 -0.0583137029503 0.212642993293 0.322895064239 
8 0.785611429909 -0.150884857271 0.111548699881 0.323338089508 0.615406220711 
8 0.550920477939 -0.285006563551 0.166480747346 -0.205993460482 0.643433824355 
8 0.395468116178 -0.0430876133376 0.246581603543 0.120618927313 0.413984280817 
8 0.904505260234 -0.339786197837 0.3007167013 0.0300781510702 0.439500399058 
8 0.18630792973 -0.257855852298 0.378266705422 0.254459428159 0.400988576038 
8 0.415817294576 -0.169844374612 -0.0943131607667 0.200199536123 0.389344454533 
8 0.683728332879 -0.251261867719 0.346729476647 0.352784280638 0.50925821727 
8 0.608683620773 -0.214122852602 0.00516310771968 0.328940291402 0.561700912773 
8 0.687584960663 -0.46633384986 0.357999933991 0.457964316981 0.511260574666 
8 0.561353909532 0.0252184490719 0.252721056235 0.440795034819 0.29298472356 
8 0.425970857453 -0.159991036988 -0.101555729241 -0.102689266429 0.415783642515 
8 0.555602848568 -0.292055279718 -0.1454414976 0.672164263571 0.294118900297 
8 0.197889235126 -0.306787528565 -0.0229601328795 0.257287737305 0.251267801223 
8 0.702260616946 -0.137909853047 0.265541298616 0.252262786275 0.417437743928 
8 0.228898734362 -0.211766103171 0.048643190624 -0.176028348938 0.12294544279 
8 0.324392690133 -0.104774574761 -0.0935378769969 0.0352719663993 0.745207095833 
8 0.526937176816 -0.147250293443 -0.222436913409 0.122154758341 0.345201451828 
8 0.684558447662 -0.793396613004 -0.0657942647933 0.177679680682 0.59241480059 
8 0.597854486336 -0.226561641222 0.375168603153 0.203970842106 0.434519401855 
8 0.436849234363 -0.570467616215 0.106794510579 0.162636455277 0.597770593289 
8 0.469470547989 -0.0350440555917 0.0298862938199 0.392630686277 0.07826272278 
9 0.32636102505 -0.612286830022 0.822437118547 -0.307250198973 -0.494127300846 
9 -0.345301787293 -0.489487582926 0.714747922979 -0.180817791203 -0.0998943210722 
9 -0.435418824086 -0.255199877321 0.789691811305 0.259121047768 -0.0583257599524 
9 -0.197800741209 -0.446133382447 1.04103870592 -0.156478582153 -0.644817114636 
9 0.0317326612214 -0.493158781585 0.807262547996 -0.261382123516 -0.321973138736 
9 -0.215972721026 -0.0708237305092 1.2194416223 0.285060202795 -0.277015004446 
9 0.176384657142 -0.42632877473 0.802007815843 -0.0755801537765 0.164470614161 
9 0.309633009278 -0.330998894648 0.935809969433 -0.203030895002 -0.677818685442 
9 0.169888263502 -0.464287389247 0.781257827669 -0.512490654333 -0.218033639961 
9 -0.131396867567 -0.669585603551 1.09541810296 -0.168911342292 -0.585113752485 
9 0.0076192029688 -0.481274194901 0.994357239579 -0.551988403902 -0.385191798804 
9 -0.184976610491 -0.204366811091 0.39898078285 -0.547010461054 -0.814158377324 
9 0.0484486194442 -1.04188457157 0.786606441706 -0.1871316711 -0.344258817963 
9 -0.359938252802 -0.520691695995 0.94877516315 -0.465202664876 -0.226885148983 
9 0.130565340856 -0.0931293121019 1.02802999601 -0.582027803793 -0.47940783739 
9 0.0898359169606 -0.270638960526 0.831616633966 -0.278360235525 -0.116005545545 
9 0.389469403261 -0.283107332456 0.995556478199 -0.106026013644 -0.369564306299 
9 0.00934081618792 -0.510411905861 0.851424395085 -0.332234692439 0.212480352884 
9 -0.239459623784 -0.304102177925 0.882952761346 -0.328868434409 -0.329777151074 
9 0.438793601487 -0.540049169008 0.495317731089 0.00350921930528 -0.533957561373 
9 -0.0497152425106 -0.400694614179 0.896439241228 -0.70241790502 -0.395292876699 
9 0.0962139526723 -0.449884159544 1.1126810635 -0.530094168553 -0.456178946796 
9 0.00327166410887 -0.229141524749 0.993926264656 -0.609182021425 -0.296630365944 
9 -0.142735391547 -0.63583808869 0.80430884513 -0.418677671935 -0.407669477343 
9 -0.0634221292912 -0.461132801085 0.989517757861 -0.201383553123 -0.355668985166 
9 -0.0647081451477 -1.33464082478 0.602657549834 -0.404943545248 -0.825780282698 
9 -0.0540786098069 -0.731523291852 0.638224032095 -0.158305451476 -0.236538575314 
9 -0.242926733239 -0.880762451013 0.885628460562 -0.607337157082 -0.322173032725 
9 -0.184752473969 -0.584307007252 0.888997634344 -0.243645933384 -0.238564877525 
9 0.110428557461 -0.624869584845 0.651890130658 0.0710650144251 -0.270325480847 
9 0.183088302495 -0.812153305732 0.917132409554 -0.341462819188 -0.701677748718 
9 -0.430201670137 -0.190511458401 0.462587161881 -0.359635842514 -0.577846480742 
9 -0.0392201154119 -0.315896270154 1.17549184901 -0.204168442918 -0.26768333111 
9 0.539355200147 -0.995246118656 1.06067125674 -0.199645395615 -0.46289248746 
9 0.482928238453 -0.426708790264 0.271819986869 -0.573503128323 -0.0419725548203 
9 0.30212853419 -0.470475794404 0.417397026638 0.119116329023 -0.177996832488 
9 0.163089468567 -0.355859444097 1.03258057864 -0.0619653010268 -0.789263070419 
9 0.0150494129254 -0.41796790387 0.87525277743 -0.116519254838 -0.175842793713 
9 0.209920625354 -0.400264830217 1.29371179284 -0.0934069444888 -0.5082736091 
9 0.0916961531346 -0.781458787695 1.433621782 -0.425197071479 -0.307976663159 
9 0.0434092956144 -0.367533165656 1.01440214705 0.127761507108 -0.397022818879 
9 -0.72494931715 -0.00459133811888 0.456467138076 0.218057653536 -0.848049334359 
9 0.332937733689 -0.607322496304 0.914272503502 -0.0235769417377 -0.343960189223 
9 0.373678377187 -0.403252480621 1.04109646814 -0.0928077114317 -0.411434625404 
9 0.565882531264 -0.599687782999 0.502356215705 0.211807338779 -0.607518495217 
9 0.144852369392 -0.561561011692 1.0006578402 -0.56096186182 -0.54310403907 
9 -0.247380225529 -0.589334044702 0.985653095122 -0.111731904241 -0.552357113253 
9 0.264835449647 -0.87996284027 0.268457414366 -0.343585037659 -0.0676043289569 
9 -0.299276759022 -0.581303996151 1.01663450724 -0.244238757123 -0.790761792603 
9 0.198667447068 -0.642398264709 0.883685175302 -0.526987782935 -0.335224229367 
9 0.0276763488624 -0.388426623994 0.743305908581 -0.334137802302 -0.32557946064 
9 -0.0421892294371 -0.426022584823 0.275388004382 -0.368700608669 -0.9303900526 
9 0.0866297612105 -0.521164594609 0.657379088376 0.055356027768 -0.488158062046 
9 0.0943621101737 -0.396591292849 1.02978615793 -0.518940100816 -0.371773590441 
9 0.281235790149 -0.306654740094 0.647160961864 -0.571108871849 -0.472108226217 
9 -0.132487704523 -0.472248066142 1.42337998341 -0.288163061126 -0.513691394028 
9 0.143574220279 -0.462712115148 0.643414877838 -0.268976281755 -0.510879501846 
9 -0.473541694668 -0.253262820077 0.49735077526 -0.26601265427 -0.807752790239 
9 0.202380299028 -1.18464244787 1.1546347636 -0.221272113045 -0.45825831064 
9 0.217489993931 -0.457372831289 0.975207472715 -0.607687619489 -0.198673526029 
9 -0.137074675863 -0.0595238423097 0.750855359736 -0.0112370115405 -0.599127799087 
9 -0.27068922408 -0.310912008238 0.825538954685 -0.0407203714692 -0.175388755632 
9 -0.0183647744856 -0.404911522658 0.769546412245 -0.183390714625 -0.245383346771 
9 0.0852472009598 -0.6081708325 1.07643192581 -0.348600035635 -0.18726758072 
9 -0.13574784034 -0.702831988239 0.699186420603 -0.549337481483 0.191731722778 
9 0.378045254409 -0.329472293548 1.37525998508 -0.702102307227 -0.283153646973 
9 -0.402113164395 -0.977869341278 0.726722875906 -0.459454383239 -0.205467405908 
9 -0.098230756671 -0.17032183854 1.19285663582 -0.451140747372 -0.505853719879 
9 0.107015761075 -0.365582538739 0.529496104034 -0.151798629041 -0.0124145034315 
9 0.122269211437 -0.0526868400816 0.963679177078 -0.0943034140172 -0.490036813677 
9 0.405103146903 -0.745462633374 0.901742732013 -0.3663284549 -0.544234917314 
9 0.031771545756 -0.63591044677 1.15715212994 -0.474225832797 -0.0932844673368 
9 -0.0440313030394 -0.325135440806 1.15170163848 -0.0293502982607 -0.0701957921075 
9 -0.0916449033715 -0.237445090689 0.872188364004 -0.484971676461 -0.520528314376 
9 -0.0404954887155 -0.482702530214 0.791860617947 -0.30226000713 -0.194525923413 
9 -0.165561738273 -0.63636834825 1.00242260538 -0.37956669427 -0.230926621709 
9 -0.0266931639534 -0.310304821384 0.701912518595 -0.0447915396602 -0.566551302641 
9 -0.0520708467616 -0.60787218331 0.993827169504 -0.317568905565 -0.077958335344 
9 -0.108138745337 -0.490239861046 0.85104416349 -0.0144768458166 -0.257478195681 
9 -0.131404350003 -0.237652195669 1.03057755446 -0.0769315805017 -0.710033563878 
9 0.0871341514752 -0.348296510067 0.855571409038 0.297910634248 -0.258805383128 
9 -0.0687226109886 -0.334105703713 1.22978791065 -0.178386608208 -0.477279846822 
9 0.0870441508088 0.0781179423339 0.886021526792 -0.717459924135 -0.0218101538683 
9 -0.166895152767 -0.363234999387 0.649187191755 -0.227417297272 -0.351417012512 
9 0.381634824558 -0.524704506591 1.06162232059 0.0408676730449 -0.359032288423 
9 0.100712147092 -0.489289487455 0.999450984611 -0.461777315362 -0.224428150773 
9 -0.010685162918 -0.594153187656 0.573255685299 -0.131084335421 -0.241262522536 
9 -0.209506470053 -0.541896156375 0.750258766913 -0.464480299383 -0.365193056846 
9 0.117367143367 -0.748834010763 1.03630047803 -0.233743150201 -0.257324015808 
9 -0.0896653648854 -0.914943572678 1.06611205642 -0.382728705178 -0.099661400791 
9 -0.165883392874 -0.409143958775 0.712558742689 -0.298465150138 -0.319283336911 
9 0.183682239359 -0.666225840495 0.637370072422 -0.0411784861481 -0.112083938584 
9 0.0670838558127 -0.435894714026 0.656063305134 -0.0521622315217 -0.284992638118 
9 0.138363496111 -0.620147238525 1.13947882843 -0.291705045174 -0.0682134767952 
9 -0.178228342052 -0.229939049968 1.29593996044 -0.203144197287 -0.328089507624 
9 -0.0461413160304 -0.521349160103 0.966666763994 -0.172028347134 -0.0689145387036 
