0 0.82880917808 -0.287912569583 -0.86023735179 -0.436961750477 -0.717124657627 0.507053706874 0.909667147215 
0 0.529099360276 -1.28611217531 -0.46369941495 -0.669771684374 -0.624430256407 0.453156608557 1.06146736292 
0 1.04268613331 -0.31567797785 -0.846024375801 -0.752895284621 -0.320417171959 0.590814652825 0.991761948629 
0 0.685948691478 -0.595053128885 -0.491487609008 -0.675937421898 -0.965711905327 -0.196239124284 1.01286987976 
0 0.662348927733 -0.818845219979 -0.656331052708 -0.831822479008 -0.514332765319 -0.0153228213131 0.236333116878 
0 0.533363218747 -0.49123336939 -0.497544073075 -0.641755110825 -0.645975629207 0.0276552380322 1.05145696099 
0 0.873800988158 -0.714969506326 -0.355981220613 -0.80275904127 -0.724955103305 -0.0867930394413 0.736584470929 
0 0.892334871491 -0.666811964572 -0.201672549905 -0.477377988595 -0.979232239534 0.157952946458 0.723577645234 
0 0.767908310783 -0.344680706267 -0.415736662793 -0.504597067182 -0.567701299349 -0.241891657524 1.09963870539 
0 0.771116894137 -1.03859698486 -0.762632014368 -0.379763405929 -0.838405768627 -0.0777170318576 1.13063162533 
0 0.63521979162 -0.636428569213 -0.274498432072 -0.479900209503 -0.634054051157 0.225219876186 0.766619241628 
0 0.203640144082 -0.574439139581 -0.326618336287 -0.531449322147 -1.06458361022 0.325475632523 1.01358446663 
0 0.544246927906 -1.03646937967 -0.505890093143 -0.629637698862 -1.05143666517 -0.0668689459353 0.922163313126 
0 0.847252567415 -0.530015719551 -0.571109137255 -0.399433117188 -0.76557245516 0.0341509821652 0.889823417879 
0 0.587412133753 -0.962329363085 -0.863074262753 -0.798417772061 -1.64222318923 0.161398091803 1.19074454253 
0 0.632927074357 -0.66393482541 -0.408685649806 -0.973775846384 -0.842210505246 0.0631540804065 0.292159316412 
0 0.932040631323 -0.166376320706 -0.851863454666 -0.524033437281 -0.644755540083 0.354978541425 1.59837464349 
0 0.580168564354 -1.11739840288 -0.306164993747 -0.533883508242 -0.838156432028 -0.061706887204 0.649675811101 
0 0.655546204158 -0.633958372265 -0.569601261329 0.0868833180051 -0.910540651384 0.495895127004 0.757578776774 
1 -0.0767749049374 0.0537733619309 -0.559295027899 -0.589505630516 0.158639956374 -0.0727001635732 -0.22807753212 
1 0.434769483383 0.0211383177082 0.299471021472 -0.571248040432 -0.352669560397 0.53802503572 0.0855495661318 
1 -0.269571928952 0.386552584165 -1.1435429144 -0.177272552352 0.119977119259 -0.210281670905 -0.129160836313 
1 -0.0221468031624 0.627064348372 -0.584347366726 -0.256833723325 -0.177023380301 -0.0838772916657 0.461282745744 
1 0.365626862442 0.442451686602 -0.926962436923 -0.476662181478 0.109095568327 -0.105364750959 0.0725294517108 
1 -0.512764258941 0.129388443005 -0.725296194202 -0.423471569735 0.0788240488839 -0.503403482064 -0.240685216943 
1 -0.190310273151 0.458437944094 -0.873822083345 -0.30739725112 -0.242421665541 -0.0148934252606 0.173347415361 
1 -0.062719667532 0.317349287084 -1.12071805873 -0.30216459532 -0.303483263901 -0.85148124798 -0.0902006307461 
1 0.0608101298991 0.130177384739 -1.08623904245 -0.134219311645 0.378764910602 0.107531354622 -0.0648824067614 
1 -0.448278293174 0.548469466307 -0.98452051829 -0.197101011287 -0.549139033313 -0.535271384573 -0.241197907069 
1 -0.240781675973 0.144040429494 -1.05089163754 -0.514663442223 0.0930715347595 -0.429976388396 -0.0145885974901 
1 -0.454603095761 0.217396427277 -1.12041948625 0.0877490192277 -0.20904847417 -0.490818489894 -0.0774343873123 
1 -0.0968669970701 0.00768574392832 -0.530389494874 -0.67394590437 0.00689592864394 -0.690409210159 0.60807901553 
1 -0.0460128920491 -0.228947195876 -1.00787803291 -0.568095152228 -0.107027304836 0.0445748818415 0.0655467833637 
2 1.02667818219 0.578913137921 1.25679742926 0.704667352853 0.207530401306 -0.880725113077 0.177881728057 
2 0.455727550491 0.897355296478 0.892197265513 1.35165162453 0.32281504066 -0.705154520627 -0.00400481010979 
2 0.727568647888 0.83772562183 1.08101454951 1.33727826617 0.667760368553 -0.788570342811 0.488695255745 
2 0.975069588842 0.686172582215 0.768302234273 0.851933351796 0.673354362357 -0.707286273209 0.201577603247 
2 0.901386159297 0.797127510951 1.53627810497 1.02297770264 0.676268560958 -0.441956518487 0.193195414471 
2 0.506447487963 1.12858000783 1.30391894427 0.655739673724 0.479214521925 -0.625056116878 0.225514025636 
2 0.271388087132 1.51597932937 0.946409062878 0.892278357697 0.734220436574 -0.889168474006 0.316882774482 
2 0.526414502886 0.578853272619 1.08375908024 0.878512988526 0.806881068442 -0.791536714973 -0.0700025983243 
2 0.456813049137 1.17980242811 0.801172534338 0.75621659851 0.783955745323 -0.445052582972 0.20456384482 
2 0.729737922834 0.899259320483 1.00446873293 1.0739593947 0.201427761255 -0.48562391037 0.111984116259 
3 -0.452934674968 -1.39764322714 -0.343186362818 0.669458011834 0.275934193935 -0.711616537944 0.0850801821836 
3 -0.715006164277 0.215497916333 -0.79991928936 1.10776960386 0.464374731739 -0.672139666228 -0.032322959259 
3 -0.550816718804 -0.793303697726 -0.447112055414 0.49759875493 0.451163992227 -0.879523473814 -0.0148480197825 
3 -0.573204922829 -0.953006834448 -0.0659216644801 0.449988268398 0.320644423154 -0.82873927143 -0.595131960366 
3 -0.89704837199 -1.35674882128 -0.181879089494 0.379918684539 0.177007297955 -0.677406096178 0.0633205326453 
3 -1.03657025307 -0.940025268048 -0.417527708349 0.709130547053 0.759665568035 -0.576824215779 0.0327568054072 
3 -0.651814237023 -1.2554239233 -0.252561541699 0.502508001606 0.579460237843 -1.04512254372 0.453474796433 
3 -0.609782097882 -1.09697255935 0.0709924761886 0.78975904646 0.552752409846 -0.620024874144 -0.167678764173 
3 -0.601945248437 -1.25886699217 -0.524313220051 0.806925330049 0.148552259127 -0.691008796915 0.28714477546 
3 -0.53602827698 -0.822389539341 0.0793337031081 0.54495473945 0.340394946369 -0.447320779876 -0.0258261946172 
4 -0.689231653946 -0.950003035288 -0.271284083135 0.261835724991 -0.590658695251 0.879459907693 0.113987363292 
4 -0.989302296161 -0.786990338458 -0.125969787587 0.230700428131 -1.05485717569 0.929352911184 0.154412235606 
4 -0.924937044165 -1.02578531612 -0.35277951397 0.614304377323 -0.594255442717 1.05417830063 0.129883465212 
4 -0.787272321596 -1.11431719751 -0.574970173878 0.329038659348 -0.752070958995 1.46353057085 -0.141802664905 
4 -0.825306098797 -0.918160451448 -0.380243429931 0.485426925313 -0.701815368538 0.822243647028 -0.170985760381 
4 -0.942490554459 -1.16035909615 -0.283291176702 0.582896064873 -0.985099658658 0.826954098359 -0.17035442267 
4 -0.866688003345 -0.918530746194 0.016516215494 0.8079714722 -0.711713404699 0.877150132384 0.14700983451 
5 -0.694147369441 -0.241826532936 -0.436974419085 -0.00219432360412 -0.0625721992266 0.403660384458 -0.25380996867 
5 -1.15389709135 -0.808685727557 0.0490005569774 0.512379445557 -0.119441260989 0.473550929613 -0.152912737817 
5 -0.736495021528 -0.272709483275 -0.317741342672 0.130511923343 -0.228728119764 0.122045937651 -0.218175069196 
5 -1.24761586578 0.0965562257408 -0.194279044435 0.115292719508 -0.384347094842 0.762469074034 -0.339930948313 
5 -1.05577559132 -0.730575487277 -0.458638342404 0.250036564353 0.0328648339786 0.43839258805 -0.0832979119927 
5 -1.03448096439 -0.147276319408 -0.285082765706 0.0276636161357 0.0553553290823 0.458591726933 -0.179668569841 
5 -1.17137886259 -0.601118560062 -0.329081139581 -0.0422353686068 0.404593093486 0.659942822132 -0.0926511800277 
5 -0.708500645321 -0.137859843096 -0.517978517197 0.453767873972 0.140311043787 0.29489807226 -0.155158391762 
5 -1.14640195731 -0.18527632214 -0.034551810327 0.522000871818 -0.0178384912264 0.565945595156 -0.25256579071 
5 -1.14519669725 -0.42769273207 -0.333601242346 0.358696236349 0.062757604171 0.123180613997 -0.547916028681 
5 -0.960599910829 -0.473870893161 -0.168291087115 0.332417175627 0.0804015959003 0.347871457774 -0.306704717474 
5 -1.01743685857 -0.191648721471 -0.101208811839 0.444106681515 0.0403168838259 0.621656753165 -0.227194290677 
5 -0.899068491049 -0.492662192597 -0.0848435663928 0.677465835576 0.302830176346 0.790979199682 -0.0387838339049 
5 -0.516539422044 -0.559570973002 -0.58123626791 0.200087501112 0.16524259683 0.51076293033 -0.165341839516 
5 -1.2451668568 -0.513014143002 -0.0614300987367 0.353392308501 0.148910401592 0.707867570654 -0.412394349228 
5 -1.05870279942 -0.177363449106 -0.0619631865336 0.473194646746 -0.0250096431836 0.694527830213 -0.797317387401 
6 -0.57476249336 0.691360556963 -0.953905524847 -0.337957506757 -0.461254577037 -0.504983759954 0.29745510996 
6 -0.542765209183 0.671067711795 -1.04872929968 -0.665925323261 -0.816670964871 0.0345423233937 -0.143318642661 
6 -1.1225105161 0.556329184267 -0.846379141187 -0.358957596545 -0.38232137512 -0.497642907958 0.185480611346 
6 -0.726938422488 1.03780890023 -1.02449614863 -0.67899952031 0.172014264979 -0.242131097262 0.253591936692 
6 -0.596026657532 0.947534411266 -1.21571100817 -0.333702443273 -0.782040656169 -0.444299542892 0.216810431628 
7 -0.995694894195 0.835658350569 -0.681973223649 -0.683146490121 0.459230798328 0.851163980109 -0.753330424848 
7 -0.86127216891 0.864775884622 -0.952493699091 -0.209938496167 0.50924371248 0.417808742231 -0.519664924501 
7 -0.866946057487 0.599890435729 -0.82227664378 -0.910612145104 0.700316082549 0.766532281543 -0.55072940334 
7 -0.89523791076 1.09208224559 -0.96878659543 -0.92303718161 0.516489342599 0.629118300887 -0.0901181637365 
7 -1.22711020492 0.964100618341 -0.890687778105 -0.831254704 0.485701248865 1.24159117313 -0.135608379829 
7 -1.09148534985 0.845413077911 -0.579256862824 -0.736460565356 0.521591663703 0.41977571958 -0.400560964634 
7 -1.88384743694 0.567637263695 -0.526727759717 -1.13034192099 0.0462021932249 0.65416673177 -0.119379368597 
7 -1.04334426487 1.03656077359 -0.835016935424 -0.719579519065 0.407510765277 0.34667974195 -0.266285807687 
7 -0.670908959589 0.891905054273 -1.00586611856 -0.247437403951 0.44911879295 0.591202833997 -0.388179571633 
7 -0.644942464405 0.990962525469 -0.725385475801 -0.281905206594 0.637129560909 0.664102855448 -0.47136455344 
7 -1.08616433196 0.876010788428 -1.29607058292 -0.704229535672 -0.466687263833 1.15425489856 -1.09094003575 
7 -0.853648385943 0.503148114353 -1.09333738613 -0.226738264537 0.269942384538 0.969026508145 -0.903526725036 
7 -0.550267005758 0.684444884321 -0.714016468781 -0.688633097385 0.718038761104 0.670752980976 -1.04487521791 
7 -0.930844594089 0.680329378005 -1.13683942368 -0.323663041918 0.637732768071 0.413788092894 -0.374044197575 
7 -0.827650375636 1.08203879441 -0.999058605658 -0.529522994808 0.323166752854 0.601118799862 -0.413438783139 
7 -1.28682588763 0.279335268558 -0.217543609941 -0.35374451692 1.05705034695 0.927454849534 -0.502025869969 
8 0.49243096634 0.60240199839 -0.00482505974225 -0.816998526791 -0.0716699504668 0.205144732832 -0.581833076879 
8 0.328907333782 0.725595990611 0.14829898013 -0.261797933698 0.254153940707 0.124459273668 -0.890902663132 
8 0.162158294873 0.469084781392 0.487479200251 -0.580825928991 0.0584555608518 0.22603211106 -0.862083701947 
8 0.401551203921 0.680441092348 0.241232420982 -0.429183558488 -0.209819296632 0.234649678643 -0.859159418255 
8 -0.105685625711 0.594995121079 -0.0497176749889 -0.489027438684 -0.34198778481 0.309134915284 -1.08172291468 
8 -0.0578733689971 0.383379678788 -0.307400973154 -0.607278714279 0.0886233795748 0.135517799339 -1.24208744462 
9 -0.526149981885 1.40445264244 -0.873592947915 1.0632414969 -0.829317246892 0.536433574621 0.47187974473 
9 -0.621884934674 0.932850697483 -0.622780465101 0.89486665175 -0.838544971078 0.722891546778 -0.0271252945888 
9 -0.429246834235 0.680664502013 -1.09087968945 0.783913435701 -0.845399998597 0.632052579554 0.714676248838 
9 -0.720082029386 2.31896027506 -0.794160048469 1.52461420621 -0.197613912941 0.56971453612 -0.433634142832 
9 -0.341670871144 0.877668880549 -0.969019417855 1.23231764431 -0.688763916867 0.286672454104 0.309184718601 
9 -0.738567632053 1.47643319059 -0.909994892767 0.807655585011 -0.847532250782 0.363246605154 0.304582341794 
9 -0.577112735573 0.966542810465 -0.674507314973 1.06491702033 -0.831660211421 0.725089067684 0.307963056264 
9 -0.568300502362 0.782719021822 -1.01367854428 1.07355318017 -0.473551114035 0.639176807383 0.591607348681 
10 0.692326890835 -0.11389522032 0.0311777096037 -0.594304974956 0.581995806563 0.00744687402779 0.261643800997 
10 0.510707393989 0.505947855862 0.88442418302 -0.651082939695 0.416747259506 -0.078419711261 0.511603905595 
10 0.256409477344 0.182719032358 0.445638345968 -1.11250723661 0.485335086725 0.107579870302 0.472692845507 
10 0.361688569586 0.156137381033 0.620124856276 -0.48797248442 0.381861725168 0.208953994604 0.283002239246 
10 0.0288864955166 0.290374403302 0.341887656759 -0.556412223585 0.784815357213 0.282890895278 0.404210047392 
10 0.355051605296 0.312484928104 -0.24588749713 -1.17697140975 1.20061007045 0.726259995998 0.168639467053 
10 0.838201599745 -0.017832161897 0.251830445618 -0.759715039301 1.11571954127 0.0208381024319 0.726394423132 
10 0.24884683173 0.199943827567 0.317640176677 -0.969146001167 0.986708015849 -0.0125099282177 0.0599776195632 
10 0.306595614687 0.480318182095 0.759196619649 -0.845323984005 0.734752768676 0.262615418481 0.386072935681 
10 0.579528535678 0.236444893555 0.719198822913 -0.598811707429 0.335737248592 -0.0392517244124 0.408029580519 
10 0.525932476008 0.2764945808 0.307235161324 -0.770050099292 0.516296960445 -0.0842674826887 0.657996868661 
10 0.555462798286 0.293344686017 0.120425350303 -0.782739845365 0.460506137607 -0.294748925012 0.125389942744 
10 0.316226016501 -0.045237833698 0.10054167769 -0.526574935411 1.09000728289 -0.125960745159 0.410583720256 
10 0.615035521435 0.403385515811 -0.081185585863 -0.480173035676 0.311225224333 -0.167403490733 0.365144425588 
10 0.600915872122 0.522914594724 0.528475574036 -0.434721199939 0.622747948717 0.0668644414042 0.135927394544 
10 0.649496713897 0.529733416554 0.382383391229 -1.04423442925 0.563420236671 -0.222874957079 0.324640749894 
10 0.287034636602 0.191890913257 0.746715472547 -0.506499453326 0.778232015712 -0.233865123254 0.291628357834 
11 -0.457323539297 0.732002702075 0.0488677286876 -0.530302961066 0.585279907329 -0.140358014175 0.697103509603 
11 -0.577633312127 0.260250083964 0.450165286055 0.133505604643 0.802960823965 0.143182334431 0.503458653474 
11 -0.686341551499 0.666362628766 0.307490048549 0.00538851123282 0.349905260392 0.0595201142387 0.821539576388 
11 -0.961546681135 0.13224140296 0.577446612359 -0.336351686464 0.762648623281 -0.420766472111 0.37630901989 
11 -0.673617843626 0.596010572094 0.329175014111 -0.148735413636 0.96145936999 0.106105495547 0.556271490357 
11 -0.618637415304 1.03291325861 0.201089023156 -0.568072874116 0.303556045318 -0.271361783356 0.0741673834117 
12 -0.838739046831 0.548443576759 -0.0386697428019 0.585107265849 0.1886728841 0.164119400013 0.353936060252 
12 -0.521369729175 0.237593751936 -0.336801110328 0.456683239483 0.0851978683026 -0.342149322267 0.833801469665 
12 -0.490872765346 0.752007269093 0.135381184487 1.08813180128 0.108438836462 -0.306068473392 0.593216197844 
12 -0.351713912864 0.931431963532 0.245491508623 0.686397318248 0.633374175529 -0.107828674141 0.275200249484 
12 0.0164097161503 0.885290663809 -0.343952271464 1.07069604999 0.302527721401 -0.136696061526 0.606891878517 
12 -0.692857103639 0.915549023147 -0.592027802195 0.265184121188 0.270622701053 -0.045767404159 0.875551905155 
12 -0.167976636141 0.284782826513 -0.147192971529 0.593690506411 0.280173756771 -0.484882048834 0.315966448565 
12 -0.482195067921 0.540160664854 -0.111934897712 0.435318980669 0.647040528728 -0.489001588683 0.65729938973 
12 0.0758692714622 0.649133440512 0.0712497164692 0.419480037534 0.373544184047 -0.00116157462467 0.864675005447 
12 -0.0368031139415 0.153021050409 0.309767353585 0.823109248659 0.111216999991 0.0223188108332 0.680978869225 
12 -0.139043248874 0.463558611807 0.0491999222213 0.915617138304 0.13202306424 -0.387583128557 0.244645328041 
12 -0.733131078848 0.66415580206 -0.161441207143 0.816221862823 0.460230077968 0.0630593635028 0.914798546109 
12 -0.0806369271317 0.44131104967 -0.179127113089 0.905508546106 0.571775807116 0.35899449932 0.554960895189 
12 -0.649698488759 0.402449537133 -0.0279808627261 0.547929007836 0.492771303736 0.040545653384 0.387888541475 
13 0.589698546954 -0.935117007324 0.44638121589 -0.819909023114 -0.375100636289 0.398557154408 0.624301107234 
13 0.830807655813 -1.22689262676 0.386980550565 -0.853309801807 -0.457770386593 -0.027828283374 0.749935656671 
13 0.641368684829 -1.03436218327 0.330355184703 -0.471048842393 -0.857387799893 -0.160273272529 0.774990403803 
14 0.406466800291 -0.0101523987404 -0.663548455969 0.300344346642 -0.0344789872824 -0.502554527028 0.793163759104 
15 -0.52844001064 0.0381687118268 -0.0871855696584 0.159753937675 -0.252381877762 0.468101533382 0.709521896354 
15 -0.955901216859 -0.373404924517 0.29612300479 0.0846197253764 -0.502254288228 0.271255912706 0.845674049139 
16 0.654296775214 -0.399412208171 0.650346405366 0.479365659091 0.354694247607 0.387111340133 -0.328790013864 
16 0.462218245229 -0.661397035212 0.60996708309 0.382471314124 0.500440698966 0.464363051388 -0.168968501655 
16 0.212321481304 -0.709111440137 0.737029508256 0.100573554392 0.316402264433 0.522856660584 -0.485252080977 
16 0.886249688571 -0.715297198106 0.473741643067 0.630071751511 -0.153232014124 0.0858337757098 -0.109883093738 
16 1.00986352624 0.182022992112 0.285258536058 1.45834033508 -0.449840880523 0.209332372206 -0.683903211398 
17 -0.631547756191 0.578034049794 0.433127290367 0.994693081423 0.294871394945 -0.861890207405 -0.465822216811 
17 -0.14042716727 0.357720474583 0.403916756837 0.905416804093 0.268288591428 -0.765790250123 -0.17359356117 
17 -0.387792017336 0.445761052588 0.547568818872 0.651285570494 0.326963326868 -1.18028693155 -0.195489462419 
17 -0.521041733876 0.587192747946 0.380338404235 0.982966080304 -0.11513975976 -1.01274183634 -0.775300758216 
17 -0.485092625877 0.173149289829 0.585515044775 0.848175488848 -0.141054870775 -0.754044085766 -0.301718868055 
17 -0.0419392214843 0.490135036034 1.02694635427 0.768994298015 0.0442711645353 -1.02998175066 0.140246752785 
17 -0.102158186372 0.573340913123 0.675524420702 0.849741099011 0.310822944591 -1.10769530788 -0.355145834803 
17 -0.185064569464 0.603963235791 0.838083497292 0.566036715377 0.0792062058209 -1.34148435099 -0.368911642224 
17 0.461070337559 0.47473675957 1.4775435789 0.398313216039 0.35706379083 -1.15812775714 0.0505680920297 
17 -0.154619004034 0.696390214031 0.743813144967 0.89282195916 0.653968122 -0.968203178937 -0.517320441151 
17 -0.0765914048073 0.670872634113 0.432024988889 1.0204135573 0.5213866461 -0.793167005601 -0.492496538668 
17 -0.200824214523 0.288125263981 0.568711343566 1.20171592496 0.106933947863 -1.06656643279 -0.273712732881 
18 -0.0174405678323 -0.680804042991 1.0102552797 -0.574896577357 0.909808781084 -0.527994290744 -0.339512428549 
18 0.269367413809 -0.647270652598 0.69482084128 -0.504064716796 0.467694273299 -0.0189638888825 -0.550757536755 
18 0.259213895242 -1.04376191541 1.36573535953 -0.0361013039128 0.227238154854 -0.485022736182 -0.744966878637 
18 0.33419536913 -0.950112623724 1.1608034725 -0.348327748269 0.0399587284539 -0.435113922958 -1.04818793977 
18 0.410904603626 -0.916798275605 1.37051655961 -0.156839001035 0.517942434119 -0.670171864944 -0.799869818619 
18 -0.383674402064 -0.743393494233 0.736934623877 -0.591066176231 0.130803195797 -0.562881536313 -0.807556436165 
18 0.195335419963 -0.553923921952 1.27849549182 -0.47598091712 0.607154972973 -0.563158485623 -0.67552481522 
18 0.219319305935 -0.565593218486 0.937966020043 -0.703119716795 0.833557879101 -0.287644561075 -0.637879438789 
19 -0.647945496333 -1.28734669781 0.00503833673088 1.08389763495 -1.03887843604 -0.229156470503 0.696147073366 
19 -0.938956906116 -0.423183621924 -0.0372312360837 0.474240361944 -0.974917625575 0.12576283741 1.43256102733 
19 -0.877847361174 -1.11846234137 -0.10263790544 0.399231271539 -1.00892753612 -0.400982861672 0.843511216591 
19 -1.03819751362 -1.24985217018 -0.0582862625063 0.552712679456 -0.501747192647 -0.373432538785 1.17177933257 
19 -1.02459836044 -0.495374915798 0.0297975248319 0.621940183196 -0.617392889822 -0.617074204899 1.00664961173 
19 0.284526592591 -0.452466887008 0.300414780227 -0.280087427418 -1.00957528574 -0.68058001176 1.70233929292 
19 -0.736771680248 -0.389911040922 -0.524562475208 0.700980403167 -0.70449533168 -0.2654028615 1.11957149048 
19 -0.308552309858 -0.930737420664 -0.376833925108 0.0626477174898 -0.709678579147 -0.466323029505 1.15753050523 
20 -0.27211226417 0.035109940864 0.177789405741 -0.181444944734 0.416731396105 -0.233726540702 -1.51916133734 
21 -0.639851780793 0.346142195104 -0.849905434815 0.370689667052 0.454892091292 -0.816572723456 -0.790200264062 
21 -0.32651721672 0.596366469908 -0.399243717732 0.546332027839 0.193257119181 -0.853262013647 -0.90547804614 
21 -0.523159298101 0.150591755288 -0.492341057333 0.86534363446 -0.0871438044193 -0.687679273958 -0.373583416079 
21 -0.775173334255 0.678821159071 -0.318400932428 0.91171637024 0.00224859879985 -0.799934383999 -0.98377539117 
21 -0.475234259153 -0.100659560121 -0.562972342096 0.859680786767 -0.166205517913 -0.801062405421 -0.546738731357 
21 -0.796333018441 0.236135033608 -0.950058195739 0.618232999827 -0.0880279062782 -0.387756802725 -0.698554590161 
21 -0.411949128731 0.284933731456 -0.28152720531 0.258682058873 -0.0873096638846 -0.956860934822 -0.310888147311 
21 -0.00977358073701 0.303909530651 -0.254101947963 0.687407421204 -0.270646569889 -0.596441947774 -0.509028490134 
22 -0.301197220085 0.968022615958 0.0586308889036 -0.384750894701 -0.0966891798845 0.750541758306 -0.567380841092 
22 -0.51209139379 1.32973619302 0.0183517664684 -0.634796428816 0.428714072979 1.00348006108 -0.787901415802 
22 -0.546259108782 0.686805896594 -0.00267405788172 -0.222085270047 0.411393074407 1.09175694377 -0.682181548733 
22 -0.181265419467 1.09513819588 0.198233309036 -0.510827323637 -0.121324601828 1.22582995627 -0.526631640079 
22 -0.169907049272 1.43553213077 0.129423834654 -0.22830332153 0.666941236619 0.898345641796 -0.607476090554 
22 -0.609216806022 0.691165353759 0.6083782038 -0.746846604479 0.0214260492368 0.630261498642 -0.654051968327 
22 0.00363061508637 0.933792164137 0.41865662304 -0.625300505205 -0.0191144535888 0.899944560887 -0.669942622614 
22 0.107308803293 1.10299417993 0.0790861115831 -0.0921491770309 0.241073078014 0.703796491164 -0.18489208713 
22 -0.213148195942 0.911406608848 0.233026571771 -0.742794064465 0.443738707908 0.64648132502 -0.932586167918 
22 -0.230296273168 0.764007043523 0.211163521755 0.17747907599 0.345950422507 0.803502570038 -0.713001615233 
22 -0.514086178923 1.17814700945 0.312967367605 -0.949722016949 0.126255723288 0.791715573679 -0.642570268756 
23 -1.08364029712 -0.704358386413 -0.0111537279483 0.330100822954 -0.027476601579 -0.336282342885 0.0442848854621 
23 -0.609404028569 -0.633441638308 0.236802582432 -0.0952559724049 0.262287144732 0.283352131069 0.246757444664 
23 -0.931448859589 -0.502345262766 0.186450040381 0.273944854056 -0.436264149585 0.271598733174 0.323351489632 
23 -1.16699459885 -0.916288846509 0.588033392348 0.32230512897 0.00662387506419 0.0180984682754 0.524361644219 
24 -0.807691752749 0.86514111998 0.640537624035 -0.249833219964 0.117688863759 -1.27288594761 0.293578367037 
24 -0.5975624639 1.0178450264 0.95896698685 -0.176928878772 -0.158248872222 -1.13338299681 0.323643888174 
24 -0.660611689853 0.806954246408 0.754930486553 -0.714081411786 0.0120938265729 -0.670421737289 0.438219470771 
24 -0.873846586432 0.784616842406 0.961723566541 -0.256670329084 -0.0499596204147 -0.618401711413 0.459898697055 
24 -0.835449466808 0.79395234951 0.764146777729 -0.810822453111 -0.034345649289 -0.818521859277 0.0372578209086 
24 -0.606379440876 1.04782607179 0.742875083679 -0.218347529223 0.564873447504 -1.0608923306 0.133408070783 
24 -0.678513176353 1.13836975413 0.706727167549 -0.375232414591 -0.148439614338 -1.1016131741 0.151782701872 
24 -0.785116066894 0.547878769265 0.77758506557 -0.483503306027 0.247994208785 -0.774608419092 0.256826861534 
24 -0.519508988885 0.841405903653 0.405362342567 -0.521027639266 0.564903878779 -0.920622698251 0.57884836292 
24 -0.601215910373 0.834188270189 0.3010921551 -0.32195545966 0.00561092792094 -1.55342791 0.385321797361 
25 0.988521309079 0.665900586954 0.968073472395 0.159646607974 -0.821580524833 -0.861836014191 -0.479878238655 
25 0.940319878802 0.846428920405 0.847788264473 0.171411378872 -1.39881334046 -0.677689222773 -1.06159878902 
25 0.56094743683 0.63739190227 0.860953453382 0.0768740362414 -0.799931745135 -0.867805425158 -0.884065880087 
25 1.15658840292 0.554983483306 0.274453992724 -0.195968247833 -1.11277576237 -1.11129150031 -0.435390046945 
25 0.814984422108 0.577681971858 0.644711145537 0.244453152915 -0.471298961848 -0.740231704072 -0.663957100147 
25 1.16571361003 0.677230766343 0.984507327289 0.612961750258 -0.913969611558 -0.781957426038 -0.810150614418 
25 1.19265451921 0.704543313976 0.951847263421 -0.0106019533409 -0.724315805013 -0.647400258629 -1.05152228885 
26 0.735174634485 0.215079712848 0.0198536858759 -0.208798283309 -0.12915786989 0.14743127929 -0.83494676717 
26 0.138166819296 -0.10188520679 -0.259147695741 -0.170781695394 -0.0686735110405 0.347030443736 -0.986946809298 
26 0.578290849823 -0.282007610142 -0.0351195262299 -0.442096970597 -0.345191298765 0.780002456792 -0.660514974443 
27 0.719023922995 -0.744156787438 -0.467355197898 -0.728285436551 1.12819572259 0.141432946321 -0.913964448446 
27 0.749740195883 -1.19177638754 -0.521576096511 -0.511135443564 1.02520415356 0.212330995433 -0.686943199464 
28 -1.08509559498 0.709037151398 0.0296873465499 0.639335662244 -0.68286762633 -0.149486770933 -0.245703585481 
28 -1.07675345608 0.90012357826 0.112463776327 0.737897167262 -0.60434653159 -0.208352146495 -0.57985973608 
28 -0.967689253729 0.296862363358 0.282655291688 0.478398479441 -0.973221543013 -0.111746898591 -0.298552492211 
28 -1.06483372899 0.520605314889 0.411963469433 0.522409229582 -1.11148155283 -0.229681743134 0.0174381811627 
29 0.388396189721 0.84802195683 -0.477164143586 -0.699718128407 -0.467776791839 -0.552156049085 0.191365952863 
29 0.0420111538925 0.758620247667 -0.681552251279 -0.576809393223 -0.263935450092 -0.668844651759 0.2433873332 
29 0.423365794977 1.38727213947 -0.283357850136 -0.947718996295 -0.110669827105 -0.473300470607 0.478791065809 
29 0.0149097821937 0.647536076395 -0.891717334959 -0.4937811329 -0.442298590669 -0.187910895555 0.786820648481 
29 -0.0510950262363 1.02417994059 -0.353434745359 -0.29912027934 -0.328674576847 -0.395921374147 0.0565162689507 
29 0.353115236283 0.650909014271 -0.365800818689 -0.145283358282 -0.0486237044958 -0.506727231473 0.310696534941 
29 0.179450642364 0.70160279506 -0.867359815091 -0.460760182216 -0.627672711718 -0.818892887213 0.575360316019 
29 -0.0879238496464 1.47777737144 -0.513392246952 -0.681863841519 -0.377699594577 -0.461154484776 0.0770804075125 
30 0.439442060621 1.15825670415 0.632428872721 -0.669074993152 1.47438938907 -0.4095051821 -0.257928151095 
30 0.616813518724 0.388153662001 -0.144588404621 0.219476380073 1.08851024278 0.260882575995 -0.586322259134 
30 0.862142995165 0.502496706152 -0.170848823488 0.248174466105 0.633621990322 0.157945090733 -0.094179851553 
30 0.848853357449 0.123920415024 0.501724922517 0.437605611551 0.635550505584 0.16512232241 0.0288623612353 
30 1.05012893476 0.554376265991 -0.238803274233 0.167537822388 0.514898101918 0.308814860158 -0.574871902454 
30 0.915548580876 0.724490394466 0.151753952845 0.177910083298 1.06442891458 0.144039750701 -0.000365954810034 
30 0.868221764957 0.294553864084 -0.109626106105 0.266822095256 1.14125245029 0.266739183722 -0.359367829692 
30 0.854378826589 0.496028425726 -0.0481527715166 0.266579477588 0.647866377157 0.421754571714 -0.394084131671 
30 0.699613929392 0.426141308306 -0.260501628103 0.014356637238 0.947767890135 0.13952328186 -0.505194359969 
30 0.811431638711 0.0598354549367 -0.31259074367 0.0488588000593 0.837730473908 0.527096591245 -0.252531762832 
30 0.565231472306 0.250284218682 0.360209076685 0.0233139981634 0.785269515265 0.450177182456 -0.586778660214 
30 0.913956624331 0.698992128486 -0.11817370225 0.244745345496 0.675994577538 0.403757689995 -0.289480890464 
30 1.34055439596 0.687680437381 -1.05954480082 -0.415227036218 1.07861424947 0.481641006308 0.157779704442 
30 0.8301474167 0.675953666031 -0.0311583332473 -0.0463721261948 0.928469320169 -0.00193635968745 -0.410587422865 
30 0.671704459598 0.700646889063 -0.223618598002 0.177242758968 0.93826110743 0.292651502336 0.207293919284 
31 -0.960796210374 0.489312799544 -0.441889738027 -0.805010158814 0.597798520753 -0.554416398308 -0.448341505683 
31 -0.582714980773 0.36472040987 -0.693947848001 -1.20780148438 0.47851430976 0.143090449241 -0.364041997781 
31 -0.845648829631 0.562509301148 -0.349075185354 -0.746471803734 0.503875334087 -0.16046013499 -0.624674969129 
32 0.384165479541 0.641679715642 0.528908001057 0.972190234034 -1.04270877831 0.294412319151 -0.470844254658 
33 -0.911761338586 -0.075634021013 0.714530080154 -0.519998546248 -0.828548394804 0.527492932951 -0.719045179074 
33 -0.55573684072 0.0906991781463 0.989280906981 -0.271204403288 -0.895528778433 0.238621598858 -0.818372868904 
33 -0.944602795664 -0.513806552986 0.813097807938 -0.345897285675 -1.16646725168 0.857053550006 -0.468594034039 
34 -0.293007106949 -0.945320444082 -0.296120463626 0.767426609663 -0.338785660675 -0.570100712351 0.885264620632 
34 -0.0431258922659 -0.817226139121 -0.322198444668 0.757115299818 -0.250501657181 -0.769964932036 0.828438998215 
34 0.460805716935 -1.09712625719 -0.203956646109 0.568824990155 -0.346529332976 -0.757817823949 0.874645107172 
34 -0.295300716094 -1.27850008414 -0.0396212643124 -0.0384057522721 -0.167940702562 -0.693613858848 0.841034909616 
34 -0.274173166504 -0.620503795274 -0.339964301033 0.484526352574 -0.332636876297 -0.663128037727 0.823263682633 
34 -0.0932566908799 -0.792554754185 -0.325389447586 0.596007914445 -0.202727686215 -0.235713207746 0.901684044677 
34 -0.132055305112 -1.04160425933 -0.434485797793 0.382964533497 -0.409458214759 -0.779374000993 0.520636536737 
34 -0.164361429958 -1.33729596881 -0.536279026494 0.451436829184 -0.362144287512 -0.631217625264 0.954509001571 
34 0.114237212858 -1.38781750871 -0.244498217193 0.423228143343 0.136049355765 -0.577410667097 0.997893574748 
35 -0.418670138888 -0.600248823435 -0.636542390147 0.493904566708 0.016073093306 0.262330083868 -0.426844607203 
35 -0.078626904224 -0.453134865267 -0.713639734847 0.110090305597 -0.0353391733981 -0.154534438404 -0.642717450681 
35 -0.16469828785 -0.507469380406 -1.07397511469 0.443397581924 -0.133263685302 0.00451415788911 -0.8881771815 
35 -0.664933544928 -0.454372266376 -0.228247032159 0.102887952249 0.0252512020903 0.170788692483 -0.338088614186 
35 -0.276629997706 -0.547773524755 -0.735366694083 0.0913878120757 0.01761115001 0.145684890932 -0.868216092308 
35 -0.26787009066 -0.44328770698 -0.611133357746 0.52902213848 -0.363779970592 -0.0535224731903 -0.704546623334 
35 -0.129878054413 -0.44873589334 -0.458869493772 0.379630421589 -0.0416027846889 -0.103793241734 -0.470969802422 
35 -0.0535255231552 -0.435883562279 -0.403696800228 0.706891124217 -0.213379003599 0.0398844326019 -0.660271858055 
35 -0.109204602746 -0.220492019259 -0.517866205111 0.206580408958 0.219765723667 0.337998187835 -0.320657516669 
35 0.197226862665 -0.561076713994 -0.504418431206 0.644998414752 -0.0438746989265 0.0648516295563 -0.666968909418 
35 -0.126179805575 -0.0390745745634 -0.689464564871 0.455934633465 -0.0728348647344 0.227205606643 -0.761094941427 
35 0.0245842147121 -0.374951007888 -0.953615954194 0.331985246932 -0.371619214456 0.64042447905 -0.677980318791 
35 -0.203788741405 -0.563056788594 -0.568603334599 0.299737648262 0.109232842566 0.387904167937 -0.757324893084 
35 0.310709919576 -0.502377354017 -0.764365139667 0.266743429889 -0.545512516565 0.0900516825726 -0.499843160377 
36 1.01872389377 0.170237602334 0.177789911398 -1.11903517158 0.4564594599 0.700530640074 0.643610689729 
36 0.649410779862 0.471990336192 -0.377556778825 -0.671491091373 -0.39420838934 0.901312907905 0.705646140791 
36 0.786228147643 0.434280741242 -0.0899511086677 -1.47398858789 -0.517894072745 0.922123258714 0.597919044638 
36 0.714041482088 0.325187483347 0.468921745938 -0.758030120828 -0.0697007356468 0.386316528904 0.633065350456 
36 0.407561420019 0.681832867927 0.271142480313 -1.00939309055 -0.0699560400337 0.56522723417 0.348708230477 
36 0.457701077856 0.584704052584 0.25780683525 -0.961726869728 -0.39326154491 0.12119778955 0.374820303349 
36 0.719660648764 0.264978316303 -0.499857840635 -1.20418399264 -0.115022617926 0.516147424328 0.158817066027 
36 0.44203989643 0.495869408687 -0.248246909831 -0.88811145708 0.223720801244 0.594422438569 0.39997907275 
36 0.871165781999 0.384732493686 0.0818282312581 -1.04667164261 -0.181886606738 0.390416120384 0.318242250763 
36 0.539241656287 0.274992347743 -0.0844091619855 -0.943540216745 -0.0228941324347 0.56546196709 0.989985203765 
36 0.602207805418 0.465184504543 0.0172112121588 -0.749130810231 -0.165362121333 0.774916379101 0.91734428148 
36 0.0820345739481 0.28167350262 -0.0589566139051 -0.839389189498 -0.16484764852 0.403730208393 0.480835321338 
37 0.186537212689 -0.64640317162 -0.140608683497 0.269030288661 -1.12956860148 -0.406682347365 0.735225184959 
37 -0.451142342661 -0.780423702391 -0.449363084498 0.0637644733534 -0.615480634447 -0.69253846221 0.949352741876 
37 -0.350213454178 -0.642927074198 -0.457682376494 -0.000883488424551 -0.869169790859 -0.927606333069 0.889841528695 
37 -0.233849430774 -0.552751419138 0.109144833356 0.173981669702 -0.521096396294 -0.670148197873 0.983762413607 
37 0.0707612693091 -0.35489651915 0.343584020543 -0.36854818031 -0.986499151269 -0.42753334684 1.45976751628 
37 -0.43942830731 -0.700010877617 -0.0160241647929 0.229134397407 -1.10401478821 -0.954704061058 0.89624172119 
37 -0.548207026755 -0.624356965139 -0.149997756663 -0.0661658111531 -0.690845201273 -1.04073956796 1.67006650761 
37 -0.155676455787 -0.628724469477 0.163215920902 1.02392524556 -0.621940986329 -0.950991230343 0.548331303686 
37 0.165368983904 -0.516612094003 -0.0618202030676 0.169488171742 -0.671042921023 -0.674170341594 0.810039118328 
37 -0.333391112976 -0.990441282211 -0.164307776186 0.575979413021 -0.680271792977 -0.949857487089 0.768391081506 
37 -0.348701606675 -0.996387814434 -0.165317044887 0.141257977223 -1.1067917291 -0.355332024857 0.811338642481 
38 -1.48386533619 -0.662705386475 -1.05894800031 -0.638802201814 -0.608471372032 -0.0141025445741 0.00901034583602 
38 -0.904984763181 -0.595320110251 -1.23850462348 -0.754885994442 -0.709191356476 0.089657451609 0.343673534508 
38 0.143449492116 -0.479487604739 0.0366914145634 -0.900679672232 -0.959651153021 0.0107179923467 0.330766500003 
38 -0.951113524917 -0.873602139728 -1.05331131867 -0.970068739209 -1.00911208731 0.503690106223 0.371747898456 
38 -0.813212883375 -0.465434038517 -0.553210060106 -0.549645824584 -0.727895411335 -0.353317708988 0.170494398131 
38 -1.17622064021 -0.575590810183 -0.607329282148 -0.859340577827 -0.981999974017 -0.102297632811 0.229471680284 
38 -1.23128326736 -0.397892581317 -0.829516592262 -0.826791469152 -1.01426288132 0.500202175178 0.0228113157039 
38 -0.441529270275 -0.768401034185 -0.326993610783 -0.671835261892 -1.74673593677 -0.34882676645 0.70016814182 
39 0.390295502689 0.752861814917 0.017612043811 -0.625354199225 -0.0671808764011 0.56574502974 0.0921023004273 
39 0.391629085377 0.522462485102 -0.0927142131575 -0.868373436589 0.100571196883 0.583087904217 -0.0577129669 
39 0.238270256934 0.689803768261 -0.404698939713 -1.06049091692 0.107884849712 0.360073778792 0.0248561692715 
39 -0.264506085671 0.625154845395 0.353960463796 -0.832692132092 0.230948534026 0.351009447747 -0.451494667867 
39 0.199177536381 0.789926519061 -0.0940120176811 -0.955057391985 0.228910692131 0.980472938591 0.32519465264 
40 0.553555684637 -0.83936916893 -0.301684029316 -0.964870378422 0.518165504001 -0.311592155924 0.585582950359 
40 0.568879454839 -0.954218151525 0.0352304629217 -1.00142413829 0.083668524704 -1.07350154079 0.442632519109 
40 0.665685923135 -1.0153272815 0.023661301024 -0.919722102241 -0.0959732898366 -0.701333437961 -0.184937753953 
40 0.789074336046 -0.928767477229 0.205911260105 -0.643012503898 0.392122623259 -1.04362501581 0.691114088512 
41 0.0293928225736 0.445651165188 0.133010030625 0.564274259715 0.590413382672 0.368995574042 0.0587980477163 
41 -0.231872894387 0.141920697502 -0.0821551059178 0.511070021092 0.175724961031 0.267450345786 -0.0359077195173 
41 -0.0953033003671 0.13817112152 -0.188770746998 0.313571414407 0.405981144306 0.64379285231 -0.218717940023 
41 -0.051454227877 -0.13185127484 0.178256367526 0.44764629565 0.391751885873 0.84926369299 -0.156845787916 
41 0.112156446242 0.0783027167024 -0.0802970317564 0.742493213329 0.583889945284 -0.0852882001546 0.132054840994 
41 -0.182200799262 0.326923795926 -0.132912279807 0.268081513177 0.0976195033251 0.392421609959 0.0499779689007 
41 -0.199019263156 -0.056107316791 -0.384056434414 0.79124130904 0.417377361715 0.900260764122 -0.419747586602 
41 -0.461159503412 -0.121429350132 0.0302165013476 0.426112293464 0.446164533162 0.442474952047 0.010185547454 
41 -0.0693797029067 0.0771571733182 -0.0104669757402 0.207416554487 0.389728859798 0.7850210407 -0.133767842702 
41 -0.354776536442 0.0889168338957 -0.0413021360084 0.0203161219767 0.022447988457 0.853499420795 0.21259457835 
41 -0.00104978358783 -0.288987842275 0.0951261252057 0.695023718686 0.328353616519 0.631289736897 -0.214773719868 
41 0.0649826259335 0.373629126289 -0.717805608997 0.455738684275 0.444814137402 0.807809171488 0.262970560397 
41 0.0090516801296 0.211484902588 -0.0891912129703 0.586525613421 0.518173470707 0.776605843243 -0.24292805433 
41 -0.230694077661 0.331211521235 -0.359843623076 0.157783304285 0.178118746895 0.965981167378 -0.120866859899 
41 0.0059572272887 0.114684333027 -0.149725398321 0.212139152905 0.312517545722 0.285481814651 -0.237179038573 
42 -0.389491299741 0.936214859364 0.453078216526 0.130932854417 0.807456033083 -0.199037642138 0.00745996018 
42 -0.252745561192 1.06679542628 0.96890256486 0.203775264716 0.581472951429 -0.272089268517 -0.058335876839 
42 -0.0422291138396 1.22217631742 0.540041315711 0.139452331762 0.400141383028 -0.376849617319 -0.280492526588 
43 0.168164880847 0.583393246931 -0.592712272187 0.871758310016 -0.0620564014862 -0.60092350316 0.823897296112 
43 0.20772628593 0.528240120049 -0.7224114474 0.481478246847 0.372943788625 -0.47603942826 0.361227400688 
43 0.0933032657558 0.777927428668 -0.464468987337 1.08735380117 0.540309442835 -0.702437897061 0.383506947735 
43 0.728497579379 0.426313531577 -0.604121902736 0.584909167407 0.389701149606 -0.562119118603 0.240486466931 
43 0.459566101948 0.880802355845 -0.545837922688 0.929160283978 0.194418758121 -0.836385439266 0.4662077367 
43 0.489373562121 0.240518694767 -0.552779464309 0.641120912001 0.34172994129 -0.553242838028 0.614492987982 
43 0.523366914649 0.486827395026 -0.530870892845 1.03914290361 -0.0797325099453 -1.12210884113 1.16060432386 
44 -0.265950858761 -1.08935471441 0.463342343363 -0.491361552663 0.234393562512 -0.590878240613 -0.522423677042 
44 0.113140798416 -0.36072107265 0.841235136902 -0.727780785967 -0.321213519961 -0.239752038854 -0.399022278952 
44 -0.202706960188 -1.25309172755 0.631759600744 -0.392642571398 0.194339110708 -0.802325189044 -0.622891632692 
44 -0.0795870829738 -0.712514982414 0.481216871987 -0.705094885724 -0.195242793127 -0.361084856911 -0.628133567681 
44 -0.0175342683591 -0.7373372881 0.881184002327 -0.699127111299 0.167917599442 -0.0418088258767 -0.575796281456 
44 -0.530757831336 -0.298446750683 0.421487108376 -0.627037919566 -0.135571260602 -0.494783934014 -0.606405608357 
44 -0.196947916748 -0.706412660629 0.619254854365 -0.480749907534 -0.616812355738 -0.398428165389 -0.421911934154 
44 0.0849428661547 -1.17189401244 0.582721793158 -0.605422150334 -0.330853281595 -0.333143576918 -0.125523521459 
44 -0.0220601603576 -0.701462472357 0.369721654897 -0.782683832337 0.110668737566 -0.450298688723 -0.625446310397 
44 -0.535981487978 -0.692937491559 0.891195233604 -0.815003649833 -0.112786691848 -0.500740472113 -0.267016188328 
44 0.0359190205707 -0.625730680355 0.416643572552 -0.634593443521 0.197534348605 -0.427496780584 -0.357645776281 
44 -0.125257297726 -0.531722336125 0.660919056737 -0.454663746395 0.122407840574 -0.293214232275 -0.135795483866 
44 -0.191112696611 -1.13896048161 0.703441587275 -0.501227023975 0.280375342224 -0.441279098257 -0.390726584906 
44 0.261802376368 -0.636715526105 0.963447605744 -0.439276283301 -0.198968873501 -0.352109979113 -0.66788863035 
44 0.04264016487 -0.670152382353 0.677299454521 -0.475237320175 -0.287988400385 -0.161963853672 -0.425624507774 
44 0.298803893939 -1.14074589023 0.724503399619 -0.533442722295 -0.080507121554 -0.364979219824 -0.432872338615 
44 -0.0616786959942 -0.821490354258 0.720047121533 -0.679803878074 -0.122113860154 -0.655118220839 -0.282643543255 
44 0.307171218165 -0.723547627732 -0.0709879320483 -0.793266070507 0.268100931215 -0.326179022005 -0.384228235128 
45 -0.879520271574 -0.709655214514 1.01566913124 1.08717601402 -0.409455215465 0.357298358193 -0.090783269815 
45 -1.0942020394 -0.167414568404 0.691626257967 0.878445774474 0.568553894994 0.83389822856 -0.0384680446255 
45 -0.320170341951 -0.294809699961 1.16326796253 0.836888812152 0.311816277573 0.544705765495 -0.3097300022 
45 -0.998684704321 -0.663887718464 1.22622034756 1.21342139256 -0.406232713479 0.472840301521 0.306605870461 
45 -0.575850984031 -0.322589369796 1.19179491478 1.14399643572 0.00123747420603 0.670569887536 0.0216830746972 
45 -0.366016599463 -0.276730788927 1.16803682779 1.09200956019 -0.00204017943669 0.466982677588 0.327207053164 
45 -0.830575172279 -0.262148330165 1.32810319316 0.434059542799 0.151865398273 0.798506693044 -0.422593831901 
45 -0.698036845943 -0.348158444726 1.13877163276 0.564047645151 -0.38559867859 0.82239269396 0.158710262167 
45 -0.664680091601 -0.348165865778 0.700016784617 0.905172857225 0.123097650591 0.810933513356 0.592983663544 
45 -0.554836456996 -0.922035191867 0.861454798389 0.814074736956 0.232935703774 0.686829157467 -0.146442101641 
45 -0.845295593227 -0.230148076841 1.28803504483 0.67761871577 0.433891630381 0.290967748743 -0.140789307152 
45 -0.672201806083 -0.495609090299 0.887735264493 0.763702762673 0.036367903855 0.450632433118 0.16492932401 
46 0.124749577146 0.624010932635 -0.962811892703 -0.786008490166 0.901375687134 0.0946935140673 0.506905736091 
46 0.417379531286 0.688375720904 -1.0188726125 -0.962444676513 0.734885350094 -0.184601405704 1.22968223863 
46 -0.0143398500851 0.467984586893 -1.07384567535 -0.715372185212 0.641561444381 -0.0642368131518 0.951835218671 
46 0.605972300828 1.25344344312 -1.44602047824 -0.764529556693 1.34254546825 -0.334469506862 1.48121651255 
46 0.0798041468225 0.607775394314 -0.942389382125 -0.916406958935 0.734940319612 0.355136553024 1.05258912272 
46 0.529004217077 0.907505632676 -0.693386356502 -0.666282751807 0.448529177652 -0.122096517825 0.606295336944 
46 0.560886330057 0.753908800079 -0.975785226862 -0.597207782757 0.508386135065 0.127114644211 0.623227756569 
46 0.0961570360013 0.251670149902 -0.722795466152 -0.767785881053 0.507993378567 -0.0602866842525 0.389100049166 
46 -0.102187836171 0.518654348665 -0.927725654859 -0.847379232947 0.833010755929 -0.0254440564363 0.785896146535 
46 0.575802306572 0.443248595392 -0.567904729699 -0.919454316908 0.40617278231 -0.020763179949 0.581704005455 
46 0.214124116436 0.508231020248 -0.905172606354 -0.718419608228 0.68744936989 -0.366298715092 1.04706072745 
46 0.434638087511 0.283253385881 -1.10178363158 -0.746967822526 1.03628384664 -0.120462863971 0.8446426305 
47 -0.673561827035 0.294734538944 0.483652289523 -0.131282991993 0.504188863874 0.0859053537385 0.293196430116 
47 -0.621480641133 0.132837545993 0.564902539913 0.286230874366 0.403546928433 0.265013333434 0.193590499507 
48 0.436022118109 0.122701239022 0.150602488177 -0.191165064284 0.598965084767 -0.00178224225904 0.261987165905 
48 0.318869359968 0.157665626222 0.110985382186 -0.243210284061 0.766965996756 0.438895228261 -0.565875272456 
48 -0.142522619721 -0.0605145557319 0.276446138984 -0.192578955453 0.259247792848 0.306732145795 0.0406367518821 
48 -0.00577937591237 -0.235354966803 0.1545534754 -0.0826254523212 0.680946996611 0.0776765320359 0.0185538871204 
48 -0.0810392170649 -0.525732346135 0.21356605109 -0.190646598015 0.851539008055 0.112482268923 0.201654454701 
48 0.0450252312008 0.131768366663 0.19176434129 -0.299608438725 0.618647850002 0.15911299271 0.0390145474429 
48 0.127317301456 0.0539067698518 0.00962935256724 -0.287088509047 0.575294415167 0.474785776648 0.0601222996288 
48 0.206957474305 -0.331608770393 -0.470477822571 -0.225887548542 0.502637252506 0.258324474538 0.0217753141556 
48 0.278407773789 0.12326875096 -0.0642105765774 -0.25293334265 0.737416130844 0.118735108118 -0.0205887759473 
48 -0.0355053827759 -0.145374889503 0.146353914073 -0.565170626368 0.41067365693 0.237149785421 0.0290839234355 
48 0.299146113602 0.263761746878 0.104518023492 -0.234885024969 1.01828369918 0.570439774466 0.119047951824 
48 0.0600410157768 -0.0690297936413 0.064080725563 0.0876147413294 0.522450457934 -0.228182651288 0.282013640744 
48 0.325069300733 -0.0838884212719 0.180412133958 -0.126497174856 0.929390700289 0.288140845092 0.14312213903 
48 0.17093612636 0.0676258525405 0.469488857512 -0.477172877111 0.888855588389 0.0949569832391 0.324439255015 
48 0.088922102006 0.0195846359411 0.35296244396 -0.0298266495723 0.586939518792 0.433768680161 0.153453963342 
48 0.249055335204 0.00537107662689 0.024539528361 -0.0949256788792 0.659025414042 0.391628609239 -0.0825541184272 
48 0.264435485576 0.252775184506 0.271488976885 -0.352865953711 0.914775282288 0.0284211595513 0.272963666248 
48 0.204203322733 -0.342733221696 -0.00842707949767 -0.340016174323 0.575033097246 0.122532849352 0.266101319921 
49 1.10359859662 0.707717492485 -0.138825363331 -0.237885986522 0.385839417896 0.983309921671 0.713914000869 
49 1.17120379166 0.597544735439 0.0345922864904 -0.790995570833 0.285292012268 1.02412624663 0.339396986488 
49 0.831395160432 0.831635514948 -0.404492591951 -0.526438185473 0.671387867259 0.838143313263 0.499159297495 
49 0.762829701332 1.08041742085 0.0889469136406 -0.492585268259 0.395119374174 0.747249574221 0.0385899372992 
49 0.703283323475 0.696983460914 -0.392288624578 -0.515752864132 0.251763502172 0.838772149065 0.494614906302 
49 0.634475394289 0.970591263989 0.0583057085154 -0.593274881058 0.136271743661 0.827161393818 0.472164018445 
49 1.13821015288 0.961658323385 -0.116314996114 -0.907797551069 0.934742224447 1.04373943492 0.360324116749 
49 0.736796761241 0.754123502874 -0.2577234266 -0.902937749697 0.293933394635 0.986412509825 0.506571361282 
49 1.22992618098 1.09943850295 -0.0473776048445 -0.648067282937 0.288828195994 1.14370552722 0.802732238467 
49 0.55091793733 0.485750015256 -0.436865984661 -0.490788781813 0.277656997218 1.40059319603 0.630208263222 
49 0.731835656274 0.359795988539 -0.370799881886 -0.963521658134 0.502837098149 0.625025811292 0.690818632403 
49 0.772164413519 1.14061403289 -0.659965596984 -0.765459750783 0.244605444793 0.669918002961 0.115984095132 
49 1.03133801506 0.787561283873 -0.31853871851 -0.591946578392 0.832382788285 0.50960065017 0.653870727164 
