0 -0.895877785568 -0.28671177503 -0.396773285652 -0.37435842533 -0.354995615662 -0.0877485534519 0.365566495805 
0 -0.488405651302 0.0611354805358 -0.154914520041 0.244152952885 -0.0334657798954 -0.525787771649 0.813701771962 
0 -0.495933094932 0.00666984160261 -0.120333526423 0.205828090255 0.134089606217 -0.443393773971 0.839250827122 
0 -0.314322231913 0.192704690824 -0.274476393238 -0.27880786174 0.103460530558 -0.59185933416 0.756366211262 
0 -0.996562460749 -0.00923872040672 -0.270733375102 -0.342775446854 -0.253466533282 -0.316148367966 1.03822487988 
0 -0.473150451296 0.127117660953 -0.040237201611 -0.322037803173 -0.108529533252 -0.452458591473 0.541234984171 
0 -0.718975983621 0.0665663095124 -0.361478647456 -0.34490850882 -0.514687527769 -0.717282864878 0.433863474012 
0 -0.899256376781 0.240028848532 -0.59978743377 -0.318629779116 -0.194956897024 -0.283401742936 0.969915109565 
0 -0.674742581764 -0.188755846017 -0.474637634603 -0.62496747938 -0.0936655261371 -0.163047418157 0.460562611911 
0 -1.02476010673 0.0879017386373 -0.266825299112 -0.0975302131624 -0.156174571306 -0.514613064734 0.584478392743 
0 -0.626476778119 0.044783416424 -0.187043247512 -0.321050354407 -0.213249190068 -0.597872066914 0.741334337697 
0 -0.741255687065 -0.0616406889882 -0.145355989024 -0.398957228622 0.0435422797292 -0.519620006758 0.937896905254 
1 0.350454850603 0.494005787544 0.378149128325 -0.504302264127 -0.457024986329 -0.498413856417 0.231121878342 
2 -0.206007809141 -0.489834581804 1.03645950089 -0.574865722023 -0.697098397147 0.151098519647 0.960821097871 
2 -0.728327091387 -0.121712264487 0.978944230392 -0.850964457571 -0.618783119781 0.330765228441 0.317365893952 
2 -0.92541470423 -0.0320475363069 1.16304453223 -0.831939885762 -0.555229668393 0.363887857688 1.04693534614 
2 -0.432443639407 -0.196106989576 0.94400644024 -0.691105493697 -1.07196067396 0.586782214721 0.967197617745 
2 -0.457818094491 0.0409053700964 1.0812835187 -0.790896721624 -0.620033327064 0.45883130592 1.34354152423 
2 -0.629082497745 0.105340597971 1.08358175305 -0.739930816283 -0.639712245303 0.219600351795 0.877662541725 
2 -0.666923799538 0.0140615368447 0.673185868941 -0.98768870391 -0.881175538322 0.113925550535 0.909328313568 
2 -0.418379892273 0.444593609325 0.849755395886 -1.24595075836 -0.849019542201 0.414531299809 1.08632159535 
2 -0.205101460939 0.0489019232079 0.83328172478 -0.872229079486 -1.00987026602 0.297102864409 1.17334765193 
2 -0.388629121423 0.347621825956 0.658019853928 -1.16386240982 -0.782533912175 0.227893179731 0.974993732176 
2 -0.636157465596 -0.164593200076 1.13957945718 -1.205465735 -0.568958598759 0.086281209672 0.695308385159 
2 -0.450277972673 0.144298672614 0.507333693912 -0.34279741664 -0.420016363805 0.336564774775 0.768878285764 
2 -0.157178907479 0.121113197076 0.497812234769 -0.605541030234 -0.711087316006 -0.243137687918 0.969878909686 
3 -0.814736489591 0.423367672314 -0.640782609362 -0.79432945794 0.522069692625 -0.554042080903 -1.3130010713 
3 -0.94288412651 0.0269616223867 -0.393475005134 -1.08113232039 0.0396786190866 -0.311465892676 -0.821857612463 
3 -0.880923676686 0.119879530566 -0.709618493903 -0.985546495134 -0.0864243949354 -0.219063331692 -1.32901550328 
3 -1.05181076042 0.252583567081 -0.612415281787 -0.996003594629 -0.206981645143 -0.610051488533 -0.729848393523 
3 -0.880909084341 0.0454133247486 -0.795006681395 -1.10186256594 -0.0459941208946 -0.68211244979 -0.639831377188 
3 -0.760986048044 0.555157840247 -0.858409186149 -0.621105947653 0.220079580022 -0.380626750038 -0.55133834172 
3 -1.00248100138 0.50046960065 -0.0670291349372 -0.809412842644 -0.00354416410387 -0.611242556119 -1.00552847693 
3 -0.65303356833 0.0604023564403 -0.888078383373 -0.484082824621 0.137658729292 -0.341791777627 -1.17581705293 
3 -1.24884429487 0.047507606195 -0.324449040185 -0.818644267784 -0.323919302791 -0.514164552578 -0.919409881596 
3 -1.13416019666 0.696501694827 -0.178724336147 -0.681596938138 0.235292599673 -0.313283597382 -0.840378586212 
3 -0.913791137844 0.480517215298 -0.87778815468 -1.15125509952 0.219668078608 -0.174737549195 -0.69350436087 
3 -1.20639849932 0.293653878062 -0.581769658 -1.03380294248 -0.0192635894672 -0.253959545454 -0.916699938175 
3 -0.966840088392 0.567482375753 -0.539261552882 -1.03727398985 0.313849171268 0.0306860656703 -0.977442680652 
3 -0.686278839137 0.219742932176 -0.901516267824 -1.18016297511 0.231091649677 -0.442466892635 -0.779191455688 
3 -0.841667496738 0.135200901011 -0.430124196021 -1.1779290919 0.316763223379 -0.118539140982 -1.07062056676 
3 -0.788919033803 0.3924652876 -0.861896420859 -0.924622217482 0.154211125046 -0.502444989196 -0.551791860422 
3 -0.753190589769 0.400657660049 -0.757965512072 -0.942947255736 0.244188653421 -0.708987279999 -0.844626783347 
3 -0.430877464617 0.25543668571 -0.186135542308 -0.899915366958 0.10635491924 -0.411012749981 -1.13031888871 
4 -0.0468671644375 -0.69542894922 -0.20471019182 0.185283749201 1.15827789515 -0.650044996923 0.258003566703 
4 -0.22961009073 -0.634299333142 -0.340223825449 0.429372733221 0.728015097455 -1.13355270516 -0.12061041311 
4 -0.174654514023 -0.467628677345 -0.286253982966 0.909726451534 0.689960616546 -0.934841943662 0.201686990228 
4 0.103839401655 -1.09476373896 -0.496010978023 0.625336796047 0.859790869 -0.235449536857 0.204159729097 
4 -0.123967821849 -1.05313215545 -0.471834489892 0.852448057271 0.59858408121 -0.564163369622 -0.208424299863 
5 0.208613452483 0.3295865202 0.352255056235 -0.582807933113 -0.771510700028 0.224605558323 -0.928134462676 
5 0.129107170675 0.574954666756 0.719509263186 -0.346340889696 -0.486809582985 0.25253406304 -0.662143969226 
5 0.136199998497 0.355658793274 0.626070600834 -0.376395223746 -0.669651968688 0.00244397719935 -0.749103588433 
5 0.333278094003 0.332903072931 0.46674459449 -0.237866611712 -0.577120691548 -0.0641908044128 -1.02425252066 
5 0.20392929238 0.359342341003 0.622501226041 -0.619313807587 -0.254434748129 0.146019889626 -0.97915696905 
5 0.26761170565 0.250599542375 0.252943909549 -0.634015492611 -0.217914985164 0.0581020397135 -0.983595706736 
5 0.888054984572 0.430902709355 0.715393591922 -0.441015137432 -0.618851778829 0.113159832769 -0.498736623333 
5 0.447939643903 0.487505719502 0.610464920046 -0.203737425729 -0.38605573872 -0.0677048215442 -0.846244633673 
5 0.28563106931 0.4259176282 0.299755487152 -0.432105449614 -0.556762606622 -0.217502793289 -0.4899192738 
5 0.713669294162 0.446299135218 0.0739438719207 -0.490263373058 -0.408278194369 -0.175306748086 -0.759672706015 
5 0.189148263088 0.511265880153 0.637245217469 0.0943158548622 -0.412603081188 0.491767436325 -0.452608100288 
5 0.165136833567 0.751866194375 0.459265261477 -0.654152136547 -0.793850968427 0.102961293312 -1.09905854177 
5 0.652678046319 0.553401435155 0.764035320816 -0.615406722711 -0.639259435595 -0.0086199799709 -0.97873474246 
6 -0.874326640276 1.17351089593 -0.83230640689 -0.553465325445 0.245536860635 -0.127200474653 -0.65858766211 
6 -0.702089698193 0.930748550463 -0.528582370504 -0.501868214621 0.00960582438242 0.370840025506 -0.587597687514 
6 -0.483968373059 1.01241178228 -1.17571254442 -1.09753163955 0.957608022029 0.252455568739 -0.472045040238 
7 0.742127583593 -0.433229951642 0.674495369119 0.418605141573 -0.681538074518 -0.119105084813 0.810548281859 
7 0.608704274105 -0.388758698797 0.531898157362 0.132598087134 -0.487429298801 0.244993300302 1.00744640291 
7 0.66377408405 -0.312216528447 0.583306248215 0.560017318329 -0.92108477413 0.293248784464 0.784658081108 
7 1.0550924209 -0.0537454787825 0.209924715967 0.768754239826 -1.11090273191 -0.0144956049864 0.547270855202 
7 0.231073880249 0.0450528820604 0.43784768399 0.139846553019 -0.939541186459 0.474874215246 0.770139208421 
7 0.756516211826 0.0851309909992 -0.138919969589 0.697113569454 -0.821035975351 0.142211711171 0.797176940428 
7 1.02793356942 -0.241871289323 0.414159306121 0.546900720856 -0.845992436983 0.159501891223 0.896143702476 
7 0.4668784141 -0.299088683622 0.858340597889 0.630352132493 -0.61839522963 -0.0886490820431 0.800387325883 
8 -0.924635382279 -0.233972484138 0.286123546674 0.448943066423 -1.0154532719 0.995006533469 -0.585995244124 
8 -0.587006924246 0.11277176105 0.104756155101 0.445228660016 -0.418938980882 0.494479547918 -0.638381435382 
8 -0.646943011183 -0.222249333198 0.115509767197 0.417092339391 -0.555255932383 0.662786959396 -0.933765313888 
8 -0.437612006713 -0.166709649699 0.296218020737 0.543755977368 -1.15651675399 0.431873850067 -0.956101391289 
8 -0.626697808466 -0.103578922773 0.222654752993 0.287046983962 -0.81595214676 0.403634969789 -0.845114542894 
9 -0.549760397769 0.371546661598 -0.18489837405 -0.961515918855 -0.557424164237 -0.789115192136 0.964266158648 
9 -0.475329619479 0.546617477173 -0.448604803557 -0.770978177215 -0.236003253955 -0.610612552027 0.715273179221 
9 -0.841602236648 0.574269697867 0.383039388253 -0.556652009979 -0.307185951923 -1.09150576247 0.685863920739 
9 -0.711266985719 0.918917751038 -0.531787290989 -0.51727754102 -0.247279251557 -1.38355729823 0.350511419132 
9 -0.629200277923 0.667493716624 -0.366614248139 -0.478517264347 -0.364006634665 -1.09381761321 0.355567211532 
9 -0.587809506965 0.250479933853 -0.435680911084 -0.353630457641 -0.401628603446 -0.856700792035 0.876955647236 
9 -0.37243787669 0.807316636457 -0.426871542148 -1.03496392731 -0.176165252311 -0.552434064942 0.716207306651 
9 -0.771108118896 0.628209549191 -0.299371046214 -0.546276369498 -0.0317277866676 -0.605014890406 0.930666151882 
9 -0.800948524346 0.432787700252 -0.798974276082 -0.664090861363 0.106011939275 -0.652424132255 0.445606828475 
9 -0.547410612071 0.245851429282 -0.435437510318 -0.411527936288 0.083108820781 -1.33488601989 0.562580281182 
9 -0.380149190962 0.767784080506 -0.4285125171 -0.531629648944 -0.30660420314 -0.931725765693 0.829463735449 
9 -0.314056874354 0.230635878449 -0.207723144899 -0.466438815427 -0.0461420207908 -1.2949304969 0.837868773954 
9 -0.225067145905 0.516147420934 -0.363102439212 -0.281251073008 -0.233384144488 -1.01554332095 0.800774848285 
9 -0.65146078574 0.470827054421 -0.178907191301 -0.669014219045 -0.371161073005 -0.572686145847 0.615083822363 
9 -0.410376402473 0.563652709927 -0.364905770784 -0.660979700097 -0.312668099085 -0.985872040135 0.945163974739 
9 -0.599611093821 0.451806605809 -0.388349584436 -0.151528096202 -0.0763147406968 -1.22293129587 0.761528430244 
9 -0.425426488731 0.667415650379 -0.536047113465 -0.129507542334 -0.459256625053 -0.976908133845 0.714462829581 
9 -0.367554326327 0.467150849834 -0.388106656412 -0.657804819363 -0.324603924759 -1.32761657579 0.459045272733 
9 -0.281290451801 1.0177866211 -0.591815523038 -0.245670051486 -0.177488664992 -0.747004853324 0.453285814238 
10 -0.0193238680881 1.021552276 1.07723240306 0.789638909889 -0.524112827122 0.334781615921 0.754812724093 
11 -0.0900091580536 -0.815893462241 0.968608984761 0.548088371884 -0.0181621813408 0.48173812269 -0.964290694966 
11 -0.501281832918 -0.732342536421 0.488741414518 0.349188145605 -0.0613313799293 0.795830653464 -1.05301772465 
11 -0.172598167922 -0.572795707808 1.03202071574 0.54789812065 0.339828915557 0.54249548363 -0.843548584843 
11 -0.108309732311 -0.529382388755 0.85714332383 0.164689084596 0.064804466258 0.47827744346 -1.23168127541 
11 -1.03002298106 -0.919764112325 0.913924835703 0.0456686523037 0.124165361421 0.353647998374 -0.920996961799 
11 -0.194245819884 -0.492756280496 0.793071855075 0.452028601478 0.458614399706 0.659455579753 -0.793646299649 
11 -0.321684849619 -0.819609536104 1.03307565317 0.18550657385 0.0492391646668 0.285179225088 -0.594046190333 
11 -0.828676761842 -0.471806989575 0.76277918086 -0.0663558465349 0.573638106205 0.658705478158 -1.02613358546 
11 -0.341673647162 -0.731412320654 0.426739132884 0.521917892422 -0.200897560864 0.184399938255 -1.12030945653 
11 -0.234487307238 -0.289729462926 0.893471242988 0.392997442675 0.285683965052 0.734110610622 -0.980975041943 
12 1.05453789368 0.12910974651 0.0163959037319 -0.107526066065 0.0590256603466 -0.387213505135 -0.255717111596 
12 0.955278747002 0.23012586232 -0.349842397284 -0.454030717146 0.198116703447 -0.340609769182 -0.0265679819349 
12 1.30250725435 0.0274711840688 0.0680687007651 -0.354852258047 0.100853279738 -0.242409329474 -0.448075338073 
12 0.796219133554 0.672370629317 0.210938717963 -0.712330937034 0.392037574407 -0.280932220161 -0.0701603897657 
12 0.649835041397 -0.307038086113 0.0756778261308 -0.615528825849 -0.140777365548 -0.272190241216 -0.173933709321 
12 0.74144200523 -0.000615112308525 -0.0323143610205 -0.283863006125 0.306406830363 -0.0099456892502 0.234224472004 
12 0.91733921952 0.248791807826 -0.247625256231 -0.14700553201 0.142208688382 -0.500172572028 -0.201116019247 
12 0.726613820118 0.0580813843057 0.254964653455 -0.231968643567 -0.281308499638 -0.387348356236 0.0450337911192 
12 0.925916285115 -0.0730150645275 -0.236757505251 -0.566260176334 0.00353662411432 0.150411721004 0.346150436357 
12 1.28855491928 -0.31618743375 0.118395816482 -0.842768666286 0.35363127191 -0.701421247356 -0.000727070554725 
12 0.880477167947 0.485559888969 -0.229906057475 -0.509090041947 -0.116090456633 -0.000867284527002 0.205892676356 
12 0.99325784016 0.228971401183 0.0504696529145 -0.530549686247 -0.0264178042343 -0.526195575929 -0.198435967279 
12 0.8433583999 -0.139991537031 0.2613374543 -0.60356142777 0.170975376261 -0.302192910741 -0.186377253311 
12 0.784636270912 -0.02266120375 -0.0692805994494 -0.51079954386 -0.0134824745755 -0.0630887462443 0.0331155360005 
12 0.93656180439 -0.00104853792717 -0.00501288351524 -0.637581278883 0.449412981132 -0.417438285627 0.0284964861557 
12 0.993888959945 -0.193709768873 0.0463373637384 -0.553731294721 -0.314321448416 -0.150609990148 -0.0771235181768 
12 0.996418066239 0.0488132608448 -0.264447024624 -0.338661167612 -0.174484634474 0.142930169685 -0.278100701873 
12 1.33557179686 0.151927642096 0.0234168109648 -0.130808380777 -0.0330148609016 -0.937049286674 -0.102521767457 
12 0.773987728849 0.3319882547 0.124168621865 0.074823525855 0.261834630457 -0.246806983819 -0.375755382163 
13 -0.104519924369 -0.701546239194 0.0645208689603 0.533565782179 0.788553696863 0.320976277802 0.330957968658 
14 -0.814024897316 1.01409569864 0.569394000582 0.972030538209 -0.556467916924 0.825784186566 -0.202528486193 
14 -0.745606811756 0.821097784877 0.728590499646 0.617358982602 -0.65547525289 1.0482484408 -0.642860289045 
15 0.137000773307 -0.197133162343 -0.580322454819 -0.827846932074 0.0185982937151 0.556373320041 -0.159421019655 
15 0.364150887205 -0.391671587198 0.101899559866 -0.550650322037 -0.274954380312 0.977557269631 -0.00768083510324 
15 0.428430143775 -0.532359046842 -0.393960186251 -0.783640479632 0.185114205474 0.807086661551 0.0758238987794 
15 0.887592700915 -0.638326540498 -0.532071047723 -0.579995672275 0.154650165151 0.901133608734 0.383306586922 
15 0.333664159864 -0.705367529095 -0.560857939691 -0.678053736817 0.358036261199 0.735190575359 -0.629725393122 
15 0.291096856142 -0.2195995605 -0.672233026593 -0.672692316353 0.180950437678 1.07104640325 0.323338809713 
15 0.278312029389 -0.223475656336 -0.629561544349 -0.926215370497 -0.0731291947466 0.602666033769 0.065560204174 
15 0.561305505546 -0.434101162169 -0.2140523154 -1.04343191457 0.169127811884 0.775057937301 0.43673679184 
15 0.165544184601 -1.34332107512 -0.13425376391 -1.04531989774 0.113894413028 0.503327698224 -0.0171514648562 
15 0.84204011601 -0.374225591099 -0.425644401461 -0.589085732926 0.257242282575 0.670792791094 0.183654026882 
15 0.466964719811 0.123625671825 -0.852737934298 -0.494978752393 0.433518872034 1.03989915918 0.136596792609 
15 -0.115086241565 -0.656679453384 -0.652258180038 -0.528399957595 0.234168046658 1.066937924 -0.108955077312 
15 0.665074112885 -0.378160480305 -0.422428002971 -0.498364790442 0.606748936328 0.805972708318 0.384115529442 
16 0.0130060224521 0.422588803036 -0.0979530173037 -0.448170805166 0.739920751652 -0.661765263852 -1.14692644333 
16 0.433982938341 0.986753215677 -0.596964673386 -0.265102696175 0.631600386734 -0.33757504666 -1.2501926869 
16 0.0803283713001 0.940207128566 -0.311419267003 -0.237497003189 0.105709269201 -0.260899782344 -1.12514354234 
16 0.152541182935 0.860094711626 -0.47899164596 0.117565717173 0.484601420457 -0.571000109701 -0.839500544414 
16 0.189573952027 0.896219174218 -0.839330229466 -0.0772710309406 0.277128609427 -0.636915590573 -0.952695097433 
16 -0.00598784305023 1.09182154186 -0.396983388785 0.0357461880997 0.797816897704 -0.041176801174 -1.53459026796 
16 0.315864651336 1.12715300725 -0.128308423204 -0.108049766726 0.50605704791 -0.138554199434 -1.1810658 
16 -0.0462234054926 0.605914270531 -1.01585435536 -0.254563539407 0.528847593215 -0.998175303694 -0.930970116341 
16 -0.207280133072 0.708587566464 -0.631799475135 -0.126768107594 0.575560341246 -0.787703166273 -1.05440709847 
16 0.418698803242 0.506243319756 -0.317647831616 0.12574509651 0.473386563708 -0.643961363159 -0.940591337464 
16 0.42797827633 0.820328507613 -0.545454267352 -0.0661785681188 0.53348252077 -0.0994610370979 -0.82784493083 
16 0.142847769841 0.310086455853 -0.203626352631 0.572240206484 0.218041315711 -0.319046752972 -0.769177102145 
17 0.765847524766 0.57042762056 0.207523765271 -0.484959325661 1.04564710643 0.731363676575 0.0352538932704 
17 0.503033797937 1.10399215783 0.520337645713 -0.298264946293 1.21044129602 0.874985379953 -0.242868230874 
17 0.552267459783 0.352270656822 0.0869772522242 -0.770565973131 0.893755205599 0.645393820702 -0.547309919723 
17 0.40321226119 0.602301789075 0.206197823618 -0.605855665915 0.579982275746 1.08496631015 -0.0913139254952 
17 0.705168749428 0.234728229423 0.304672214487 -0.69379070367 1.13000156033 0.57464154618 -0.434701424868 
17 0.754892115853 0.520342859132 0.311819429103 -0.966865068061 0.761654593334 0.466878689975 -0.618235220966 
17 0.724517539195 0.935536059191 0.177809735001 -0.600079239104 1.00262701362 0.389183492629 -0.413900058721 
17 0.353587794542 0.627545972676 0.174436386202 -0.514735164164 0.79932789359 0.364991347286 -0.666021693654 
18 -0.380897431167 0.757915583802 -1.12326453195 -0.723661920667 -0.363629163297 -0.447737257786 0.812319434717 
18 -0.859629245715 0.730825670289 -0.880953713338 -0.44719307555 0.300957537782 -0.155572734303 0.135296065887 
18 -0.679933589101 0.566168200536 -1.27721957562 -0.961798229964 0.23244483962 -0.260972002679 0.0791598065207 
18 -0.921581041741 0.982488510044 -0.744166717618 -1.13311013452 -0.00710193861862 -0.673385219255 0.339322429189 
18 -0.265476762516 1.41353135723 -1.2268123314 -0.858097229031 0.226134657293 -0.623114961166 0.474824871015 
18 -0.348874507493 1.09084193343 -0.927987709545 -0.92760605785 0.236194719343 -0.838045412188 0.376050579455 
18 -0.485700773474 0.327362175416 -0.859623506925 -0.763674226507 -0.279944535282 -0.652304298439 0.42636820376 
19 0.389524132669 -0.189939556187 -0.157786157357 0.801390408429 -0.173272312957 0.730429606339 0.230876970542 
19 0.698190270553 -0.139423376896 -0.436123805415 0.458223084463 0.243901088917 0.704828002151 0.144737708886 
19 0.727687150796 0.308356963379 -0.599277854812 0.727546456435 0.133591087065 0.967393288294 0.406166545257 
19 0.955568656222 -0.0898981825678 -0.432532928757 0.86541484796 -0.110692526741 0.390386724728 0.324304899913 
19 0.865545608443 -0.0409565375993 -0.0598086562233 0.9470599032 0.135510433153 0.771146414459 0.0812057617938 
19 1.00245719448 0.133003589978 0.0979783927743 0.871992516242 -0.122977840643 0.448963449198 0.311636998493 
19 0.74092979295 0.117404287525 -0.241694710557 0.985252499404 0.34072369652 0.270408008631 0.309186469585 
19 0.912026692999 0.0440237811793 -0.131120414416 0.83091471467 -0.303562312541 0.678573831959 0.392807905014 
19 0.446100706408 0.399512487977 -0.430067706279 0.962373257795 -0.38649729348 0.927116731614 0.475109868422 
19 0.821239832516 0.0151246464298 -0.154859833693 0.376093659315 0.309771284434 -0.0141168623495 0.398157680162 
19 1.09699216486 -0.246861548683 -0.387066919626 0.570792494124 0.266169839489 0.878908980653 0.581044046293 
20 0.113391272215 0.134192993624 0.663550173774 0.871576967309 -0.197506264174 0.722469549544 -0.704913219452 
20 -0.0952218533851 0.229126322561 0.898384578533 0.628590220514 0.0554932872542 0.756547503322 -0.523682778233 
21 0.895943718894 -0.410433421793 -1.01363194532 0.0650496248543 -0.74728847929 -0.336016273444 -0.66857889343 
21 0.508373789841 -0.741651187842 -0.656841672512 0.640374060041 -0.913128361516 -0.630556642613 -1.06981438846 
21 1.00491364821 -0.35183419896 -0.585816470125 0.567410692928 -1.0160905983 -0.388990845538 -1.32860332936 
21 1.14159787624 -0.642856893324 -0.38686351126 0.876503224337 -0.880560308982 -0.437781786138 -0.667960503745 
21 0.870232127528 -0.317582610541 -0.506995671199 0.282484760461 -0.420171930098 -0.695866861787 -1.01323217848 
21 1.05555867069 -0.49182209033 -0.594776217284 0.955338396495 -0.611108921231 -0.627184711917 -1.0883552787 
21 1.13538355405 -0.698615808902 -0.375508762764 0.632871115276 -0.682892355935 -0.61861597532 -0.625173098871 
21 0.920071497687 -0.412727967596 -0.593078502342 0.494569019636 -1.00116419765 -0.64925336307 -0.515602677215 
21 0.553449646832 -1.09992327948 -0.568094087501 0.221088313331 -0.684136493601 -0.554869269592 -0.865208120409 
21 0.64437896758 -0.692760838957 -0.284255852961 0.42010756879 -0.843062113101 -0.633722504944 -0.763089935953 
21 1.14592611077 -0.824810622042 -0.737762697684 0.623265809635 -0.653552444219 -0.373199931264 -0.955987376996 
21 1.01814339543 -0.511673059027 -0.488563438855 0.227973061082 -0.967021408286 -0.701641923784 -1.16091656558 
21 0.865062469229 -0.441073828552 -0.590440720253 0.593980676266 -0.686682999782 -0.606579285952 -0.651404019562 
22 -0.760562357665 0.77874099988 -0.668511887988 -0.818383963219 0.335676910111 -0.415766512996 -0.605056999705 
22 -1.17237667728 0.803038297612 -0.984479756793 -0.0852742375551 0.0951073148909 0.0193418343599 -0.488225035315 
22 -0.985965205084 0.897193976404 -0.35335967669 -0.505758547743 -0.0885670105943 0.195810646352 -0.620198468776 
22 -1.24322212852 0.953590886676 -0.724054687247 -0.797037993237 0.0528331300213 -0.234750337375 -0.356765825892 
22 -1.35827842656 0.86890522014 -0.864506912856 -0.277661550719 0.448155625605 -0.484498062838 -0.325979541227 
22 -1.23944267625 0.910626770214 -0.907336616617 -0.393703904972 0.0315775367299 -0.22764658264 -0.677580171482 
22 -0.507021886165 1.09762222987 -1.04006495782 -0.566870210673 -0.330553060986 0.204504806041 -0.663043153612 
22 -0.799631325532 1.1734510752 -0.842876528886 -0.712958485421 -0.00933831160942 0.0535236796469 -0.6082879677 
22 -0.815478064715 0.381919868435 -0.85998234134 -0.448528517713 0.0148418963619 -0.314319571227 -0.651663034816 
22 -1.02950945112 0.736388158148 -0.836867553142 -0.701205286322 0.194362160275 -0.158889115316 -0.914683693274 
22 -0.830489933974 0.906710151957 -1.01518677559 -0.722739973526 -0.0229864002358 -0.0761283642308 -0.535337314647 
22 -1.14441934288 0.555049318356 -1.36653023012 -0.719287847716 0.0115919311233 0.115886318125 -0.571608492275 
22 -0.694403021367 0.861316747204 -0.696441154903 -0.0985395993162 -0.0692558877545 -0.131480173912 -0.55754811697 
22 -0.951973609531 0.725886245515 -1.19683025114 -0.524258901837 -0.0370863317764 -0.438067073373 -0.782874766648 
22 -0.885628804983 1.16790582845 -1.21991576393 -0.300941652483 -0.0819855892999 -0.0225801545972 -0.454066509551 
23 0.466493499192 -0.0339346458701 0.660275544392 -0.314876066274 0.0952969419772 0.607667695503 -0.0157765543263 
23 0.72666902497 0.108669894172 0.421172770697 -0.353501821595 0.0598975430585 0.23376064638 -0.0491773995911 
23 0.42244413479 -0.428832476887 0.425043079734 -0.0828424736942 0.562008139699 0.890547419011 -0.166127605691 
23 0.491635157568 -0.783898595047 0.542275643166 -0.745769323595 0.258856688231 0.390293263861 0.156582375315 
23 0.18391257322 -0.17149714655 0.157358070365 -0.331096871684 0.971738124674 0.53937963303 -0.0940801555214 
23 0.769998902064 -0.875106516089 0.781726342173 -0.29398928881 0.338369804818 0.254709901504 -0.36996998353 
23 0.576920301999 -1.02670278648 -0.0395313893791 -0.400027750532 0.493872231659 0.533491905044 0.0757741141894 
24 -0.0847921645784 0.537690240563 0.69897307513 -0.32089276273 -0.856522747393 -0.165461910057 0.465333912861 
24 -0.707513428366 0.526526712188 1.09191747653 -0.382568310538 -1.06579547894 0.112086787283 0.809614054537 
24 -0.424062371728 0.693011204099 1.14733112205 0.0410724292422 -0.918640254839 -0.184565457102 0.978235978769 
24 -0.382271483935 0.3684018076 0.860280721395 -0.161985464313 -1.09657131742 0.0412318193368 0.888314848577 
24 -0.594361112311 0.347606640116 0.817518045381 0.361144607257 -0.875156784478 -0.153387728394 1.18869573972 
24 -0.750217616857 0.440148418665 1.1517581918 -0.183369712701 -1.00629042815 -0.0227825189163 0.598888886706 
24 -0.650790570827 0.573557362405 0.998215246183 -0.615167430026 -0.58500604487 0.0369579294715 0.563471706707 
24 -0.596046341659 -0.00806241058113 1.07477953869 -0.413603240995 -0.87832084495 -0.368631548126 0.504673676139 
24 -0.352014162348 0.704924160514 0.927964307255 0.196119042513 -0.795691641013 0.188282951101 0.891927711395 
24 -0.683443108376 0.931384358329 0.967943725166 -0.286495911589 -0.622331673555 -0.00393860318179 0.657174023309 
24 -0.770153094731 0.91474231916 1.05026409666 -0.433680752665 -0.804744794352 -0.527914897232 0.529488289777 
24 -0.656271329822 0.413213204423 1.10537227424 -0.153035056 -0.834144732202 0.179695452031 0.579272633604 
24 -0.189831278967 0.767172108259 0.898907278035 0.238546135989 -0.775955591869 -0.115423181889 0.816429531089 
24 -0.664273186491 0.488209924774 0.812696861192 -0.00770357932898 -1.12129656962 -0.226878636331 0.810923744755 
24 -0.341531358415 0.723319808505 0.357814270276 -0.0431507086069 -0.871017729581 -0.115204552174 0.73212948369 
24 -0.636066867275 0.188004711844 0.811204702227 0.0540579147271 -0.654273497409 -0.0380044786646 0.357864457083 
24 -0.375432818587 0.802092229751 0.976053080865 -0.463393087935 -0.99260883029 0.0972465593128 0.603036865565 
24 -0.79907275717 0.497807381177 0.881126479362 -0.499596258266 -0.666561355514 -0.581540690489 0.692922243359 
24 -0.498566536556 0.577905112847 1.16052354388 0.0213658372759 -0.956043538305 0.113811091498 0.23140336731 
25 -0.701387046386 0.282555801409 -0.222298872002 -0.0685413605852 -0.403273478004 0.0923228461486 -0.0877181829901 
25 -0.678843479534 0.0785674839072 0.114654014632 -0.276794990658 -0.798530868816 0.275102576548 -0.0772356492094 
26 0.310965428778 0.660293146335 -0.266551594011 0.19516287772 -0.630957814556 0.558689345033 -0.743607501425 
27 0.983893894517 -0.533977089042 -0.126915403184 -0.4444686781 -1.20279220749 -0.156978327587 -0.977658445081 
27 0.682871706933 -0.4293243621 -0.235724377363 -0.146624097358 -0.851587701834 -0.0686130869561 -1.31538198543 
27 0.835421838994 -0.248165176295 -0.438963863176 -0.170513143711 -1.0059215533 -0.11570511602 -1.04066136883 
27 0.85478869109 -0.292487968484 -0.925790673499 0.232781176641 -1.22340674667 -0.0636024416334 -0.374556614719 
27 0.486522585255 -0.725779419115 -0.381369008704 -0.196802502093 -1.1785553855 -0.283532735233 -0.85653898054 
27 0.693899445096 -0.488485306759 -0.15276154536 -0.278250039255 -1.12056124814 -0.123305433305 -1.20957235533 
27 1.06392918421 -0.743537632618 -0.647589827224 0.12213339045 -0.803339966406 -0.453704820217 -1.12374231598 
27 0.870638860176 -0.559545394573 -0.368537583777 -0.416692826276 -0.91940404278 -0.474947084928 -0.790158922892 
27 0.393820143414 -0.894336245524 -0.414137963164 0.183261238749 -0.734497521829 -0.0977288967097 -0.955501406378 
28 -0.138654590369 -0.878443918688 0.473046735701 0.0718567690079 -0.953750517357 -0.55935605916 0.968465574839 
28 -0.361813371501 -0.976441214503 0.221601932602 0.282956511334 -0.922585847911 -0.575172953236 0.520326850642 
29 0.81749644601 -0.2028828094 0.493367738704 0.0260924292007 0.0805011848381 -0.132493984712 0.67919813554 
29 1.08450764924 -0.24695513874 0.186142363479 -0.0716888509976 -0.342570524958 0.0633995262333 0.597553916385 
29 1.01358381635 -0.381156077478 0.130598014464 -0.105172081067 -0.157384961018 -0.13291594991 0.340005847745 
29 0.514782364255 -0.0266423357662 0.374487961142 -0.197295875445 -0.341529261989 0.0132302008587 0.883321601914 
29 0.609237972762 0.01160355129 0.127402534955 -0.0293719789768 -0.18067044658 0.00611967577316 0.548786118217 
29 0.658253249311 -0.257181256086 0.0611866306831 0.376844702502 -0.54585862366 0.495907450743 1.03914970086 
29 1.12564605279 -0.131131477851 0.449771447483 -0.207479996262 -0.0376712094477 0.380474741585 0.57173900934 
29 0.885230037085 -0.75196028072 0.055520236481 -0.485069738745 -0.311859228351 0.100437869161 0.658210152095 
29 0.878180195837 -0.0821339475951 0.101493666224 -0.0137200240275 -0.707264901924 0.126136122065 0.752254361382 
29 0.814446154303 -0.404458260799 0.396038479444 -0.243865882991 -0.187089618738 0.414919805465 1.12692748231 
29 0.341063600393 -0.0495874037931 0.0369412608376 -0.351197030634 0.0241979472177 0.541177124635 0.723480164959 
30 -0.490996946384 -0.646808696166 0.261564218565 -0.770791594911 0.664485124006 -0.0692520698333 -0.071435429265 
30 -0.861107175083 -0.757394496711 0.354427970691 -0.721129014498 0.572915942493 0.125913477723 0.353914090892 
30 -0.731103795488 -0.501057446916 -0.254950485523 -0.616737230524 0.0729088065814 -0.0405646542981 -0.411455367729 
30 -0.544706445852 -1.11795647616 0.282439007157 -0.562403998225 0.545272370434 -0.117271046151 0.296444623645 
30 -0.722998592357 -0.527648706807 -0.0636901285731 -1.00162551458 0.501576657446 -0.0732751752843 0.190990675705 
30 -0.708055781749 -0.942432397755 -0.115464370539 -0.772604256483 0.546381000131 -0.110143558517 -0.00509421151827 
30 -0.637057161362 -0.709875798363 0.143902215663 -0.388182925082 0.474249188837 -0.495444495192 -0.104851435181 
30 -0.550943358014 -0.966002693127 -0.138727425429 -0.667623171438 0.560976700367 0.0251623709379 0.378834497403 
30 -0.561933671359 -0.186140839475 -0.365400072456 -0.702396536863 0.458977358649 -0.427885508274 0.175235216607 
31 -0.362249561097 -0.468948126339 0.424935693306 -0.159705880789 -0.204075904081 -0.438569374129 -1.22228653843 
31 -0.514414804696 -1.00894517016 0.165065804992 -0.677810169629 0.0425893566097 -0.0462276547951 -0.935514166557 
31 -0.53139370421 -0.78386929478 0.300083694237 -0.430709417916 -0.298413323998 -0.0104909040561 -0.723562858236 
31 -0.138616531213 -0.600252832615 0.402126300954 -0.319496502675 0.31109426776 -0.508386733353 -1.28284876336 
31 -0.870515967915 -0.728427147872 0.417044556905 -0.0151317511098 -0.399320113958 -0.437801961424 -1.08579600749 
31 -0.343996125113 -0.558795650527 0.451253184533 -0.373169645414 -0.556409933148 -0.150769004951 -0.757578254208 
31 0.0785698824076 -0.889038365278 0.144227352001 -0.119144451581 -0.088138622683 -0.777553695813 -1.08263742312 
31 -0.298117751958 -0.265083148991 0.170118821487 -0.573234713451 -0.163847012084 -0.605878929656 -1.02500284431 
31 -0.226345116623 -0.75059181736 0.0837242308489 -0.58184463409 -0.558808958746 -0.551172429277 -1.22997502424 
31 -0.566695203761 -0.696695140974 0.112513558525 -0.133976332442 0.0217721788566 -0.204474483517 -0.765721689506 
31 -0.362238527207 -0.961231067239 0.286522585293 -0.248996163081 -0.0807576060289 -0.237151993678 -1.01888016416 
31 -0.365899780383 -0.451549604977 0.545052642615 -0.39738722855 -0.0619696137532 -0.448510016276 -0.665028712825 
31 -0.0977090597411 -0.435678509429 0.348167504373 -0.670680648967 -0.477216220364 -0.532138512786 -1.03508475593 
32 1.15893326264 0.516200281191 0.347803445988 0.341775749512 -0.0695564706244 -0.473232638961 0.587530421867 
32 0.711623343716 0.549940796383 1.09053419049 0.194609497358 -0.362634760674 -0.505421126476 0.679056963788 
32 0.498967326405 0.961232929642 0.776153721292 0.151289369046 -0.503690287865 -0.694855881228 0.572842603643 
32 0.992163593316 0.897954827886 0.867093343986 0.319498469153 -0.409155734949 -1.07770118882 0.0702751267976 
32 0.514914294592 0.809545109176 0.979789478991 0.409180466259 -0.0684532805986 -0.802764145792 0.310590552212 
32 0.68970763824 0.437587323191 0.630461469 0.0426582804682 -0.471726177899 -0.98706010842 0.421367180441 
32 0.619298318428 0.782850188498 0.978897853687 0.202448304133 0.0327147664687 -0.781160959759 0.58921171301 
32 0.894196148605 1.10519595733 1.2277532866 0.0554174899331 -0.433239803541 -0.745293129836 0.516516090131 
32 0.807818952213 1.14326583496 0.7970335649 0.0747758131185 -0.07003984361 -0.999888149403 0.523893876548 
32 1.19434605651 0.770041014516 0.842743063292 0.0898867215722 -0.402905772863 -0.83476990977 0.740069173872 
32 0.728631734733 1.02562784598 0.945641995027 0.0881071853952 -0.300642452625 -1.09865534574 0.732114860326 
32 0.726392696127 1.3225910429 0.753668874564 -0.0736181430073 -0.343715880378 -0.665906894419 0.558230551307 
32 0.907771908106 0.985360741175 0.747931033318 0.240843841273 -0.388922822742 -1.38243122204 0.335949077454 
32 0.778475104328 0.886489988559 0.311553500079 0.24202650924 -0.30036554508 -0.600918962641 0.891865043599 
32 0.548245257013 1.05788586727 1.07761993669 0.375025885717 -0.120210216419 -1.17537334987 0.406330675624 
32 1.06337698489 1.32375370052 0.785417006239 0.0482236059622 -0.28180834762 -1.03669249055 0.576306443067 
33 -0.312582492276 -0.645998306971 0.108701898917 -0.779020426541 -0.248009249616 -0.552486929023 0.58089158455 
33 -0.586799217159 -0.138762718393 -0.135954806258 -0.950079581103 -0.536268215158 -0.898515771082 0.674712313263 
33 -0.456247236935 -0.493195938221 -0.551793550295 -1.15645681628 -0.738077624189 -1.3924186502 1.06311461168 
33 -0.636288423775 0.0163945506132 -0.119959581313 -1.03126349931 -0.483540500961 -1.25233175673 0.93174336752 
33 -0.464967656598 -0.560882765618 -0.227798398206 -0.860617984045 -0.51741823373 -1.08718679958 0.889352705689 
33 -0.569522471369 -0.245513138871 -0.286147379921 -0.72469932694 -1.24342614504 -1.27406126939 0.803516745209 
33 -0.420453312151 -0.276171178101 -0.102721212965 -1.02261843245 -0.567459529167 -0.637387107501 0.754341036721 
33 -0.721175992225 -0.0826814474625 -0.306352198066 -1.04611185582 -0.680434539233 -0.733245348393 0.559804110695 
33 -0.119717940115 -0.291293468711 -0.0946588918788 -0.788985009379 -0.535840171122 -0.746816350278 0.48199665321 
33 -0.405828103445 -0.643793318023 -0.50673610587 -0.877077327852 -0.671426678983 -0.685962740824 0.52713881424 
34 -0.0511720456091 0.327524673104 0.0460588911316 0.904464757817 0.75132538219 -0.916415022492 -0.300741437126 
34 -0.587896584044 0.251108149104 -0.266584514056 1.13496116411 0.658979839085 -0.625538783184 -0.16829753995 
34 -0.307431478777 -0.2207064815 -0.0111376930424 0.989771594466 0.825130074826 -0.776661934166 -0.248239307183 
34 -0.28264162363 0.609599383721 0.191796807763 0.925483235244 0.479965946363 -0.962146161198 -0.384367290634 
34 -0.983566278323 0.295396761353 0.0578927190457 1.1506079882 0.396909756124 -0.849234566039 -0.537193911148 
34 -0.472095947792 -0.330407760172 0.0378343809736 0.758185875028 0.96694301627 -1.28589122229 -0.196890174455 
34 -0.729001027387 -0.0667766396347 0.0907636493664 1.02049800696 0.374016160841 -0.576698929241 -0.511140144949 
34 -0.332965837616 -0.0962504446853 0.107740241835 1.23905300885 0.550482024137 -0.980907108157 -0.433263364414 
34 -0.295271999314 -0.0992033127552 0.739145044938 0.931281690068 0.746993498662 -0.7450019575 -0.0992595625133 
34 -0.325403762996 0.416231346808 0.313274782133 1.08557448749 0.734268274765 -0.990331679286 -0.455698964331 
35 0.771585331799 0.349123786775 -0.720579008845 -0.846489755984 0.807148670338 -0.0405439675788 0.420694216506 
35 0.454243756788 0.458871740188 -0.467267233402 -0.826413660799 0.439563092482 -0.464245047757 0.813955690423 
35 0.673496363023 0.525972507071 -0.611735027425 -0.480083026252 1.11506230305 0.096498267505 0.551376207316 
35 0.826267022467 0.197787675012 -0.617205690765 -0.907843880093 0.50026466133 -0.449096972962 0.350124095607 
35 0.959972959842 0.314242067733 -0.960324778407 -0.751735630683 0.498350396368 -0.0861042168098 0.528439069274 
35 0.931942654696 0.224932971997 -0.788366215712 -1.09056040073 0.616430774325 -0.365184445078 0.619467990681 
35 0.953082586095 0.607128703338 -0.985857151032 -0.567649382752 0.886175782824 -0.17764742748 0.336895483104 
35 0.470863706794 0.233075022398 -0.664382956628 -1.06212076323 0.604104980199 0.0451107488186 0.199551587545 
35 0.452674558303 0.349276255529 -0.809576762905 -1.15965601933 0.466696383369 -0.138780420248 0.371192521016 
35 0.564124502401 0.305080404745 -0.793890975951 -0.6924051686 0.59324546857 -0.589892990605 0.641064916877 
36 -0.92764776913 -0.150866874982 0.00149225338432 0.827931018507 -0.366575602621 -0.0246777410047 0.911010915406 
36 -0.763981607263 0.0313412417796 -0.0533971506958 0.739220247203 -0.528037725103 0.2977816912 0.797784196115 
36 -0.983697018374 -0.0186072659573 0.118545377401 0.328257501916 -0.521723952782 0.178081657436 0.36529411693 
36 -0.925041475787 -0.834244948114 0.217446171846 0.648325977041 -0.231100812069 0.107910193658 0.443645247385 
36 -0.89630218346 -0.187215684128 -0.23988045619 0.703592926745 -0.405045622626 -0.149053681779 0.908579634952 
36 -0.0127200380227 -0.429049330085 0.233740874349 0.334017857534 -0.341245007311 0.163155967598 0.41318613673 
36 -0.703716379801 -0.255628098492 0.212334875534 1.01698512152 -0.481478367094 -0.330763154243 0.381676351335 
36 -0.460829293578 -0.497951460414 0.0314372325314 0.788800209555 -0.549816959906 0.326688742414 0.653327757734 
37 0.939916550392 -0.290065593217 0.187017881163 0.588226525279 0.973893625842 0.367260141218 1.13110281901 
37 0.711604451332 -0.551214118814 -0.232700698195 0.382557594846 0.611354523138 -0.202397442788 1.12945540788 
37 0.945083383841 -0.690665368592 0.592641444933 0.74645733696 0.596789807106 0.0511669645453 0.816117608089 
37 0.245853955919 -0.964905157126 0.275826510192 0.582948312371 0.755546762195 0.163964798738 1.16831192075 
37 1.01691265277 -0.262712656507 0.581994042678 0.444380318886 0.441754927671 -0.547421491092 1.19503524167 
37 0.710785542538 -0.816099839974 0.301366413793 0.336387911115 1.27511178354 -0.458273576919 0.765540086919 
37 0.517646138787 -0.438579714636 0.279704432765 0.661394679984 1.21722515711 -0.206877094703 0.815666611537 
37 0.610972223674 -0.694235377633 0.319231937342 0.226362796931 0.760031988838 0.0531151420879 0.821940676601 
38 0.940826414098 -0.694302041606 0.680708856068 0.955182001588 0.538235147219 -0.641582797568 0.396883471924 
38 1.02675903271 -1.04208866485 0.763964532265 0.768727329544 0.0769997766972 -1.07094227836 0.320133566624 
38 0.809905552649 -0.518819553868 0.666671283904 1.14715836704 0.770590132235 -0.870663785258 0.499832340652 
38 1.21238243673 -0.863542367859 0.522610567899 0.899610729286 0.419728530843 -0.896833146033 0.530337035171 
38 0.983285577305 -0.770996281324 0.463764051273 1.19332374143 0.948948904903 -1.18833433558 0.519616819203 
38 0.980169529725 -1.30573201781 0.864902604967 0.902158054646 0.402798706582 -1.28187529824 0.0114961110849 
38 0.87616534887 -0.860965874618 0.903644637686 0.788659741399 0.175320050351 -0.706123602331 0.393554820161 
38 1.12060736415 -1.2340692869 0.736314292548 1.13329784065 0.564754197049 -0.451648506989 0.37405124893 
38 0.744629800221 -0.844499248653 1.20214510601 0.920263239575 0.52506675881 -1.11128012358 0.335113787473 
38 0.392547213292 -1.09732090368 0.961389735806 1.40528487276 0.437441636442 -0.826964607145 0.458425962748 
39 -0.527742665597 0.0864903679543 0.449305625595 0.223722835904 -0.118253319645 -0.312138910781 -0.871337349346 
39 -0.314952926019 0.153639910195 -0.146266042621 -0.19352256423 -0.203660908301 -0.4795775455 -1.52692965282 
39 -0.296789502051 0.565817466127 -0.126380804907 -0.236597882186 0.102570807052 -0.00300538383181 -1.05014087996 
39 -0.766221156251 0.542036099837 0.241962737703 -0.0540827378333 -0.0964431141182 -0.1396644969 -1.44128590121 
39 -0.72231041671 -0.1648435389 0.151122798137 -0.273047121527 -0.0144268478561 -0.22440435391 -0.82430666875 
39 -0.531689874299 0.553225046361 -0.00483078852596 0.0907910848956 0.0857105598389 -0.319723259658 -0.652514925777 
39 -0.596236299538 0.407572879964 -0.0939152706816 0.0228700749816 0.104852263557 -0.273188581502 -1.06108263743 
39 -0.476588257389 0.0894917851378 -0.1996893542 0.0165629577821 0.329335845536 -0.119690757871 -1.15561648696 
39 -0.37042628211 0.628945872502 0.043529339206 -0.33846422961 0.262907387631 -0.00162722902912 -1.18516531537 
39 -0.312008931098 -0.0561297404484 0.132949994202 -0.141839083729 0.410856083745 0.054798975747 -0.598249673157 
39 -0.255464770204 0.41874828554 0.251834940726 0.451301751688 -0.073813471052 -0.227697079475 -1.01459168123 
39 -0.735741185484 0.259664502303 0.118947081456 -0.0304511837125 -0.0776365986266 -0.51094381841 -0.707531400273 
39 -0.517269429964 0.293699383244 -0.195621916287 -0.0546017561002 -0.0142841687714 -0.237430815411 -0.987251738134 
39 -0.406846481845 -0.0720712068757 -0.0706782936289 -0.0720250164155 -0.0965915697055 0.125676298916 -1.01091752549 
39 -0.502832289487 0.264437836085 0.243920875479 -0.196698397112 -0.0354691629608 0.338658835508 -0.547722603577 
40 -0.380675906695 -1.07462012506 0.439032558162 -0.164536596162 -0.334151736876 -0.411889768899 -0.332335490801 
41 0.560512990417 -0.101725070223 -0.666300789832 -0.882346731545 -0.733628590121 0.375948119973 1.13381874913 
41 0.443020899833 -0.549031638515 -0.500399054863 -0.712760702977 -0.465193350714 0.838328685474 0.949915560656 
41 0.30001572972 -0.540797566362 -0.204487220837 -1.15296733142 -0.61339308837 1.07781313144 1.0876985927 
41 0.619011357398 -0.276470973741 -0.320637349811 -0.858640696035 -1.01254879772 0.606359583488 0.446792079197 
42 0.715605184343 0.39234639669 0.920204075104 0.889346933318 0.484447582275 -0.787657201828 0.390372486817 
42 1.14529722634 0.470446090131 0.807573865564 0.302442167567 0.761072828358 -0.717401113233 0.368394264238 
42 1.29342899284 0.546861500643 0.828597644969 0.454924260059 0.59277093955 -0.87127228783 -0.286107050518 
42 0.580389048269 1.02149703947 0.557845667574 0.5466216738 0.506356186637 -0.781750259972 0.47610581226 
42 0.769249401996 0.531917940042 0.752415283491 0.581542344017 0.745638083295 -0.90859264475 -0.190348655787 
42 0.830871020125 0.78782579923 0.676338754295 1.04450209767 0.602677476863 -0.800378460621 0.327410607568 
42 1.20816227848 0.183850095079 0.885448675511 0.604019751574 0.914120344892 -1.00454205977 -0.322204334629 
42 0.43541682675 0.358407263355 0.472616427294 0.300303624185 0.695177995155 -0.690178436409 -0.646800608397 
42 0.38954014154 0.408534115726 0.856580078005 0.636440934047 0.584220711322 -0.791701738898 -0.265207828477 
42 1.0090923746 0.126300004165 0.558853821722 0.400696744603 0.620761673982 -0.857278572366 0.0296305013897 
42 0.900112562312 0.863955490125 0.488337164939 0.216691805051 0.336359946742 -1.14552505376 -0.0224964467817 
42 0.726139199227 0.580087465683 0.807144604103 0.467437661746 0.200655038931 -1.43255126784 -0.257632379137 
42 0.991446802304 0.422474642791 1.24773846231 0.607387579857 0.457900015889 -0.726900897043 -0.267021438015 
42 0.704504548085 0.478271560994 0.699115301379 0.53152164281 0.354373283015 -0.866222406181 0.223728397373 
42 0.802466391205 0.547470822437 0.913898712815 0.545492587014 0.50906607333 -0.881328117809 0.00321071379285 
42 0.624596234091 0.565471731178 0.679763330907 0.514318987321 0.336190516237 -0.820319284923 0.0400843285388 
42 0.406248930658 0.740153790088 0.808514638788 0.670063588695 0.205318024996 -1.1859085613 -0.0890500327511 
42 1.01397585071 0.300912130025 0.837510482546 0.387353045949 0.818135376219 -1.02164777023 -0.228956052773 
42 1.22843014934 0.396655126844 0.794256890965 0.628078183626 0.236256879533 -0.690890528422 -0.0570155034575 
43 0.786014322373 0.595102819246 -0.687305530423 0.174181296067 -0.758683662633 0.530998463243 0.225152548263 
43 0.836878638427 0.555879617394 -0.702981379163 0.597253302953 -0.528001331841 0.29986855675 0.335619081819 
43 1.17269750274 0.0487450148324 -1.03025708371 0.244903040256 -0.728731083498 0.302195310616 0.685375925658 
43 0.271568143595 0.0981073412583 -1.17374692081 0.299983334891 -0.789826027332 0.796806666381 0.791307838494 
43 0.517850871106 0.458642167157 -0.836429322903 0.435355036595 -1.1144966691 0.522061212457 0.427491636052 
44 -0.51770959612 0.394058394594 -0.964293888826 -0.200543926474 -1.03162455069 -0.159503393689 0.0208441700366 
44 -0.71254884672 0.213392751368 -0.69102643216 -0.593073333501 -0.727757291221 -0.761302700828 0.155191845482 
44 -0.801451553299 0.108721913017 -1.12690028073 -0.436633279259 -1.03045792524 -0.275533154767 -0.240815895984 
44 -1.26231796667 0.688456487283 -0.192321471214 -0.422284066887 -0.78111258499 -0.243438430997 0.144508387522 
44 -0.635263677095 0.497463711951 -0.545323130943 -0.37403961384 -0.969712562273 -0.229072789334 -0.0380687172316 
44 -0.92657322174 0.350167021337 -0.481983310989 -0.580315205408 -0.99392530038 -0.190329566814 0.0668342357224 
44 -0.742300306588 0.879359468372 -0.920558673325 -0.78163893504 -0.722379317891 -0.499847096125 0.0775944633317 
44 -0.74171358698 0.336632738704 -0.546114276184 -0.740578821596 -0.618512027101 -0.32892563996 0.588140179453 
44 -0.626558423597 0.554480767211 -0.509712325587 -0.258369668606 -0.520355086718 -0.307723023318 0.130518742262 
44 -1.39414967317 0.372706375811 -0.630930535491 -0.92963029743 -1.0489397982 -0.371049069654 -0.551534120888 
44 -0.707548057689 0.36031287652 -0.589123016032 -0.328233024651 -0.843377066553 -0.129348866782 -0.0243587512262 
44 -0.701435855973 0.379857895262 -0.502267811639 -0.805854294552 -0.602729853997 -0.034616112301 0.0484799176132 
44 -0.855806286816 0.877772268862 -0.224941744522 -0.0102100371294 -0.642783118375 -0.453655031296 -0.19254931764 
44 -1.06296796061 0.52718185995 -0.185747079197 -0.463117610065 -0.93431737753 -0.41326560089 0.00815023518633 
44 -0.733284944787 0.859464285214 -0.469167495035 -0.405039365595 -0.436418073774 -0.411639027069 0.275333827268 
44 -0.982574222093 0.391314487723 -0.597538613346 -0.332438040973 -1.13077908483 -0.564306000023 0.0473191661551 
45 0.467319965829 0.271219614847 -0.224902346167 0.0635194231366 0.728014689469 0.975072744074 -0.256442426581 
45 0.38464471236 -0.0658585208 -0.125119460679 0.0700691557799 1.05914516835 0.651386208031 -0.186933315614 
45 0.143183790421 0.0980243813358 -0.781363586019 0.219339414011 0.598554602541 0.409582086555 -0.18862435156 
45 0.489711272026 0.0357879373033 -0.524828876394 0.280616376694 0.860690286831 0.250461241943 -0.16537938008 
45 0.70770392409 0.129819347878 -0.459068322136 -0.197043975011 0.629095575032 0.706550671364 -0.243935228032 
45 0.182074448744 0.1275662058 -0.459556411153 0.555264078644 1.1008463266 0.707274965088 -0.571859217235 
45 0.537730747617 0.118566752682 -0.365123258351 0.0296129838769 0.891429610926 0.669140609458 -0.139840595304 
45 0.705181729184 0.601992463445 0.0154175077652 0.29261256391 0.871846089113 0.392898318622 -0.299950421065 
45 0.781919450772 -0.0467562007383 -0.544538727185 0.24322780554 0.804843459724 0.648356035901 -0.298543860179 
45 0.594875271596 0.34599526483 -0.357666424847 -0.212018903428 0.588306492594 0.820909979513 -0.308843470309 
46 -0.0145391640576 -0.155966321284 0.478598320438 -0.895883013774 0.0384492610903 1.1138681135 0.0470647873379 
46 -0.141608963854 0.0837339826768 0.376042159622 -0.828638888769 0.117874294863 0.828314028243 0.425733704525 
47 0.341925646391 0.0528235134794 0.0197753117483 -0.550960102358 0.780695431547 -0.306763505393 0.404898431013 
47 0.264993757784 0.335874456923 0.254770967478 -0.463047277869 0.557031421516 -0.475641496512 0.313791915662 
47 0.519444868551 0.123584277672 0.211431786786 -0.541569078495 0.657199879435 -0.427459613664 0.785327009405 
48 -0.302741730583 0.213230581563 0.550400965226 -0.450941107437 -0.862758929387 -0.943376413005 0.262897729769 
48 -0.16538455365 0.523246059982 0.850310925887 -0.906717543248 -1.01911583561 -1.34938853592 -0.0113878150225 
48 -0.583021664002 0.779090532117 0.642597879402 -0.589456464391 -0.767134988321 -0.981607796064 0.267520331664 
48 -0.307088686348 0.427837073063 0.598672833294 -0.858797618067 -1.14350331926 -0.946922980204 0.0320051302466 
48 0.114256901656 0.421000497206 0.608279667353 -0.850851638207 -1.22451531488 -0.968958636658 0.152907190533 
48 -0.408616573537 0.823604959022 0.961287945779 -1.07192263034 -0.625759945144 -1.12528815353 0.424665842834 
48 0.173121107729 0.249678662214 0.310357863649 -0.478781823199 -0.869498383348 -0.480492617623 0.189473286993 
48 0.148562501767 0.350966897078 0.400886020257 -0.923321370086 -0.910079930819 -0.933751167876 0.260103996987 
48 -0.301648228879 0.464916285741 1.19647059642 -0.812398978753 -0.533529852903 -1.25153896687 0.0282487019402 
49 0.479478773532 -1.08791341369 0.770650940295 -0.334833138838 -0.94970992171 0.728134408563 -0.0913158972753 
49 0.692883314915 -0.583222325482 0.479127742849 0.0412822441458 -1.0194115208 0.719357711301 -0.505925198832 
49 0.251098975522 -0.399565081371 0.612888600728 -0.265692919666 -1.04595842212 0.89418861714 -0.365354218682 
49 0.753480166909 -0.0794643072127 0.221541924155 -0.11100404063 -0.887769026568 1.07998643349 0.204873257333 
49 0.398187800092 -0.475402891217 0.457872878717 0.0210981777607 -0.460311626582 0.712309127723 -0.0644246223001 
49 0.448022651163 -0.320737011587 0.73416262604 0.463435747299 -1.03665838032 0.722650676684 0.452193173667 
49 0.599993702544 -0.744482303311 0.713695196793 -0.180996625394 -0.941804214761 0.792195710348 -0.0888031345439 
49 0.473710018355 -0.447182516715 0.701095652667 -0.358955632041 -0.874491468915 0.789962529891 -0.24432029819 
49 0.331602009076 -0.560808458387 0.640735054192 -0.0807909398357 -1.04585112155 0.841489289427 0.104064783763 
49 0.463776874476 -0.262482568456 0.825109929576 -0.519406926897 -1.09780087998 1.19936586474 -0.110787539222 
49 0.29553553923 -0.668717724825 0.516878320734 0.065131156026 -0.88050740266 0.619633941295 0.464619583664 
