0 -0.263008829875 0.277182837396 -0.353493091751 
0 -0.294637232496 -0.340967726503 -0.112075559251 
0 -0.841146015263 0.209641706311 -0.895674176746 
0 -0.544101193514 0.443488855121 -0.322492516618 
0 -1.16733310056 0.148109342769 -0.564685117506 
0 -0.506622193366 -0.0550743515424 0.0467871613115 
0 -0.669271047863 -0.0810108348807 0.19317569959 
0 -0.804722364364 -0.743670630663 -0.340401115722 
0 -0.546869298664 0.192222785001 -0.232837274487 
0 -0.125011087942 0.370089577643 0.197807875797 
0 -0.502013029571 0.0320358006875 -0.226792510931 
0 -0.110242541775 -0.272181768802 -0.267060159985 
0 -1.23932042962 -0.199451120639 -0.426573326881 
0 0.235522317828 0.133082323939 0.555840283991 
0 -0.0995369996647 -0.0559704099545 -0.181563432371 
0 -0.0537767709651 -0.177673513647 0.0402455170661 
0 -0.494525345235 0.333681317484 -0.509052134986 
0 -1.17482588039 -0.0401307905688 -0.913382231179 
0 -0.614389473098 -0.100458115865 -0.0670020679733 
0 -0.313162985115 0.129114159692 -0.101865512551 
0 -0.257193934295 0.107011731296 -0.483632202766 
0 -0.251403123824 0.150769298324 -0.360875772712 
0 -0.684789598195 0.191672616851 -0.232071246188 
0 -0.585550549142 0.0220579466407 -0.646210421941 
0 -0.605289537171 -0.723948735571 -0.45736618995 
0 -0.625149796848 0.0524767240244 -0.369486684322 
0 -0.645301015631 -0.39800457066 -0.240045805452 
0 -0.10199442749 0.390340631994 -0.0988320458539 
0 -0.638307848811 0.0407164208047 -0.279666476589 
0 -0.576855567436 -0.199154431598 -0.237593921338 
0 -0.593914311289 -0.185369224008 -0.159154462817 
0 -0.118671037769 0.160856826012 -0.032007679326 
0 -0.305519693158 0.0289365272989 -0.098023554115 
0 -1.07113646564 -0.0273713179208 -0.689963431561 
0 0.78222361702 0.536476105096 -0.170902086469 
0 -0.495451828113 -0.128638105465 -0.140879047702 
0 -0.478748696799 -0.304903658203 -0.256042078368 
0 -0.358635523431 -0.0304944348559 -0.607555489115 
0 0.0174308718064 -0.299364599359 -0.356959060846 
0 -0.525877071402 0.213223231003 -0.143549044845 
0 -0.0226509585549 0.266026060999 -0.13656898987 
0 -0.254826432456 0.107497195403 -0.261450290445 
0 -0.594741875847 0.108840199269 -0.175142893378 
0 -0.360831713599 -0.0581006389322 -0.100167134134 
0 -0.541714425606 0.463975674879 0.0166372540952 
0 -0.444886423449 -0.146753652846 -0.056933164686 
0 -0.653744235665 0.397875791186 -0.728838239785 
0 -0.0808253508486 -0.00352094937889 -0.113323299688 
0 -0.119878807688 0.243448320401 -0.209278434901 
0 -0.335170113768 -0.368511473745 0.342974276258 
0 -0.291117804238 0.113407713737 -0.312557368583 
0 -0.459274892642 -0.0937661007811 -0.595226355365 
0 -0.137237717677 -0.0371936692805 -0.126322717044 
0 -0.150607515843 0.0514453137417 -0.481989559265 
0 -0.623827287127 0.224590985991 0.130275138332 
0 -0.42600416532 -0.0368108972026 -0.144688492037 
0 -0.292952261911 -0.00630666745328 -0.509426915973 
0 -0.446980039006 0.508219733549 -0.331984671554 
0 -0.398948775059 -0.196923066978 0.20447346914 
0 -0.63201834719 -0.283682373183 -0.239168229509 
0 -0.344014857192 0.0478511952686 -0.267292978407 
0 -0.25797493898 0.125848227116 -0.243622584889 
0 -0.339247113287 0.0277108712105 0.150418385741 
0 -0.271598405992 -0.0413939109232 -0.202184019193 
0 -0.0860739466956 0.278052576856 -0.268052039506 
0 -0.708645313155 0.0363598216778 -0.169696916818 
0 -0.521394588088 -0.0870501203812 -0.467708531651 
0 -0.271473558212 -0.106932501917 -0.513063906449 
0 -0.365303657196 0.0106118672711 0.0443712912431 
0 -0.423860337888 0.0604965266987 -0.267693099471 
0 -0.149726266603 -0.163902252146 -0.352532985012 
0 -0.579631240183 0.0622581832033 -0.344825503969 
0 0.154620081713 -0.0268040746886 -0.201660671642 
0 -0.181025840844 0.203272483639 0.247538102766 
0 -0.534521827723 0.29254757711 -0.228571939405 
0 -0.914474444356 0.14031995556 -0.543753366509 
0 -0.355864118238 0.494190524852 -0.0393219752494 
0 -0.0017644727355 0.0952647548513 -0.45923653618 
0 -0.699460547916 -0.332808161469 -0.25847643203 
0 -0.714190342133 0.671659213276 -0.606214098628 
0 -0.513516736841 -0.0726224586645 -0.0252222844619 
0 -0.0736304977392 0.366328612185 -0.0418993684826 
0 -0.572113128734 -0.0915768652945 -0.198497044435 
0 -0.477589850792 -0.00152806877464 0.0481285061831 
0 -0.656144771165 -0.0874579865678 0.107465509688 
0 -0.397780841036 -0.00462586006372 0.0731150920832 
0 -0.484158135389 -0.0350644021262 -0.140205752705 
0 -0.330858791252 -0.307549733011 -0.243835309645 
0 -0.141230273034 -0.339397694786 -0.40417666429 
0 -0.422651865147 -0.116479884811 -0.451115359362 
0 -0.434552284625 0.364836255618 -0.109104482106 
0 -0.450704886533 -0.35842674926 -0.249354180973 
0 -0.513728054952 -0.0720542739356 -0.55163633863 
0 -0.58893944524 0.0250872408146 -0.27946615224 
0 0.0503109187686 0.124478173188 -0.374119737299 
0 -0.119480372041 -0.333108441547 -0.21409544122 
0 -0.29685538711 -0.13961953195 -0.230473697924 
0 -0.46511862177 0.0789703181755 -0.369101761761 
0 -0.171558044143 0.151761725308 -0.240187219313 
0 -1.05786642468 0.369306251439 -1.03674087553 
0 -0.324552135061 -0.0331700413803 0.0400854969685 
0 -0.635400956081 0.324327406796 0.0381469302053 
0 -0.313479125153 0.140157364193 -0.282052768245 
0 0.10046540036 0.0586818604952 -0.0901928791372 
0 -0.498280949706 0.394121035646 -0.0705966320667 
0 -0.196947526659 -0.0304357486475 -0.395435720997 
0 -0.554253504121 0.0144898224873 -0.450614813529 
0 0.0203877773428 0.137435821152 -0.344362406096 
0 -0.500237264683 0.201563606187 0.0826578941393 
0 -0.154556732493 0.160733081638 0.0493284532689 
0 -0.313752848881 -0.139766780744 0.109632076722 
0 -0.376407138604 0.30981550993 -0.229013432969 
0 -0.343419445902 0.426265943919 -0.280386107836 
0 -0.261898633993 0.00937215569492 0.0531560404136 
0 -0.150576726867 0.142476173149 0.0969846953925 
0 0.119001742765 -0.0750987748313 -0.370784816626 
0 -0.328350496012 -0.198935375008 -0.276091937119 
0 -0.578329251213 0.0401910948414 -0.0180294875708 
0 0.0463821493336 -0.319218704871 -0.277499326323 
0 -0.30288862172 -0.110772542061 -0.496858510702 
1 -0.886409480305 0.0351663709931 -0.845983121741 
1 -0.700573127568 -0.0630506300638 -0.586466871128 
1 -0.833967776709 0.0371337666957 -0.454781571662 
1 -0.949396366609 0.303697702652 -0.452461834459 
1 -0.706151225829 -0.10277475797 -0.490347097098 
1 -0.867955677046 0.379711180317 -0.366977490506 
1 -0.678678028882 0.395754844396 -0.693183477542 
1 -0.647716914422 0.368806655903 -0.699081540349 
1 -0.749350531347 -0.151788793995 -1.01277458691 
1 -0.307160447172 0.251301219404 -0.632245953293 
1 -0.128181124499 0.372281991097 -0.574707202481 
1 -1.19727296754 0.238652943266 -0.701885166156 
1 -0.577532369773 -0.277896682834 -0.737673168445 
1 -0.70773201229 0.63432010321 -0.593146429749 
1 -0.625235472312 0.226483210428 -0.492839494811 
1 -0.460937285942 -0.0529244298548 -0.977312896563 
1 -0.208409661569 0.553633925062 -0.864097683774 
1 -1.05278058099 0.174488458041 -0.327078032995 
1 -0.587228359418 0.0881734799712 -0.113727558674 
1 -0.525272974776 0.343123981569 -1.54830019135 
1 -0.869835656699 0.286391413672 -0.938664287645 
1 -0.840727688208 -0.378591281773 -0.388894536973 
2 0.611103812853 0.675065884373 -0.109434697765 
2 0.502955466336 0.79338890049 -0.102735453821 
2 0.713289297983 0.652479705594 -0.171165167941 
2 1.27760512958 1.07347049622 -0.289306103508 
2 1.21839984463 0.707449841492 -0.150164335161 
2 0.726908749756 0.32308206317 -0.222831491637 
2 1.04988697089 0.892755022386 -0.258921079893 
2 0.757784636008 0.8924866431 -0.26596069524 
2 0.61877271817 0.900212133832 0.0984317296997 
2 1.41408488472 1.04543515981 0.18187858226 
2 1.13749223733 0.776097914402 -0.348550478483 
2 1.04127902526 0.872539657836 -0.0554246219153 
2 0.626149667142 0.456476858053 -0.236920487191 
2 0.51658482055 0.567854529415 -0.0908728354113 
2 1.06371974893 0.669957220332 -0.312236267537 
2 0.654397155327 0.941362794572 -0.122111351113 
2 1.33640756566 0.848935073928 -0.00725696162014 
2 0.816121821241 0.552501035522 -0.337778297555 
2 1.01207416541 0.966943655077 -0.367622389489 
2 0.617945242544 0.521065454075 -0.187009955525 
2 1.18774461014 0.777890114241 0.0170063734263 
2 0.86039394919 0.982878744358 0.155625120552 
2 1.25149210336 0.769095795268 0.203071733298 
2 0.665937861427 0.253822126404 -0.175050457636 
2 1.40724597597 0.693762395909 -0.100083708607 
2 0.980425139627 0.819640798912 -0.192016145647 
2 1.15869465697 0.954450468672 -0.174173625053 
2 1.2629584096 0.74923794283 -0.167341532294 
2 0.911185214462 0.401174501075 -0.261336880762 
2 1.0510665017 0.505041099888 -0.209145003932 
2 0.921836017314 0.479960145745 -0.23160303849 
2 0.861246329802 0.610071327227 -0.22274550566 
2 1.20771625096 0.474919845821 -0.240250552092 
2 1.11794944668 0.754822808045 -0.351670633867 
2 0.755060266282 0.561206431646 -0.133683919987 
2 0.775505247181 0.6666583766 -0.0686676054528 
2 0.987516964232 0.688050873959 -0.120017920751 
2 1.07148347842 0.51880009736 0.115725002792 
2 0.785682815492 0.557580213688 0.0800509313426 
2 1.08240151009 0.513007484634 -0.544169888445 
2 0.818749627023 0.574487049515 -0.221735180172 
2 0.537806098004 0.388145856226 -0.363446245274 
2 0.810813752788 0.719046459735 -0.409946026407 
2 1.0004015569 0.313213766283 -0.272932988645 
2 1.01512339429 0.145193128197 -0.674904053618 
2 0.842856026324 0.665713293595 0.0616270703189 
2 1.11165551672 0.357129479398 -0.374080235907 
2 0.656362049617 0.190232777607 -0.230154851328 
2 1.09310822305 0.864391474426 -0.248535589108 
2 1.52419977574 0.898867101088 -0.676782737546 
2 0.629639467392 1.04405472552 0.27620023268 
2 0.558251029978 0.97112751694 -0.477637840443 
2 0.979419040202 0.666307133226 0.025164687253 
2 1.12207580816 0.43079622985 -0.272863716395 
2 0.933723380332 0.590786441588 -0.17814843061 
2 1.14177401478 0.275878808321 -0.00368824649581 
2 0.719636140331 0.480445623678 -0.18072922557 
2 0.738731348806 0.480849230797 -0.593905905713 
2 1.22990232453 0.341116704143 -0.258371099697 
2 0.982399783343 0.662597097881 -0.646526574869 
2 1.02428331011 0.729476285193 -0.142735464069 
2 0.571583518201 0.919196608284 -0.29174775264 
2 1.02779300456 0.678320677284 -0.296829310676 
2 0.67882505882 0.749797262615 -0.0846211905749 
2 0.793860822629 0.513067097425 -0.174006909243 
2 1.3340780167 0.695166433731 -0.0991592345652 
2 0.917217655815 0.455877500608 -0.458005797749 
2 0.72961674402 0.604461937963 -0.339892043023 
2 0.843699283797 0.370568605705 -0.206611329426 
2 1.46205380109 0.835139293718 -0.110099459509 
2 0.837778897624 0.618738695832 -0.258733441083 
2 0.968728755301 1.09967533268 -0.159240081123 
2 0.967238207437 0.0169922379267 -0.249701787389 
2 0.983725669751 0.729275185057 -0.123420024275 
2 1.19744049936 0.728055293999 -0.12893092105 
2 0.585920694299 0.791317180277 -0.32276969309 
2 1.06665614184 0.394832757021 -0.587631793425 
2 0.961581095523 0.782405248262 -0.288321955194 
2 1.12737737691 1.11803194077 -0.384427815418 
2 0.965125980831 0.544093390833 -0.217422428725 
2 0.812669113754 0.828046545102 -0.300674663776 
2 0.767561900974 0.665352069495 -0.402881791871 
2 0.759907977425 0.577100718312 -0.36047400095 
2 0.747885997347 0.628087770401 -0.109132574305 
2 0.961692064789 0.440289890484 0.24960715053 
3 0.325783867329 -0.854864999606 -0.781524206765 
3 -0.204772507959 -0.723543430263 -1.02773590312 
3 0.228599283044 -0.628704075329 -1.0853561392 
3 0.282414388869 -0.712901379942 -1.0398036583 
3 0.124118562811 -0.746769929877 -1.13416629595 
3 -0.0952483935021 -0.842427367763 -0.815647494262 
3 0.293163422827 -0.757083231962 -0.793183488156 
3 0.214828164459 -0.914697018672 -0.802375231075 
3 0.492864538847 -0.833655088085 -1.08244482066 
3 0.538064737677 -1.12209136341 -0.877284831033 
3 0.358789170793 -0.834257018506 -0.986938576273 
3 -0.107425210331 -1.08594460166 -1.39432798918 
3 0.335642359778 -0.81589036439 -0.997499833631 
3 0.189653499018 -0.789207918608 -0.908394538123 
3 0.395531625849 -0.325588323504 -0.924359489653 
3 0.269519525601 -0.623991396191 -1.13407058755 
3 -0.0120476510372 -0.628431841187 -0.867421860382 
3 -0.177322770405 -0.632054015093 -0.903285559066 
3 0.657087554297 -0.632374913834 -1.23589227589 
3 0.146186987197 -0.592858429528 -1.06484369028 
3 0.0323902012292 -0.543533238866 -1.24627437873 
3 0.173713147757 -0.855267344031 -1.00345149192 
3 0.263797374693 -0.790773815845 -0.766198496924 
3 0.184523898885 -0.264140939417 -1.02056873601 
3 0.41187949293 -0.480890320468 -1.12311188377 
3 0.267076276993 -1.15493197389 -0.81502359611 
3 -0.0650581075856 -0.864633233366 -0.952199025605 
3 0.064899059545 -0.713252589153 -0.781292555262 
3 0.0843094816041 -0.480177181161 -0.584551928147 
3 -0.062522196122 -0.817529157803 -1.12951241927 
3 0.523045262453 -0.32123090015 -0.894618717129 
3 -0.0963895902329 -0.61124613758 -0.812015796589 
3 -0.184094645088 -0.724337164582 -0.800178257813 
3 0.161430966831 -0.810191283407 -0.693253085658 
3 -0.00277355469212 -1.18186114511 -0.681230783323 
3 -0.172181431445 -0.508774909378 -0.93717712845 
3 -0.295773905747 -0.504807934591 -0.170096736612 
3 -0.189035480395 -0.684457005794 -0.956477936357 
3 0.172281164443 -0.863821774385 -0.987527079092 
3 0.358229639306 -0.741734829348 -1.00523052308 
3 -0.306099124755 -0.983884628799 -0.828813878061 
3 0.473044406156 -0.707897339306 -0.894005329533 
3 -0.163588509007 -0.612349797688 -0.499225165977 
3 0.469858280436 -1.27081139042 -1.36747131525 
3 0.145526813009 -0.919457375544 -1.03770974306 
3 -0.204812829164 -0.660652898048 -1.21984678226 
3 0.0360922447033 -0.586476745269 -0.852377703388 
3 0.267334027725 -0.797434098304 -0.686367015046 
3 -0.0139824232946 -0.565772216898 -0.444966529886 
3 0.0310000902186 -0.426699291145 -0.892688520885 
3 0.0346867485482 -0.646812318558 -0.314657155371 
3 -0.00613732113092 -0.871485852359 -1.10669263832 
3 -0.0835580225675 -0.829482130736 -0.971274329198 
3 0.412680863799 -0.686836390196 -1.16810140941 
3 -0.0977008565732 -0.565201130728 -0.8502804648 
3 -0.0045302432714 -1.02347423041 -0.991921192089 
3 -0.0512603767831 -0.507107832975 -0.932240467469 
3 -0.218794321578 -0.633210934853 -1.23790573617 
3 0.0973816100501 0.4021895959 -1.16208947243 
3 0.0168981229929 -0.889783413414 -0.865742244541 
3 0.585789512587 -0.224498093175 -1.23040364197 
3 0.0131553969701 -0.940380198907 -1.03447646407 
3 -0.101546202406 -0.894994196855 -0.821187760828 
3 0.196672165419 -0.60774492158 -0.68992059256 
3 0.146394900752 -0.670640340498 -1.02205811176 
3 0.307246537426 -0.62439768395 -0.799188273572 
3 0.232794267424 -1.57221361557 -1.07209563707 
3 0.574117754149 -0.922801336485 -0.780094404894 
3 0.277285030445 -0.563247113512 -1.01123458712 
3 -0.041096115709 -0.760643126781 -0.541755992167 
3 0.0990865436984 -0.45860123896 -0.817864478573 
3 0.0345447576831 -0.61699744443 -0.854063702312 
3 0.19503171612 -0.528635346239 -0.372636699924 
3 1.07136619609 -0.571723440577 -1.2643342811 
3 0.350590394216 -0.675524607173 -0.919403114608 
3 0.736018948086 -0.530934342186 -0.806850605085 
3 -0.0271088506117 -0.895151031091 -1.20121146601 
3 -0.100040696973 -0.774164208618 -0.8389378723 
3 0.293358417083 -0.569314230439 -0.827341215314 
3 0.573277227477 -1.37068962587 -1.24473621142 
3 -0.13395075958 -0.670143272049 -0.399303855222 
3 -0.351378709221 -0.662927524639 -0.892347339532 
3 0.372169852856 -0.854825387929 -0.93263311649 
3 -0.194570708499 -1.05401723003 -0.938706400744 
3 0.0257593555945 -1.08806878068 -1.52350373317 
3 0.308438732116 -0.511112823872 -0.501915282697 
4 0.396368492417 0.283827060465 -0.277495402923 
4 0.309262149071 0.154177383856 0.250996465554 
4 0.0749216304664 -0.0828237861489 -0.434160067088 
4 0.523493430852 0.255852875701 -0.195325082393 
4 -0.785059012463 -0.314785793501 -0.566552241178 
4 0.046567052682 0.18917406505 0.0924945789829 
4 0.364070039994 -0.192422582823 -0.398612186697 
4 0.37735737112 0.0561565441188 -0.305101820893 
4 -0.163483098378 -0.0138747661104 -0.219235372099 
4 0.18441599983 0.207317182275 -0.159223907225 
4 0.531369196944 0.109989850929 -0.489976992536 
4 0.136242627695 0.117595869712 -0.312028361356 
4 0.41270745072 0.161947410544 -0.180020276234 
4 0.336108048002 0.0467556868966 0.138368892122 
4 0.182387852515 -0.33600831191 -0.212499739843 
4 0.156186135777 0.419822253851 -0.235219301842 
4 0.608192821366 -0.103790744384 -0.455641588068 
4 -0.429214773609 -0.562335880478 -1.24758159895 
4 0.465408056846 -0.114791850873 -0.375872419636 
4 0.160652379115 -0.0584694132663 -0.12940530995 
4 -0.275958456232 0.295365682159 -0.402832444548 
4 0.549165600436 0.24753987235 -0.0422438177574 
4 0.421153669432 -0.0678626164612 -0.678433885371 
4 0.272868537573 -0.592746913406 -1.07543416561 
4 0.222809802804 0.342966721729 -0.433133765037 
4 -0.014814158465 -0.102766212814 -0.34780112036 
4 0.0863859405658 -0.0726687043123 -0.253747384702 
4 0.27062097542 -0.0963276193811 -0.327593203319 
4 -0.378906315041 -0.143089525576 -0.616646415251 
4 0.0651213163149 -0.132063420217 -0.266895214378 
4 -0.156361307722 -0.353603030963 -0.202275571569 
4 0.509624097566 -0.10503996648 -0.288777173307 
4 0.308416945627 -0.148847031947 -0.458409242841 
4 0.183888207668 -0.273040408388 -0.387857509156 
4 0.243953653511 0.521532545548 -0.10150202039 
4 0.341578059658 0.153893157023 -0.278881645572 
4 0.16160873993 0.0651919344569 -0.651445350674 
4 0.118423525933 0.0706733489577 -0.530842037743 
4 -0.185457736134 -0.0991756199495 0.229138667903 
4 0.113162069595 0.228109138836 -0.733844186569 
4 0.500226367637 0.145296011279 -0.684910273625 
4 0.358177309957 0.0334708338706 -0.286058804087 
4 0.172537768712 -0.237327217425 -0.289491068471 
4 -0.0137802444627 0.135237170152 -0.333465070623 
4 0.155283559436 0.0814042725805 -0.261884258784 
4 0.0899978299972 0.0708098986847 -0.167315036166 
4 0.409281040268 0.0459579586103 -0.615028597639 
4 -0.0273415714661 0.0516218816214 -0.159012134827 
4 -0.0162454570357 0.211710551837 -0.653115267144 
4 0.0736478726319 0.230911485139 -0.365714897018 
4 0.253374517363 0.479171344781 -0.665616413161 
4 0.0429871591181 0.17690670785 -0.438643655326 
4 -0.0521743194187 0.252456570779 -0.189474856595 
4 -0.0108073834679 -0.0849425950933 -0.296445845405 
4 0.562546100066 -0.0527632075175 0.00342519335291 
4 0.145663578576 -0.534140730688 -0.18185095422 
4 0.388213564376 0.348404477593 -0.2289182763 
4 0.0985035265928 -0.186349763095 -0.689417287944 
4 0.043018146903 0.184398047014 -0.297227433356 
4 0.210848472017 0.0435897992668 -0.200520774889 
4 -0.142769057628 0.407020454523 -0.730824677736 
4 0.514839193566 -0.142956146694 -0.18452755217 
4 0.176890715616 0.101170771844 -0.0649533459418 
4 0.232527421248 0.388765991404 -0.13555474124 
4 0.324564168485 -0.0357417382931 -0.21603915747 
4 0.00961421800193 0.744483497296 -0.365670425298 
4 0.370103913995 -0.177577450912 -0.260469277009 
4 0.322099176613 -0.103760113979 -0.140660375733 
4 0.183404681411 -0.39922758403 0.0713549572887 
4 0.336419268977 0.163933999323 -0.373472948161 
4 0.334075220982 0.21627850781 -0.0470115484038 
4 0.690633296118 0.151914331911 -0.178857812815 
4 0.212036656291 0.297160496019 -0.507286863456 
4 0.137390775985 0.062850716958 -0.240453441265 
4 0.40254528272 -0.261661065779 0.698455869422 
4 -0.0237334935968 -0.143373380334 -0.806786513513 
4 0.151744019396 0.258932684748 -0.311000448056 
4 0.0380338104479 0.0817794427169 -0.124238283196 
4 -0.292333210826 0.317071317171 -0.216904345191 
4 -0.167555375341 0.299388056096 -0.362407590743 
4 1.21324029507 0.758005443222 -0.28795665328 
4 0.377254115187 0.00465968364095 -0.58062751881 
4 0.511421777209 0.169047678085 -0.202084630425 
4 0.0807308840958 -0.0752586175759 -0.268879409224 
4 -0.0435037396925 0.0924801600935 -0.285913874961 
4 0.10373496759 0.0848483280646 -0.489860562918 
4 -0.00449851132234 0.326895805687 -0.222642985451 
4 0.085334580412 0.278440730109 0.0193726762524 
4 -0.154318272699 0.0609980797746 -0.221329377371 
4 0.276279969164 -0.259970588566 -0.382907280067 
4 -0.383281091839 0.634848434621 -0.728634273807 
4 -0.0490778701148 0.198849188029 0.034795503701 
4 -0.147047326315 0.259293326544 0.110919807143 
4 0.174939674301 0.0856725583355 -0.272912488115 
4 0.0813103385646 0.159478550032 -0.505447697876 
4 0.200868163734 0.12283383479 -0.368432407519 
4 0.309202840977 0.259417733364 -0.479699888029 
4 0.0906662123321 0.409291134382 -0.387477083745 
4 0.256905483423 0.612962649068 -0.222110230618 
4 0.165646564606 -0.675422172482 -0.0972637815088 
4 0.399703493906 0.280741546898 -0.155963835817 
4 0.22031200552 0.300224186281 -0.239351211652 
4 0.17491116942 0.26632484862 -0.516589437473 
4 0.145105691958 0.203713860271 -0.00541567527461 
4 -0.119992193564 0.0948641986831 -0.13940903653 
4 -0.379539879282 0.263828357697 -0.821130870304 
4 0.385945308407 0.0389214415242 -0.695515867404 
4 0.199065278864 0.379579010371 -0.189746609298 
4 0.425268700469 -0.288153274202 -0.860788128664 
4 0.658700532942 0.494055501849 -0.963906576652 
4 0.416179793769 -0.0343208177374 -0.0836937942239 
4 -0.153950055178 0.417336433221 -0.0444749119463 
4 -0.149666696825 0.156200775362 -0.705481454911 
4 0.435093291072 0.241875078447 -0.648471714375 
4 0.160196447612 -0.0221902144524 -0.281823192346 
4 0.128396240326 -0.11412321623 -0.0836548736119 
4 0.226453859527 0.171740014509 -0.309322723028 
4 0.172254581782 0.114091068491 -0.382274603245 
4 0.248506688407 -0.23407193892 -0.783715724222 
4 0.556290014887 0.0742116255792 -0.101530398129 
4 0.177521056052 0.331846349956 -0.515878407245 
4 0.0199946904309 0.187996887553 -0.0622453277174 
4 0.421131186396 0.147603082351 -0.345377521989 
4 0.361988012216 -0.0768006314245 -0.0401442930721 
4 -0.0416927850651 0.603662313858 -0.147081899044 
4 0.337241339816 0.0870905728262 -0.26405587541 
4 0.229426598685 0.358795014877 -0.475456624095 
4 0.00328111418451 -0.115513638429 -0.968215177328 
