0 0.240287545784 -0.486914759103 -1.03770296192 0.110911089078 0.0778482358432 0.663767916188 0.0367836615226 
0 -0.196561742447 -0.285355116101 -0.515842540781 0.663022944483 0.192093085135 0.252564315002 -0.0804562567562 
0 0.0965289443952 -0.564909642559 -0.565793418888 -0.0253243842049 0.441635565736 0.652823239731 0.0124341132822 
0 0.0675282257439 -0.250196044834 -0.872146870754 0.337264690743 -0.000971393528378 0.530174705922 -0.234724994861 
0 0.0715895266415 -0.400442425604 0.255361191805 1.20946281939 0.0373288366599 0.0621071859436 -0.0139349240189 
0 -0.590151341714 0.132496366013 -0.210405652056 0.0806033646337 -0.215119239977 0.412636065506 -0.158007352238 
0 -0.0753462138923 -0.63747591361 -0.988160380992 -0.230441397141 0.190349170721 0.281427014948 -0.0779555539304 
0 -0.0159716083328 -0.762748223976 -1.06997183694 0.180809992495 0.00690161596955 0.390752056822 0.202153517076 
0 -0.0198846887862 -0.0643040032977 -1.15301088844 0.726068231015 -0.441703668833 0.463377160529 -0.0214490925121 
0 -0.287548769885 -0.32375541989 -0.729342628785 0.617412239405 0.0776082330355 0.416710677106 0.222563235449 
0 0.0977020635764 -0.463232594229 -1.00641893183 0.145546515656 0.379259348903 0.299981520341 -0.452541544973 
0 -0.288017477251 -0.121994643645 -1.33988737963 0.918332240485 1.05364980977 1.31332585883 -0.00312408513011 
0 0.14510948817 -0.149731222781 -0.673564705267 0.141213295719 -0.246606293285 0.552542030549 -0.319747076339 
0 0.152005112917 -0.400937139389 -0.997188837896 0.194048409903 -0.614893224884 0.393428866246 0.0667940608976 
0 0.218489396606 -0.0704582897275 -0.809962919421 -0.0323050011819 0.24143123923 0.130564010191 0.156460919937 
0 0.474334494243 -0.237671921844 -0.858982462295 -0.0328792118953 0.0493632925884 0.473113998358 0.242124104365 
0 -0.314245448766 -0.453623809859 -0.718741471988 0.240916467255 0.397843195183 0.693587736424 -0.0324682284421 
0 0.154146708341 -0.671300853424 -0.487284831487 0.576299393285 0.0180843354892 0.57888530062 -0.419472562738 
0 -0.111604040511 -0.612050510451 -0.939166075612 0.331437533179 -0.151119135434 0.237601167608 0.117123028076 
1 0.962580279465 0.440833632775 0.443766882645 -0.9562058481 0.942477723955 0.995004232967 0.532075805239 
1 0.513434696729 0.346878663828 0.763085861833 -1.01329589326 0.793877626565 0.861926424645 0.598339143483 
1 0.72565806001 0.242214445729 0.528295828726 -0.642252645757 0.981912869061 0.758428985698 0.651247770494 
1 0.23838468577 0.65962830273 0.617495937758 -0.807333050846 1.02849477753 0.35802893974 0.510483634268 
1 0.683192443851 0.669054893382 1.00373455134 -1.08147361962 1.00651655744 0.65566975383 0.782236796856 
1 0.498462840503 0.71876767861 0.804225775927 -0.627741226253 0.891979008527 0.859957694829 1.08421601523 
1 0.49557082384 -0.514357024897 1.27113698828 -0.814074767318 0.650420349174 0.92982223323 1.53865017035 
1 0.46405365303 0.466969779889 0.598125912335 -0.77683389376 0.964911534553 0.786778141747 0.64436626849 
1 0.511308473507 0.604791891271 0.661012882135 -0.77637980753 1.17777854942 0.850625211369 0.773480251855 
1 0.891326403226 0.665289251979 0.916774607859 -0.886123657388 0.988347768166 0.988146471138 0.423099270912 
1 0.51383017489 0.0793774628776 0.863631278942 -1.20698251243 1.09176444743 0.840305955507 0.763135750503 
1 0.346118802305 0.617132920309 0.872944188705 -0.375260752715 0.904192645377 0.599306244103 0.412268415851 
2 0.481719055525 0.121764561074 0.562512993424 -0.813048908526 -0.764690875892 -0.615112439285 -0.466384869146 
2 0.329679490637 -0.0484673489696 0.0334813624614 0.105393536453 -0.824168555402 -0.703939525201 -0.570109103578 
2 0.889792611972 -0.165853612646 0.78614747492 -0.451769247628 -0.976576373205 -0.419425528694 -0.487016008574 
2 0.424738573571 0.0459103381264 0.56171370414 -0.654052089261 -0.715085483804 -0.0752647751286 -0.448184061143 
2 0.608639688109 -0.0690199883707 0.820402250429 -0.348149737728 -0.498832569232 -0.929564279516 -0.310721510648 
2 0.417090344666 -0.233292178356 0.331086786788 -0.860118423089 -0.687621717627 -0.412963755359 -0.402105762469 
3 0.801968697515 -0.51689780551 -0.16832427782 -0.164911404446 -0.531769440935 -0.0206788813588 0.0345928659709 
3 0.333721855284 -0.401803998281 -0.613910090094 -0.159484348097 -0.630560609182 0.230066950309 0.291311761487 
3 0.492084755374 -0.0521715217721 -0.239190311388 -0.335430971084 -0.707660613762 -0.0334947487279 -0.0578474758847 
3 0.324505279129 -0.135186143967 -0.448139903446 -0.163696895159 -0.529343521904 0.524397691605 0.188843160186 
3 0.237187539308 -0.407189860618 -0.467091637302 -0.164751742712 -0.703611125489 0.0209687503596 -0.121920952013 
3 0.969500141262 -0.854095968678 -1.01069582707 -0.867369818492 -0.366883466544 -0.0661978940314 0.599147736623 
3 0.649526470756 -0.978851091265 -0.0539455307371 -0.513872493408 -0.72085450339 0.275470085777 0.906132231434 
3 0.390588792505 -0.570843882006 -0.417422813294 0.0576041661278 -0.638659528048 -0.106534438215 0.16662225527 
3 0.657506016101 -0.653319209054 -0.978716526061 -0.372804991572 -0.293320700256 0.05000836413 0.173751392474 
4 0.165281157927 -1.02749554428 -0.717778333811 0.392678494968 0.541228617681 -0.723349653773 1.16648501335 
4 0.320428235593 -0.971680704114 -0.72420155751 0.329179729139 0.182013302755 -0.417229788848 0.638595515644 
4 -0.380229164474 -0.723888308995 -0.660045635109 0.19326917158 1.14201815326 -0.631335211085 1.45518557302 
4 -0.236604089468 -1.50427900664 -0.213082587113 0.206780973632 0.687649040472 -0.374359267259 0.473473675286 
4 0.119153709441 -0.863682253973 -0.455195423061 0.448408054473 0.864830771185 -0.586655262526 0.820769775952 
4 -0.329389101726 -1.07204575112 -0.557760482597 0.264598816815 0.597759286064 -0.224305390343 0.821005797123 
4 -0.326091035544 -1.10106063905 -0.967046915177 0.424940854834 0.749497529011 -0.631783877909 0.903571741628 
4 -0.462140924322 -1.30364533094 -0.863952878739 0.485800405171 0.814286341556 -0.371791213134 0.774764068042 
4 0.0280041070203 -0.674836736784 -0.487102174245 0.268472604078 0.765920182699 -0.0411193120219 0.81563075353 
4 -1.19659180148 -0.739673858369 -1.02593317718 -0.0692660020127 0.561077478067 -0.141038958958 1.4441633001 
4 0.168762117813 -0.791951770808 -0.728189407066 0.405881129058 0.509229756317 -0.894223616281 1.05036448505 
4 -0.0937380869113 -0.877013003868 -0.867282553631 0.19225935808 0.736475238965 0.107226903745 0.69690161629 
4 -0.226457741293 -1.04354304703 -0.56130119373 0.0485269039015 0.74365671117 -0.847713588444 0.804771891133 
4 -0.18669307056 -0.95248572492 -0.780469974851 0.357289608375 0.875185764727 -0.643052193513 1.13447044164 
4 -0.0383187495211 -0.664993021242 -0.50974371302 0.467004785524 0.999307321307 -0.650091856615 0.930266225219 
4 -0.242094910521 -1.05355973571 -0.509141609973 0.501613803814 0.51526851459 -0.229996425302 0.552313143198 
4 0.0719220692407 -0.820866292186 -1.0769940203 1.02731700207 1.04083470449 -0.718496430386 0.680023916988 
4 -0.0269156894715 -0.349629583172 -0.659253321598 -0.849230899566 1.4536626282 -0.146526519119 0.372432707741 
4 -0.131081170705 -0.93719933584 -0.819953891447 0.392242209827 0.581180286679 -0.538439880201 0.91406002881 
5 -1.12250627622 -0.843897443649 -0.0393240756639 0.0235228591333 0.802617970767 -0.910258305097 -0.325764850681 
5 -0.513650478745 -0.721695458411 -0.303595121408 -0.30157918675 0.425797055656 -0.635295888931 -0.617069987292 
5 -0.696384411452 -0.418109308885 -0.515118971176 -0.0591412256124 0.493234575604 -1.0393294236 -0.320996160697 
5 -0.792562038474 -0.938779389674 -0.572704031517 -0.377109587738 0.579487839462 -1.18839271326 -0.902502040052 
5 -0.77555008261 -0.934682280645 -0.757293407286 -0.0712324064082 0.254126206068 -1.2497061695 -0.471508032018 
5 -1.22914248277 -0.827331372631 -0.344895570633 -0.245059632365 0.655663537753 -1.15655572947 -0.615911828778 
5 -0.897093078613 -0.949268352341 -0.577305727811 -0.0425297801096 0.472717806874 -0.83108916819 -0.318562314214 
5 -0.489428389332 -0.950708964807 -0.588156815112 -0.0846384352074 0.361961780492 -1.165998377 -0.568148888621 
5 -0.997644000262 -0.778800730496 -0.390689983523 -0.296762423162 0.591190955702 -0.542849747748 -0.17348688988 
5 -0.754286530297 -1.18297395761 -0.817096006913 -0.47927243964 0.384121191327 -0.829014944639 -0.433921896374 
5 -0.799364809624 -1.18430250365 -0.704186948122 0.0104188002858 0.634557641417 -0.777472398479 -0.450725718868 
5 -1.00568388223 -1.04147290427 -0.252100267252 0.0330670863114 0.551724618374 -0.343513504424 -0.615004855544 
5 -0.811774690272 -0.693737174283 -0.701330335541 -0.142654557615 1.20015327778 -1.05296981542 -0.675975160518 
5 -0.672536424716 -1.67520749732 0.0928913024315 0.0152537921473 0.589634936534 -0.560051145374 -0.902807111545 
5 -0.658651473032 -0.330066168771 -0.705472051364 -0.442272823829 0.076808845066 -1.49959218083 -0.813337374148 
5 -0.853811597144 -0.837673428148 -0.782080420871 -0.50839832255 0.715218896781 -0.557604788582 -0.696453508727 
5 -0.942551733028 -0.942086359009 -0.504096191045 -0.077231396349 0.577369305635 -0.847136506005 -0.62193356884 
5 -1.18210238647 -1.19088207555 -0.631430843384 0.429216170003 0.83805672726 -0.313409181233 -0.447419334494 
5 -0.755584574293 -0.79725279825 -0.759085882284 -0.394937538327 0.599164962054 -1.0183223394 -0.686139960062 
6 -0.262842944108 -0.491982338917 0.321248318037 -0.904221686924 -0.737704872575 1.16640413577 -0.00938838047274 
6 0.137412392507 -0.865148794658 0.776448669822 -0.54736889976 -1.40529548511 -0.174751802271 -0.0830098516842 
6 -0.730014057328 -0.651618263065 0.662643710172 -1.03998011921 -1.4065764646 0.330830459413 -0.166349002683 
6 0.0960515842371 -0.417656365645 0.91885560812 -1.00398796119 -0.781461979728 0.612228175885 -0.683862832339 
7 0.861308338252 -1.01231812011 -1.03810403204 0.398167353596 -0.697821062108 -0.438580048822 -0.9600490254 
8 0.193451640593 -0.255861350156 -0.700298165629 0.697289340839 0.562759885438 -0.744427697344 -0.397850210092 
8 0.461309555287 0.238094819385 -0.928521281651 0.4962747504 -0.0201394870369 -0.948836608179 0.0993529981133 
8 0.083381181045 -0.256593670832 -0.569275637714 0.805345131564 0.440977313842 -0.980200120489 0.25708387585 
8 0.280759894639 0.0888330084236 -0.955548630102 0.997141184038 0.255077760397 -0.147939614756 0.294790547054 
8 0.383440104082 -0.127935582158 -1.1635211046 0.741725834733 0.0201784425944 -0.61745328843 0.0400035635203 
8 0.0347286752725 -0.185225322857 -0.647873450454 0.442339203866 0.494255108936 -0.614856097771 0.307825439291 
8 0.367526637911 0.082490799015 -0.65725896414 0.446046688671 0.671056557548 -0.846159357971 -0.182403305581 
8 0.275568056404 -0.309560642361 -0.76268317336 0.772712982854 0.397780889154 -0.349682816162 0.204578363639 
8 0.352016899559 -0.076001289759 -0.615307779109 0.674693122921 0.422116338994 -0.297324989679 0.133043061205 
9 -0.146209453402 1.04119080355 1.04645222354 0.934598007724 -0.0306218345373 0.1671672885 -0.930968922769 
10 0.479219415983 0.544099490811 0.197908359596 0.261318674948 0.300123716605 -0.967170159958 -0.919584137632 
10 -0.0301706071687 0.187336144186 0.567761184685 0.334291072888 0.579984683919 -0.320811473563 -0.773385566182 
10 -0.165457090856 0.644028505505 0.424004641378 -0.201133339964 0.528591610502 -0.483880373007 -0.683180602967 
10 0.170553752256 0.452419404593 0.600993067035 0.475643626393 0.740995800895 -0.0815521046779 -0.839632003025 
10 0.0431774852087 0.212027761149 -0.153311973254 0.237379867924 -0.603604741597 -0.296289180241 -1.22082311132 
10 -0.33823133638 0.234267321054 0.849404537097 0.118300214866 0.685814179946 -0.448982425306 -0.656539293401 
10 -0.452206058324 0.832525643455 0.597920568606 0.165812908816 0.553463807148 -0.373505482366 -1.14176559914 
10 0.160019244604 0.187974229354 0.879144799184 -0.0224836239721 0.888758086045 -0.611785461595 -0.888850548926 
10 -0.0542145112336 0.0889250018771 0.385631484649 0.0843689085702 0.790635631951 -0.50051312145 -1.1738336232 
10 0.0662059612834 0.731565969245 0.863003900992 0.278488628108 1.10041990488 -0.732631037267 -0.792968612942 
10 -0.062665137398 0.258227125389 0.755800424126 -0.0977145898659 0.331615638701 -0.399227911662 -0.860381602235 
10 -0.320200786883 0.498916610716 0.85245396451 -0.0305815702187 1.06085413726 -0.340075624223 -1.05187518416 
10 0.246583849522 0.446444696868 0.607005341194 -0.0863831385899 0.378656015118 -0.35629916773 -0.700120457425 
10 0.126524011018 0.503265033807 0.675482289515 0.39201565594 0.553711331664 -0.737530342996 -0.789008859832 
10 -0.0895772719551 0.515631025191 0.761476803154 -0.381760286551 0.910008644225 -0.523965460788 -1.05245498211 
10 0.236866362478 0.0690719424128 0.391121785346 -0.043298781872 0.979211372404 -0.41701133001 -0.59493840708 
10 -0.0623449041022 0.565459961943 0.912578530469 -0.0154619568219 0.971951627459 -1.19121674468 -0.800980406688 
11 -1.23305458391 -0.897798923483 -0.580668355504 -0.814617939546 -1.12397397865 2.1182168657 1.12588087021 
11 -0.934553736706 -0.787405268925 -0.675437766353 -0.867305479521 -1.23778232985 1.02650848531 1.44241684983 
11 -1.29916324997 -0.563362812203 -0.53585941273 -0.644931058234 -1.15656029571 0.629374264905 0.954013149072 
11 -1.24364768103 -0.959326367825 -0.706678664662 -0.367277489551 -1.21370305994 0.470316548815 1.00399369528 
11 -0.809750375926 -0.533733369536 -0.603494178218 -0.405022184958 -0.763073595363 1.02702325959 1.2219940301 
11 -0.523321754825 -0.482065456867 -0.879159969099 -0.537718708847 -1.04972346276 0.790349722738 0.784200333536 
11 -0.687837337677 -0.665722494175 -0.753030339762 0.0401573939575 -0.905087492968 0.975837601822 0.741089220033 
11 -1.07395282779 -0.877555537395 -0.781590228783 -0.503000642864 -1.11532892797 0.773155060997 0.881681710019 
11 -1.30905521643 -1.00862289736 -0.717097450333 -0.286218989406 -0.563505335757 0.834607098103 0.866410862145 
11 -1.08138391886 -0.567831495311 -0.764165575396 -0.730482121029 -1.22682285702 0.937106495724 0.880053806893 
11 -0.523746471764 -0.547630536748 -2.04424929038 -0.34480966694 -0.772888428035 0.815946025035 1.03200657063 
11 -0.659480170536 -0.536222849007 -0.217431228501 -0.559374199141 -1.84041544293 0.694063425204 0.646214015756 
11 -0.937194534861 -0.536497320394 -0.588390204307 -0.946929064949 -0.819497037578 0.599757068603 0.822461267015 
12 0.440659766816 -0.138487420033 -1.38438154279 -0.0154398022253 -1.30335752961 -0.256923758976 -0.488042909347 
12 0.593964393214 0.0134294071453 -0.982491803724 -0.0260468402266 -0.954693803463 0.994346139644 -0.149443366899 
13 0.581315261404 -0.62119792154 -0.441058654448 0.522837142218 -0.241040823304 -0.502781931719 -0.743599429397 
14 0.911694080916 -0.312835709213 0.466806654449 0.871665540415 0.093450656022 -0.904153144907 0.854329843039 
14 0.87819546521 -0.219752466671 -0.0593854493399 0.918857556684 0.127260150123 -0.554097520175 0.652472005401 
14 0.665210976046 -0.152123247944 0.0749505465087 1.18491712438 0.0863111254561 -0.949221269622 0.862517068294 
14 0.162675732432 -0.211331527194 0.507749179963 1.26401641022 -0.188641038133 -1.12259176978 1.5552105658 
14 0.618348126146 -0.175540129059 -0.0140304559884 0.710128285284 0.478907261277 -1.02169805792 0.997064035948 
14 0.902027571987 0.069687150605 0.218451853476 0.807996392158 -0.0948457828665 -0.939506658657 0.93479520964 
14 0.667223864853 0.062123106539 0.00324880138381 0.397745533828 0.334049521813 -0.73928819376 0.909700767288 
14 0.911740478973 -0.160561765556 -0.217913050554 0.171840466529 0.348529938042 -0.736315343593 0.752926293241 
14 0.602399817713 -0.0806111678135 0.00411988182665 0.540325663965 0.301649806992 -0.651224461676 1.06130326784 
14 0.785752057594 0.620730611469 0.165895411996 0.721026639264 0.401048777958 -1.09089569075 0.891520341079 
14 0.614078684972 -0.0116372954588 0.248691188355 0.319298327325 -0.173484407245 -0.809564675289 1.03201069421 
14 1.01826832189 -0.0670243086476 -0.960399114019 0.310703797398 -0.344234919035 -0.597438926748 0.943742003633 
14 0.870322678255 -0.800102861964 0.356165545395 1.03171466588 0.0555992909041 -1.06057609312 0.416745336493 
14 0.957231727462 0.0959033930065 -0.26100073125 0.810130487172 0.234391914172 -0.331993975172 0.83489313674 
14 0.706587062906 0.263487654658 -0.00565057459994 0.416738286854 0.152719322061 -0.864219641571 0.745680074017 
14 0.676305595936 -0.531350356345 0.0857618672735 0.420728116503 0.493170170506 -0.959101785073 1.26131361129 
14 0.713661757549 -0.3294339222 -0.113674707325 0.572383736136 0.183623051416 -1.07015710606 1.47842309945 
15 0.0631088867381 0.38330360538 -0.152353551969 0.792636549254 -0.775724358827 -0.555630495984 0.329634858733 
16 -0.911591394703 0.555384983547 0.347253284759 -0.161479871744 -0.934369845404 1.2153012832 0.432366168256 
16 -0.618783350245 0.757263948701 0.471895933612 0.117454533177 -0.735251505399 0.75398214508 0.682386778393 
16 -0.871322261338 0.775437691094 -0.225366255571 -0.417248235009 -0.686119008914 0.59324388633 1.27193537886 
16 -0.264866594232 0.760572167617 0.357656675893 -0.281049564831 -0.97459945942 0.834968028473 0.970917086141 
16 -0.369729818151 0.982789369069 0.241726001451 -0.135445086323 -0.641177121527 0.646662084365 0.963101123546 
16 -0.426935098684 0.29059695666 0.2001047035 -0.284013710439 -0.909539047002 1.02909194305 0.913363220365 
16 -0.738629597408 0.709183896937 0.433974471082 -0.280072471407 -0.818634555797 0.952282610956 0.854743051956 
16 -0.106092551545 0.831520215162 0.500815389366 -0.104511137354 -0.606782899774 0.720342789922 0.542986477468 
16 -0.437721170464 0.320320683236 0.346621490644 0.546146551556 -0.795214107344 0.902308590657 0.922641532664 
16 -0.296986784167 0.581506938955 0.133639305357 -0.0866562952371 -0.759370225178 0.717104922465 0.846054208567 
16 0.0742104362827 0.753655857849 0.0970026805497 -0.349453317504 -0.915390962049 1.02721127009 0.840507853601 
16 0.0771196222296 0.66379884244 0.319160270476 -0.308995238863 -0.609243100125 1.02180576217 1.37222232435 
16 -0.465927186129 0.273264990344 0.0246213873981 -0.47897828652 -0.62366338173 0.688646828701 0.77293104016 
16 -0.754264067792 0.499781132951 -0.213123189336 -0.19146270119 -0.856033017491 0.886094491752 0.474647617227 
16 -0.770078007939 0.797398672203 0.156970758252 -0.394777262391 -0.665254634472 0.735191916843 0.343767789893 
16 -0.744641121945 0.273627685471 0.257464472381 -0.0756818025353 -0.428066595497 1.31937098055 0.873309220473 
17 0.839981318629 0.735081707548 0.70813541347 -0.142803051083 0.422356215887 1.45838325318 0.211491524473 
17 0.765169207639 0.801407503788 0.766124653385 0.360041455857 0.29482084324 1.43161491923 0.155306402327 
17 0.895408277292 0.925241168613 1.08931147673 -0.0489240706645 0.409937225022 0.807291113393 0.0754160347789 
18 -0.547411586843 -0.440875305768 -1.18978831858 0.12151622053 0.163043735994 -0.121373856065 1.00535058854 
18 -0.657119937379 -0.807518385457 -0.924267386557 0.0976318338298 0.346113920475 0.339201597815 0.364335869137 
18 -0.538727447614 -0.469677190755 -1.14536418549 -0.0680697771036 0.726195651142 0.349200490084 0.333218041428 
18 -0.383107712968 -0.414612826674 -1.13476090015 0.881945861622 1.34694863628 0.178421259069 0.305284801963 
18 -0.775111975291 -0.105339408893 -0.763834310562 0.5557880724 0.250821052577 0.237241608077 0.62146145963 
18 -1.06714167443 -0.495253973773 -0.787119869004 0.283185488355 0.367215414402 -0.0271537253563 0.57962446615 
18 -0.775223600133 -0.898765633455 -0.987113839207 0.105240282874 -0.0165855639177 0.082519268824 -0.0830251905044 
18 -0.389041150213 -0.58878101867 -0.827253060066 0.0296922319929 0.396700866335 0.382053797958 0.702190554969 
19 -0.221486329922 -0.655797925303 0.128006932485 0.392030611139 -0.945218931185 0.646467659513 0.17025654208 
19 -0.0334655708211 -0.593065053569 0.647510334256 0.759335682045 -1.52349803442 0.356018520185 0.0563265410358 
19 -0.0782637655511 -0.665693205883 -0.0188572702027 0.354053795745 -0.651876242042 0.679589175449 0.0349873645605 
20 -0.904091540981 -0.421161700891 -0.323862871797 -0.207414606514 0.648595066316 -0.756590529013 -0.384390121947 
21 0.0727117452797 -0.343447768726 -0.207095593915 -0.843478616865 -0.377760061913 -0.827248930882 0.350006590092 
21 -0.356136616036 0.434441936147 -0.328252411303 -0.669939079768 0.746382574119 -0.895482241821 1.10885883953 
21 0.321296416345 0.662752354589 0.276616840028 -0.807028395286 0.715681296053 -0.696224912153 1.34874924981 
21 -0.132975298657 0.444065809087 -0.31631425905 -0.635650866869 0.876825961118 -1.24762854719 1.13762888725 
21 -0.219407901172 0.326867757906 0.182673071372 -0.951625930646 0.751790576338 -0.569930068364 1.22110575968 
21 -0.0426805271079 0.325784407908 0.101107032259 -0.693190453356 0.10853338725 -0.776140442501 1.1515176729 
21 -0.243840232728 0.352951575713 0.0682900502229 -0.40905507088 0.338142119639 -0.533887622042 1.00782196047 
22 -0.153967780578 -0.242665534744 0.44552983634 -0.0439015110493 -0.17589390227 -1.05494571195 -1.5037790239 
22 -0.283048860411 -0.28121326139 0.647839758105 0.0455208207508 -0.383939814846 -0.696618763581 -0.611061710819 
22 -0.3870087717 0.0383912578258 0.182922207718 -0.0934502278417 0.000908440630723 -0.86701498997 -1.03067783756 
22 -0.172352027179 0.166445699593 0.515711474675 0.145730043161 -0.0909230262078 -0.736141431173 -0.824955721952 
22 -0.0625824982449 0.0970533985232 0.39196677679 0.207975914695 0.297573451927 -0.820436750993 -0.69560013565 
22 -1.01593143183 -0.453027745193 1.3195130846 0.00117774349702 -0.324304456814 -0.0172144909687 -0.530044584482 
22 -0.108639930632 0.317879878742 0.613032030051 0.135479400698 0.0257663930748 -0.425084707446 -0.92699431814 
22 -0.391032583523 0.158393081295 0.510185232461 0.0314716021958 0.168273797745 -0.628906646183 -1.07897054513 
22 -0.484852960682 0.605883346279 0.525284219526 0.203311392772 0.208736356557 -0.858714216821 -1.08377298165 
22 0.0405724200131 -0.144349947741 0.183916902085 0.435008442507 0.189425916996 -0.848965713124 -1.10351511151 
22 -0.31429210324 0.267847369525 0.186165772305 0.10620997966 -0.154926892693 -0.818204695511 -1.10139759408 
22 0.077360819778 -0.186041593896 1.065390055 0.173968626872 0.176639652306 -0.678399148991 -1.08294442757 
22 -0.102139540411 -0.10103016197 0.0803482214294 0.225214185474 -0.0769104192008 -0.748761104838 -1.217164202 
23 -0.745189417362 -0.52216907371 -0.911424398361 -0.385255720281 -0.124770092145 -0.602360502585 0.725704110793 
23 -1.2369091877 -1.26914229933 -0.977455352759 0.228817319572 -0.253831943306 -0.202669297746 0.212067595159 
23 -0.670242942338 -0.47007018164 -1.07888151082 -0.259027090876 -0.679185967321 -0.844615158339 0.860045832412 
23 -0.91214023715 -0.514977749659 -0.976619085355 -0.703930330376 -0.30505342296 -0.947182601918 0.465232693269 
23 -1.15512460493 -0.522342465413 -0.786677845769 -0.417222044562 -0.574470177672 -0.766116037773 0.645624183211 
23 -0.84189427592 -0.821853100588 -0.532075617829 -0.145127271455 -0.332290038284 -0.519387235773 0.928387547304 
23 -0.648830924979 -0.648055847772 -1.1062803864 -1.06662671522 0.0993764160541 -0.226830132837 0.744383369451 
23 -0.749055222649 -0.611484074856 -0.836316823519 -0.466512304285 -0.226166062071 -0.56079641155 0.34434780717 
23 -0.916978864495 -0.798433445406 -0.776488267352 -0.719423939635 -0.228193016821 -0.43704420137 0.486821618495 
23 -0.359681891676 -0.892935215626 -0.548187680923 0.124523598372 -0.622035944279 -0.351602983665 0.667380352062 
23 -0.703126935705 -0.659022776722 -0.760043095112 -0.545075872913 -0.424133085213 -0.918393973833 0.492664290717 
23 -0.45070310112 -0.357376005208 -0.393902604575 -0.352380271335 0.0464597803675 -0.751492296835 0.972047056824 
24 -0.0444549913083 0.0285717337462 -1.29648336831 -0.463312952069 0.574259432387 0.0675835569943 0.8921995295 
24 0.08452190273 -0.283287871927 -1.1679827371 -0.34777053486 0.706108787647 0.224149944468 0.704409070931 
24 0.0283216559609 0.304372354083 -1.19896654464 -0.171891688343 0.72462525477 0.2662558196 0.381414178179 
24 -0.278592659834 -0.312599900137 -0.452446238858 -0.102184035105 0.931631102158 0.479432335455 1.04277439812 
24 0.169724371942 -0.102529140668 -0.774525422847 -0.276402822567 0.286451942209 0.278873756287 0.539640059826 
24 0.276244261493 0.232251269261 -0.900974172513 -0.513803378854 0.313910453273 0.172093041353 0.660664129022 
24 -0.0274462742916 -0.0960493691915 -0.751825284764 -0.399651551112 0.366306095176 0.0233418515351 0.645239630509 
24 0.356040581744 -0.46334966134 -0.535791638231 -0.2068461705 0.757348654846 0.198675137331 0.771580518143 
24 0.219951754467 -0.17712040195 -1.0456401541 -0.110234254232 0.875591473059 0.44888382439 1.3374699089 
24 0.446438530422 0.161983931544 -0.921354174045 -0.354781900986 0.683245949013 0.432669678111 0.752523123808 
24 0.249262941951 0.366499405843 -0.838813480982 -0.107976431485 0.540906803164 0.256695989743 0.950811467137 
24 -0.0232136930146 -0.149353503876 -0.860541835831 0.0380815900801 0.839295386768 9.87120635609e-05 1.02726456437 
24 0.900667201527 -0.330893870421 -1.03087348568 -0.349134838507 0.421349987045 -0.187613390707 0.869853571953 
24 0.205461520962 -0.104351198073 -0.605680661031 -0.1073045683 0.809287639988 0.209017221009 0.503082539806 
24 0.309745647194 -0.028928351695 -0.654623039356 -0.38143921964 0.87251144038 0.0787231070196 0.796380387023 
25 0.0551442871208 -0.839402680321 -0.830771226003 -1.42814988362 -0.159207711915 -0.878077849423 -0.694974487248 
25 -0.244143357535 -1.36279723273 -1.21830932011 -1.03579981939 -0.148232577795 -0.829283112875 -0.574873056417 
25 -0.184064259001 -0.936696802506 -0.779132647963 -0.771579395331 -0.0396719624117 -0.755218064011 -0.228644897378 
25 -0.629309477594 -0.712077885606 -1.0447649798 -1.066902204 -0.11386136999 -0.742132504631 -0.350823094983 
25 -0.307853445582 -0.588218891673 -1.38129747457 -1.31817741716 0.0556247558747 0.220562103137 -0.845816759841 
25 0.125126871593 -0.891539549159 -0.789866537622 -1.1128390878 0.251920141994 -0.851315818414 -0.518916269142 
25 0.311725415973 -0.857671870562 -1.05460645067 -1.00516587385 -0.256514285405 -0.292535278588 -0.266175329653 
25 0.333679357021 -1.07554158419 -0.622474142437 -1.302929967 -0.098433664786 -0.810467996192 -0.504309037182 
25 -0.343204121494 -0.7012629876 -0.754641639811 -0.710614786683 0.140798358175 -1.11383727281 -0.457506980799 
25 0.123063033256 -0.932602128453 -1.04361126445 -0.689811930545 0.457026129831 -0.902409964623 -0.204395603531 
25 -0.199676775891 -0.616991169883 -0.680569032416 -0.713902523664 -0.308307085916 -0.680684635557 -0.378402604758 
25 -0.16764604389 -0.886296718377 -1.21593361604 -0.885514844721 -0.0917187282065 -0.940053846816 -0.619424440404 
25 -0.219437900615 -0.582682185175 -1.26824572486 -0.879043023736 -0.261098867983 -0.577298079894 -0.239032701441 
25 -0.451096811419 -0.654755239897 -0.614378366804 -1.03592652429 0.255716434061 -0.365599286745 -0.48224242308 
25 -0.224952993466 -1.43944517597 -0.904128544064 -0.926739400718 -0.564713056847 -0.661763033362 -0.361938353622 
26 0.0981922242857 -0.482274679936 -0.431056243938 -0.26778992434 0.605292759496 -0.0101627106141 -0.0807088199741 
26 0.516700663812 -0.910300094835 -0.901493462786 -0.511021973382 0.602102757613 0.23463924997 -0.0611782837129 
26 0.159227617944 -0.644418999085 -0.608722457556 0.0323090128428 0.590171603346 0.278200973825 0.0472865472281 
26 0.446667336916 -0.612788805118 -0.811669307727 -0.243976018764 0.464000046095 0.523073667326 0.282804374931 
26 0.170914088143 -0.380019310001 -0.485090571122 -0.629218345127 0.891109947542 1.09374814225 0.151245327064 
26 0.288044750878 -0.981148463947 -0.443940243911 -0.266227910418 0.666995806696 0.648675477391 0.360140388019 
26 0.67836788854 -0.401964106883 -0.402799439269 -0.171529092469 1.22481652409 0.571209450933 -0.229725299054 
26 0.0178224601853 -0.446169759753 -0.640744386169 -0.323926121316 0.680188562316 0.347352939897 -0.123176483093 
26 0.648831277377 -0.493198071101 -0.77678954803 -0.875183538626 1.1234326908 0.23515737862 0.204646140228 
26 0.247187310124 -1.01618270529 -0.702973152957 -0.301004728819 0.652524283975 0.544773853005 -0.113863074322 
26 0.187452124127 -0.617332109841 -0.651666436584 -0.27327638993 0.568611120574 0.415144029228 0.23205834997 
27 -0.961985147543 -0.361799362217 -0.265084536021 -0.430495023746 1.96462486906 0.0105678990576 1.71491443567 
27 -0.878414650472 0.0148598876641 -0.00425503458831 -0.410180916358 0.737226534 -0.0632526575588 0.791058799301 
27 -0.81788995427 -0.222658209286 -0.223919185433 -0.268920874428 0.690265562008 0.173537468037 0.976020323337 
27 -1.0360719738 -0.181334453624 0.117703631876 -0.115975566343 0.766453993415 0.26422104372 0.557788025574 
27 -0.508583748088 -0.290787476476 0.178856629443 -0.430035604201 0.714984909286 0.133072064931 1.20969596893 
27 -1.4619526879 -0.411900204408 0.125134554042 -0.510554863842 0.630529842101 -0.131165902835 1.03140037445 
27 -0.653950922096 0.193528161911 0.435397751087 -0.0854148308471 0.175315858216 0.254394219706 1.02199478498 
27 -0.694357236795 -0.574412164858 -0.0108427137439 -0.290849411587 0.758925550776 0.188382102252 1.27452988035 
27 -0.861409140257 -0.00988053720478 0.0992863801596 -0.0429275612671 0.551508377652 -0.040373111479 0.788760550879 
27 -1.07373439356 -0.268141502647 -0.511466139573 -0.210098495449 0.305182958588 0.223490667567 0.75424650134 
27 -0.889416336212 -0.359229703192 0.276034293128 -0.63505504375 0.317941021003 -0.0576281238189 0.867208820144 
28 -1.00709256637 -0.211940592706 0.714229944882 -0.766441570827 -0.792876968004 -0.498740218882 0.0116747793824 
28 -0.846237867395 0.00228394924121 0.939170124165 -0.669621001432 -0.804406533397 -0.840386416481 0.143840039758 
28 -0.130315834449 -0.466525904291 0.444080601255 -1.0305371605 -0.605199028525 -0.550884757796 0.0722893209584 
28 -0.752199935651 -0.25891512278 0.169394765777 -0.881611339297 -0.866968050061 -0.640729381655 0.139864342749 
28 -0.744124138378 -0.382621846111 0.61305509274 -0.889039529929 -0.749230347586 -1.11368260948 0.0584127764426 
28 -0.623405771073 -0.446900763046 0.226176708136 -0.927629478013 -0.462699782925 -0.246048298112 0.229962511988 
28 -0.728462153176 -0.139916958851 0.191403079669 -0.878588118895 -1.06733471509 -0.51976747204 0.13360796226 
28 -0.706947002019 -0.287518584382 0.420155140694 -0.725085654664 -0.73986013745 -0.398833824264 0.000464624129989 
28 -0.533111985831 -0.0869556809682 0.493516797032 -0.996912664367 -0.45035825161 -0.572642270326 0.0900080146055 
28 -0.47422673172 -0.130467323826 0.133461302067 -0.883678219863 -0.456680756777 -0.816721662011 0.0888405042979 
28 -0.432913134924 -0.115905503577 0.253141753812 -0.729816548932 -0.871814064237 -0.922747853985 -0.472156948822 
28 -0.92127711891 -0.329063700715 0.216621958963 -0.291599477006 -0.633535110002 0.284613913978 -0.270692614432 
28 -0.8907398304 -0.254754185389 0.733643105222 -0.928410209524 -0.953013308256 -0.770839049641 -0.164510862354 
28 -0.52605936345 0.0290371641066 0.391448924737 -0.640980343738 -0.353476573983 -0.837055653607 0.145918851324 
28 -0.697741586295 -0.436929057106 0.477610414698 -0.576713418006 -0.867745314497 -0.744881574962 -0.143951310825 
29 0.122338154576 -0.499412203882 -0.138935012891 0.817922875279 -1.05791767412 -0.784306960428 -0.331668735016 
29 -0.0695449695252 -1.31265574444 -0.44443355865 0.969864788221 -1.94433105808 -1.40210951208 -0.0837072109651 
29 0.57783142039 0.157539191197 0.248018795562 0.772115299548 -1.68122945228 -1.28299167311 -0.342067956517 
29 -0.29114332616 -0.825922233414 -0.128132778986 0.441984607585 -0.773898850398 -0.928634220849 -0.51114858946 
29 -0.441097647975 -1.09857359373 -0.501630005275 0.880586146567 -0.786124864434 -1.05804306376 0.127008710476 
29 -0.0915522213355 -0.380872914301 -0.501733867905 0.655707561368 -1.340113712 -0.661460126257 -0.152120231907 
29 -0.0114817787137 -0.882801564724 0.255826073635 0.377440620143 -0.896791318997 -0.813674744965 -0.193788356377 
29 0.108513799167 -1.03103108802 0.573212175513 0.402328948949 -0.76615857581 -1.55307416438 0.735897425294 
29 -0.320124940677 -0.671387913732 0.215995055537 0.642939469037 -1.45726338527 -0.782487153895 -0.00344638091678 
29 -0.180480784652 -0.498510425539 0.274252166397 0.508687923154 -0.722806129646 -0.687456585449 0.15550467115 
30 0.055498190309 0.0838314430663 0.381153156286 0.17412608765 0.812669807296 0.20786919754 -0.754334360037 
30 0.0408412358054 -0.178852386252 1.08333007762 0.318388580181 0.56777847976 -0.140287830191 -0.682683030735 
30 0.318597126994 0.466841443856 0.876490751078 0.267886465486 0.8363574805 -0.182973037098 -0.81095271861 
30 0.244596922059 0.103145105252 0.709453407359 0.0280691044911 0.610636451505 -0.306303548595 -0.466589717069 
30 -0.144324477437 0.17800203519 1.05161598827 0.317704982396 0.970402708138 -0.0293959833522 -0.422793706263 
30 -0.194375034901 0.441300147245 0.88263625857 0.103830013109 0.987634647969 -0.277721500399 -0.816974061994 
30 0.244923374245 0.140889293358 0.440447975299 0.119197320366 0.775714225868 -0.370680209687 -0.0575035136358 
30 -0.0902346156044 0.440257014391 0.958038368435 -0.00155731195075 0.685339604173 -0.340262426954 -0.584616965096 
30 -0.330007049347 -0.117132104304 0.985522947407 0.351691125781 0.817288192844 0.488737030859 -0.192922571919 
30 0.260700912004 0.436617711663 0.804778774988 0.401996798802 0.950380418294 -0.372719669948 -0.252438439077 
30 -0.0322970659107 0.222873201008 0.452468239316 0.147212145408 0.939663632444 -0.709912119858 -0.0417869050622 
30 0.0317323606437 0.527201676259 0.62181291847 -0.109979103087 1.15456788359 -0.355741722247 -0.213954308089 
30 -0.0630237182615 0.28756153305 0.533176790692 -0.0579292545472 0.802123448465 0.218941675373 0.00737023058585 
31 -0.0289961626978 -0.288157722955 -0.481573640183 -0.350776176583 -0.288873429165 -0.92771757611 1.1057913585 
31 -0.445277987994 0.0381685330654 -0.320926195238 -0.278371363013 -0.810308287612 -1.15997993429 0.755414114955 
31 -0.387604750876 0.144738936751 0.0387462660835 -0.0104338228661 -0.830702852837 -1.55688096528 0.74668440181 
31 -0.104235802151 -0.209298282748 -0.125819943206 -0.312173012245 -0.742763664757 -1.42347170808 0.963265651038 
31 -0.447757014302 -0.333912044081 -0.469014591969 -0.0502117338492 -0.946642645626 -1.27823145172 0.808390213651 
31 -0.479217001451 -0.359222474356 -0.306044724242 -0.608939961426 -0.955878006764 -0.803676088756 0.911023494035 
31 -0.221162527091 -0.149468293453 -0.18783341241 0.265978462399 -0.704581103174 -1.30500694864 0.858425262266 
31 -0.118559148406 -0.33095602003 -0.430230950735 -0.237452425358 -0.525539266408 -1.33892476691 1.11177362222 
31 -0.0790399255677 -0.233979105438 -0.270852903253 -0.348903775563 -0.402830774096 -0.681266589885 1.07024231864 
31 -0.298192177978 -0.288347017142 -0.432098715804 -0.119710193902 -0.661144301015 -0.945153281341 0.720031698632 
31 -0.252731897725 -0.477971002906 -0.313798288535 0.199136621393 -0.735953338111 -0.806847263207 0.70699054122 
31 -0.214498570667 -0.345506963587 -0.193099972742 -0.202798485274 -0.628558179504 -1.37079612847 1.0275219087 
31 -0.167492235167 -0.325958608723 -0.440755621425 0.0671657416876 -0.872059035086 -0.729567817563 1.0970848182 
31 -0.09816277051 -0.0530159446065 -0.505431672208 -0.231976597653 -0.784267214541 -1.09486848763 1.07993182769 
31 -0.330827482406 -0.460636684517 -0.553327737264 -0.242191974634 -0.835814647391 -0.789317802996 1.33388325794 
32 0.898148500887 0.433381637848 -1.10825549255 0.452760351659 -0.477634410855 0.0717959376665 -0.711537913301 
32 0.895207064543 1.48586153386 -1.12079193491 -0.0692995748373 -0.147761742839 0.186210993984 -0.204207076624 
32 0.89520706039 0.395110828452 -1.00456514104 0.220837238471 0.0513986866706 -0.040734751578 -0.968818821974 
32 1.05338263158 0.835077437668 -1.15093647144 -0.0429431424853 -0.156613244868 0.0699073885347 -0.64451822979 
32 1.04968492431 0.753748857419 -0.991685445257 0.0282324512748 -0.36209678805 0.259577926929 -0.888055825709 
32 0.775451354458 0.543097345501 -1.14458977196 0.0877730050691 -0.712021305031 0.377355417737 -0.957805113465 
32 1.21461058644 0.370982930896 -0.646054731837 -0.0663697427709 -0.528670055001 -0.0670919475588 -0.815042580608 
32 0.626909223082 0.634640806127 -0.947820147041 0.160564195315 -0.460055363194 -0.143513935874 -1.08151224183 
32 0.916566203974 0.770889526789 -0.663420233577 0.144912737279 -0.354371379619 0.0918292980314 -0.630985537653 
32 0.646739436374 0.785103219302 -1.03682443781 0.0224112620561 -0.747104481029 0.0800702102551 -1.03643412485 
32 0.609961391407 0.532373033028 -0.792263949706 0.386465837906 -0.476901100615 0.221201125629 -1.18690271609 
32 0.941603176524 0.627073095633 -0.482823239316 0.0431800459027 -0.450785386508 0.49004476785 -0.600223590835 
32 0.704625075767 1.01660204195 -1.00429640415 0.158571024676 -0.470162822689 0.63743534978 -0.803159596318 
32 1.24123175488 0.425227170352 -0.789308668061 -0.340012078147 -0.565102717256 -0.00540429330845 -0.854457939952 
32 1.06032496505 0.919062040916 -1.17878044156 0.274708818113 -0.309325828912 -0.0978975809401 -0.651830793206 
32 1.10951299658 0.506762689985 -1.15458683753 -0.0468459726731 -0.675510142115 0.105271354081 -0.577471421383 
33 -0.399865277368 -0.635747602169 -0.513027759935 0.79270159811 0.686040595322 0.55513999927 1.00423622125 
34 0.102796651083 -0.564503878556 0.0461238829704 0.932629017743 -0.338299010692 0.790636900317 0.632844809012 
34 0.169097481707 -0.764722971831 0.456401941314 0.939045825529 -0.713635667208 0.351315160726 0.304344822983 
34 -0.0403052262185 -0.561657717658 -0.0132099396386 0.722439402341 -0.795860553556 0.544885630751 0.687687654243 
34 -0.0291218270046 -1.23407679178 0.257155221513 0.728464223533 -0.732212144476 0.911542149211 0.770226525284 
34 -0.0177672280792 -0.819410186361 0.0406908049181 1.1234315227 -0.603030347458 0.615957055098 0.325986473412 
34 -0.150728384366 -0.906482278842 0.0906068282132 1.02352224254 -0.49872717657 0.621810099697 0.371332910183 
34 -0.123761826985 -0.540458838985 0.591145840422 0.89445360869 -0.504069166265 0.871832786446 0.000371788930715 
34 0.238484036989 -1.05703537149 0.193781913182 0.964150558454 -1.00133903194 0.366778332279 0.744202617029 
34 0.42467021887 -0.836409566824 0.442273747494 0.649226192004 -0.433807270204 0.652891272378 0.457714322245 
34 -0.544072319654 -1.553755937 -0.191693994365 0.715814481808 -0.566861881768 1.03559239269 0.634193252805 
34 0.186945446729 -1.00571823559 0.329480075994 0.683760328053 -0.52854579934 0.636999416641 0.488577575356 
34 -0.211907845721 -0.858814320483 -0.257712408314 0.467684685342 -0.514135453232 0.229939665742 -0.16409537928 
34 -0.00420571639972 -0.892988526664 0.0837866224345 0.776592393504 -0.534942133646 0.886528176419 0.0520532992549 
34 0.282600002637 -0.911548930442 0.112383035045 0.888036662298 -0.541416547268 0.883168692669 0.786971434641 
34 -0.0684107036991 -0.538308696325 0.393551695621 0.524729440387 -0.648896679602 0.123574394298 0.329142560267 
34 -0.00494632741207 -0.305623599653 0.341319607763 0.96580372085 -0.27465280827 0.32994676442 0.510188247016 
34 0.242781763754 -0.891169726762 0.0488072064679 0.519556100368 -0.305520117375 0.84029840107 0.446038477905 
34 0.492597071049 0.51727405086 0.764024686388 0.673878564149 -0.503668966094 -0.0555951019417 0.52539430409 
34 -0.410952106372 -0.0197686113403 0.499343250113 1.00515360966 -0.708434429336 0.901944914358 -0.288616804941 
35 -0.598933379888 0.0813035632395 0.778273587968 -0.162290298012 -0.38679731944 -0.924328515249 -0.859201385668 
35 -0.632643907598 0.236576368068 1.1785052269 -0.673265874046 -0.316293131689 -0.856627272302 -0.593703921848 
35 -0.0588008248856 0.825225997414 0.937296369487 -0.430445560936 -0.51910906292 -0.940394092265 -0.916967536248 
35 -0.555264254578 0.255872108884 0.705370988315 -0.282784301322 -0.0188233830218 -0.748139317961 -0.782687933568 
35 -1.00720717954 -0.250907299254 1.39733680376 -0.320028876028 -0.370819104496 -1.20279118736 -0.496880165407 
35 -0.478990566613 0.360842085076 0.952661382106 -0.595173766715 -0.328195224415 -0.754139952029 -0.669493856041 
35 -0.72514342682 -0.49845488397 0.864696784125 -0.7087279626 -0.435075563231 -0.194017255104 -0.301499403482 
35 -0.356432661827 0.26574220104 0.66761892698 -0.561187034569 -0.528879574725 -1.01703855653 -0.833359362991 
35 -1.46177042613 -0.403613832573 1.76436621937 -0.604578793872 -0.380366116592 -0.658230439416 0.560629780971 
35 -0.623906173142 0.0764824462785 0.97955472456 -0.295139066774 -0.258028433881 -0.730674379186 -0.935040315687 
35 -0.555667967714 0.257925791158 0.682234270916 -0.349878778091 -0.325800296063 -0.800038098985 -0.623510229884 
35 -0.668728691696 0.0496001934681 0.821568232285 -0.226052319109 -0.168630716748 -0.888639954587 -0.514909662402 
35 -0.797920925035 0.356064264378 0.789385300192 -0.158499218513 -0.128697853082 -0.948619242892 -0.036526252891 
35 -0.508485335855 -0.235721831037 0.601360356459 -0.469075388021 -0.3825518615 -0.902770040031 -0.685530775405 
35 -0.614828395577 0.198338606849 1.0200480885 -0.397645936159 -0.443365179591 -0.774322626396 -0.398643717562 
35 -0.556789709376 0.0343577940051 0.693303821235 -0.810321114189 -0.402267715668 -0.721533221544 -0.291306189887 
35 -0.328887455086 0.414624329653 1.02574942554 -0.321960319982 -0.213212908326 -0.676917995692 -0.575212091581 
35 -0.95401656444 0.146653112692 1.31157028857 -0.495864336431 -0.437112360632 -0.914290371745 -0.655469220868 
35 -0.322049118723 0.175962653791 0.834767864394 -0.42386217065 -0.581973189226 -1.06138821522 -0.373627626335 
36 -0.765750793587 -1.08982352768 -0.0362876546981 0.247335051955 -0.565136253949 -0.860550146584 1.16375454827 
36 -0.512655518802 -0.796273633158 -0.61181365799 0.761448748046 -0.471535730447 0.326187433586 1.30669138998 
36 0.241570552305 -0.763583285228 -0.119943115634 0.711567585456 -0.462702331226 -0.255122731161 0.884091831556 
36 -0.046744366062 -0.565827306023 -0.549869446006 0.56430989859 -0.210805198028 -0.389689098122 1.43808412386 
36 -0.570340113353 -0.824650639441 -0.20852561602 0.418428911422 -0.501260804698 -0.365847321136 1.03664714344 
36 -0.259992198762 -0.440761578601 -0.199446657818 -0.116155935685 -0.366016803091 0.140022620687 1.06083227292 
36 0.182429368934 -0.717840769716 -0.0849628331336 0.759068593999 -0.584013484852 0.119997591601 1.45003101121 
36 0.17866526768 -0.813683673655 -0.193937781858 0.517721219593 -0.0874561962086 -0.104076883388 0.880882087479 
36 0.00666875469194 -0.573512664912 0.00242133556463 0.774133651141 -0.981290993287 -0.196536127472 0.806559734064 
36 0.118809542047 -1.13479826241 -0.487705974628 0.491549728105 -0.696329282863 -0.22722703314 1.3969625381 
36 -0.0451681921021 -0.663940714391 -0.563764421661 0.870521168699 -0.310534862081 -0.235282708707 0.980452846483 
36 -0.0794698617675 -0.663310931473 0.215790968947 0.571591564387 -0.342418548227 0.443665519911 1.14872967706 
36 -0.0946194984152 -0.558413774982 -0.502508612136 0.864185682115 -0.158240736738 -0.373670788595 0.686535837696 
36 0.356803701537 -0.45209860909 0.460242745202 0.674247079835 0.464073163673 -0.0673802650028 1.11406268745 
36 -0.0282941989051 -0.483065996867 0.143020503973 0.473207208593 -0.136921267033 -0.180383927473 1.00001238022 
37 0.304668239905 -0.386629719411 -0.152042068731 0.118673428076 -0.115311688431 -0.0720762530027 -0.505941083204 
37 0.142402904834 -0.493399826625 -0.114604333124 0.242791189702 -0.0409887581704 -0.523534757908 -0.342310229277 
37 0.589026442873 -0.184852589625 0.177554431945 0.20737405811 0.0118667375938 -0.283534268215 -0.657132401572 
38 -0.490065129945 0.433020996311 0.662175628386 -0.0755124093922 1.08560980871 -0.275082196851 0.444260146431 
38 -0.846870665663 0.811135730986 0.677344092425 -0.229092740321 0.762527383366 -0.0138412858477 0.77865419012 
38 -0.621089026363 0.346228392335 0.209947676291 0.0178628334231 0.493413410415 -0.236988465061 0.78306996029 
38 -0.974993583949 0.837448079785 0.296050913711 -0.450439921198 0.753264156117 0.107399273064 0.989032902651 
39 -0.0479250806797 -0.00125650415592 -0.752311164385 0.542733251389 -0.629271558866 0.163484105871 -0.736243590553 
40 -1.42537481633 0.926792207941 0.049279207887 -0.276287951551 -0.503868443578 0.0530523324549 -0.0172568882366 
40 -0.719723302633 0.588123263038 0.278734866312 -0.576010176874 -0.319910394812 0.153928922556 0.413008813387 
40 -0.966053750896 0.808249971812 0.541268540309 -0.782604185013 -0.0322382837636 0.280125906032 0.163414446496 
40 -0.259038983758 0.44340093046 0.344947865122 -0.0177303266705 -0.278267048429 -0.143927970888 -0.0322519412519 
40 -0.726337228279 0.804483689627 0.3671261114 -0.488692695063 -0.546531822759 -0.0560876460862 0.159743764751 
40 -0.628430458672 0.518500380121 0.0641380389683 -0.78032110535 -0.159312042337 -0.232232144308 0.224262079281 
40 -0.680253246697 0.45769998079 0.0676833719266 -0.562829390518 -0.371607344214 -0.201468659853 0.268770324929 
40 -0.846082732346 0.856078756009 0.151734046858 -0.203451244813 -0.369339405259 0.169213167685 0.101200781868 
40 -0.917368951565 0.611306055051 0.468755544807 -0.18078981601 -0.477332296473 -0.121862307434 -0.0202558459169 
41 0.0873331747002 0.452847068876 0.733418669795 -0.822583467517 0.712086366145 -0.65135876908 0.279672166263 
41 -0.356509280465 -0.267412615491 0.896168770662 -0.822554636029 0.43256510249 -1.23352594967 0.486293215402 
41 -0.0857801677676 0.49184679697 0.679994344919 -0.620052110209 0.692235942836 -0.854342942969 0.766423418141 
41 -0.0706844940884 -0.0195811867011 1.29998749736 -0.871794953405 0.584783321517 -0.65336088584 0.367066382357 
41 -0.164146042666 0.343594306868 0.892107197982 -1.19549573589 0.630408097668 -1.11428364613 0.788712984059 
41 0.0656587745567 0.127839935943 1.11841879041 -1.5519544443 0.466975110334 -0.782948672028 0.813390924586 
41 0.113402732993 0.243869838957 0.953848283276 -1.00499724315 0.6721975132 -0.835088177662 0.345600813174 
41 0.262310792301 0.165110243242 1.04355053782 -1.02944602584 0.477358236154 -0.759588896531 0.46744563916 
41 -0.0563893234939 0.404501483267 0.857935203668 -0.964032745214 0.757029600467 -1.12897077406 0.362137649611 
41 0.139472105958 0.254978960323 1.05708890678 -0.612534040224 0.888047077811 -0.682771006518 0.482067932184 
42 -0.61551243742 -0.535201780545 1.01829053244 -0.881453013553 0.611672501036 0.663969168126 -0.460862019924 
42 -0.445082712726 -0.906140836666 0.684315644197 -0.925662797649 0.430674950878 0.458262257159 -0.701107158384 
42 -0.696596068042 -0.210503403713 0.272253307319 -0.717761747692 0.540452859383 0.658958352471 -0.38542848181 
43 0.521358480625 0.396664589322 -0.396757409014 0.21582031294 0.466678355268 -0.998830170673 -0.571100077855 
43 1.18687464298 0.526183994871 -1.78496683544 0.448987734766 0.345617368248 -1.4893940297 -0.34092644839 
43 0.708712406964 0.652606837899 -0.796676875435 0.757891898528 -0.147936861795 -0.69956220781 -0.508068678012 
43 0.86998889125 0.713639293965 -0.951402894823 0.45832973927 -0.0118864847928 -0.794952125754 -1.04213537568 
43 0.487017633506 0.792993939981 -0.469231142414 0.436717990671 -0.030464006675 -1.31295069065 -0.854882381753 
43 1.02379057921 0.805920153013 -0.488823887948 0.514807020248 -0.0877176717796 -0.883726137994 -0.225289812262 
43 0.870023288558 0.904382108006 -0.643539041675 0.647471718759 0.309460322851 -1.1926975945 -0.683513461347 
43 0.937503460176 0.717035384438 -0.571080526402 0.661647842757 -0.0731550883807 -1.16353302284 -0.725387647792 
43 1.14289198045 0.969756889313 -0.611703175099 0.713669680588 -0.522877873281 -1.13421432273 -0.407465274945 
43 1.60557772555 1.31875772016 -0.971060125924 0.514846261165 0.469377288333 -0.349748874837 -0.527519813588 
43 1.40386018761 0.80998675261 -0.953332991942 0.62341578181 0.312945500453 -0.389203366732 -0.65329693718 
43 0.876794895085 0.446903911704 -0.811384853756 0.597991389289 0.262251442474 -1.37630146685 -0.648512627889 
43 0.416411033167 0.722336717941 -0.499263110764 0.939051287181 -0.239500797285 -0.591546621568 -0.969616524236 
43 0.737270600867 0.544005978898 -0.647680135952 0.357540909322 0.281613608187 -0.869008417066 -0.451144440515 
43 0.564594847794 0.896522423609 -0.647309077329 0.600570503476 -0.245277340945 -1.2198308227 -0.692728977741 
43 0.749621458026 0.677865659295 -0.624713404827 0.311611908849 0.111529179314 -1.01918586837 -0.346209195258 
44 0.60229720811 -0.504832501924 0.480289182167 0.22330131935 -0.279669586864 0.122199670138 0.102688845268 
44 0.844777489685 -0.736593321527 0.518355101975 0.38233659416 -0.60953906211 0.30006870947 -0.279857255073 
44 0.487696564428 0.0022709314698 0.690067888488 0.33291581809 -0.24518672858 -0.336213607535 -0.10441425373 
44 0.339644228302 -0.196580222914 0.229153624621 0.817121758593 -1.00449907372 -0.148893014741 -0.273537229063 
44 0.717758297251 -0.649517223548 0.676261309182 0.366605512639 -0.406727208216 0.0149686789269 -0.378689509064 
44 0.298800972733 -0.284505622255 0.633108663461 0.374783610753 -0.580236991897 0.638690354794 0.174343325596 
44 0.204126045729 -0.667344867458 0.373021507458 0.586329173139 -0.433693879756 0.108484746896 0.093189591903 
44 0.617802401598 -0.384418014902 0.363869081797 0.441655489146 -0.759303056426 0.0679387289263 -0.0783301380577 
44 0.311926248782 -0.239142182585 0.364798830407 0.348689710635 -0.681726302796 0.139145151364 0.150940865256 
44 0.832691936272 -0.56832937786 0.705440938755 0.309858265817 -0.385734630012 0.43415983165 -0.180029516821 
44 0.534977698023 -0.654494521466 0.69982519291 0.598885465114 0.0394090894646 0.149907456208 -0.0438419014827 
44 0.908248642313 -0.313736651327 0.577728893832 0.433265681035 -0.736449324646 -0.172686480498 -0.22523145713 
44 0.694819898178 -0.25894109821 -0.0171264357848 0.484028478421 -0.447516875668 0.198074198771 -0.144048871613 
45 0.609506762933 0.0365492084493 0.367984803025 0.696011996517 0.0440866981774 1.26261272359 0.894846630704 
45 0.789950191524 0.548939223275 0.194316053353 0.311575356684 -0.25271461845 0.523282709079 0.910467607277 
45 0.484967352556 0.365130423206 0.413057891662 0.657476567902 0.0421271094245 1.16795276472 0.772159907824 
45 1.1129672177 0.216507589775 0.625189456152 0.484414219934 -0.664508949116 0.61238835252 1.09649447071 
45 0.746270274094 -0.476549229574 0.201451317496 0.754657971592 0.102893597614 1.01083762474 1.17747895123 
45 1.05431661065 0.28837531727 0.103944322638 0.791416498594 0.486234284691 1.21306486214 0.749377854655 
45 0.693062663042 0.40000631284 0.817892760745 0.950642275831 -0.255249049121 0.509298178561 0.995895017084 
45 0.977094932392 0.377392735869 0.544404771992 0.880733591358 -0.134689237253 0.548820831565 0.918558948932 
45 0.47363592047 0.520290188686 0.720739459895 0.68769521133 -0.11936132057 0.5740145265 0.823976489943 
45 0.602958926536 1.02858640699 0.259277099722 0.784423177246 -0.0364140054735 0.94501232008 0.945434403484 
45 0.535674891769 0.599749351049 0.380011087773 0.461650026604 0.706887480102 0.601462305822 1.03030318609 
46 1.14428833462 -0.837731471709 0.751732347862 0.260075252461 -0.140105433038 -0.723342927611 0.255056065628 
46 1.07726349733 -1.01478889926 0.399997946338 0.686825084243 -0.464467650733 -0.769937628799 0.305763285223 
46 0.731892146972 -0.725463210577 0.506067305912 0.453414591302 -0.0217423854299 -0.901209993127 0.302127994811 
46 0.283971578609 -0.974273948382 1.38731648392 0.567061580977 0.60776747063 -1.14173962712 0.74920174724 
46 0.942116405922 -0.954184188986 0.332266617173 0.59389462312 -0.386351011436 -0.658903644931 -0.221216354439 
47 0.608602766008 1.01885062728 -0.911815733649 0.0807081146665 0.630752220915 -0.452583626024 0.322723422923 
47 0.554269143807 0.972177630126 -0.392143935777 -0.153238825497 0.579432660833 -0.968649846953 0.332100790509 
47 1.13228156971 0.743965308274 -0.318248577433 -0.41607571084 0.985814778286 -1.20213773997 0.93254469021 
47 0.991998519625 0.461530528821 -0.540123107746 -0.317404766832 0.921592280882 -1.29197197732 0.509652749357 
47 0.366643780107 0.825087566336 -0.295109728747 0.0995448157306 0.916633775527 -0.864058437496 0.55006264606 
47 0.972968235078 0.577170319632 0.0380046038915 0.178281563569 0.643505467568 -0.785615445747 0.464407501531 
47 1.01379920903 0.424130574232 -0.343577797618 0.00104942090359 0.74320588848 -0.541665247526 -0.0334304435954 
47 0.97996271894 0.925769242333 -0.288123323082 0.121691330097 1.10657436609 -0.468449298478 0.394161914041 
47 0.852854834208 0.646965918094 -0.0755107755171 -0.247605800367 0.896625837131 -1.18851738397 0.202707203113 
48 -0.377154327467 0.0852871998261 0.137564316728 1.09241341996 0.0393914773976 1.10567191427 -1.34715014089 
48 -0.323343531029 0.16286535864 0.198172745154 0.40820468174 -0.0295775837431 0.908601124505 -0.964157256979 
48 -0.37743784006 -0.286561322063 0.329199720987 0.834746140738 -0.0540938890283 0.701302024536 -1.0797514297 
48 -0.410818246905 0.235468996239 -0.0438427199132 1.02557249287 -0.273543032965 0.609944441129 -1.09928660823 
48 -0.100881112737 0.101494369747 0.254384451943 0.611388345442 0.332620158752 1.08164345584 -0.960366333299 
49 0.407190951649 -0.406217890015 -0.282215777774 0.263439165873 0.65455503321 -1.05042110092 -0.7109980687 
49 0.780884370334 -0.229161678195 -0.276859121023 0.697878621737 0.422539802852 -0.528597788199 -0.414841655754 
49 0.471612580263 -0.0825088994302 -0.343372491946 0.361884024633 0.981627151822 -0.952167666848 -0.796099642526 
