0 0.871128521571 0.05202070522 0.583986100468 0.044835126659 0.688559330219 
0 0.574701510751 0.114260889151 0.491661839869 0.205013795746 0.921281093224 
0 0.51686072264 0.393995002715 0.486333972297 0.498551697996 0.873774338638 
0 0.780631710688 0.202979175987 0.528489244664 0.0668388664927 0.350871308008 
0 0.560764155812 -0.113341534566 0.8314305783 0.31148614635 0.937831365484 
0 0.451262835055 1.14248124375 1.53573755124 0.20739791984 1.27588471155 
0 0.653972083892 0.236078544542 0.615812997825 0.253665389998 0.648985157293 
0 0.196627470503 0.249119979681 0.463442961073 0.47432760101 0.893062182394 
0 1.08820747865 0.0494282277194 0.705576440559 -0.191669619719 0.747895219546 
0 0.928095965443 1.03556063654 0.481927797217 0.21853144079 0.923696673921 
0 0.467808585859 0.0776097083071 0.103424922188 0.389458394631 1.14576166645 
0 0.634135983658 -0.118713862268 0.332048970631 -0.0993554819359 0.749311433673 
0 0.147239670764 -0.00698591493106 0.598249771331 0.62680202065 0.938157974373 
0 0.73392333038 0.424061911915 0.399905122865 0.606398831766 0.547945344542 
0 0.678678015707 0.441527528199 0.878089252112 0.138930588407 1.15600616837 
0 0.741339805795 0.142597349437 0.920122129143 0.136884743307 0.64440298514 
0 1.24015093505 0.332705378763 0.591967052492 0.265421638216 1.16349629182 
0 0.426022578729 -0.124166033006 -0.0370748872815 0.0692917557255 0.944394010461 
0 0.62508543164 0.172860593744 0.552355219748 0.389744074435 0.744083299642 
0 0.692474410429 -0.649993561049 0.282765634795 0.37152762504 0.579334698451 
0 0.736846687101 0.213796634318 0.645802080542 0.370420340298 0.474310567714 
0 0.371879310683 0.00778943776056 0.780696859807 0.54865123045 0.797753365818 
0 0.518873042354 0.224324970699 0.634185809917 -0.17893570839 0.772004566721 
0 0.993785457714 0.805067103204 0.484918394711 0.225349997297 1.3110345572 
0 -0.213796596787 -0.433112475578 0.508887923107 -0.0504087923626 1.3337873476 
0 -0.275036156864 -0.722231959825 0.285992078891 -0.715043635426 0.975442508537 
0 0.749507796891 0.282321504959 0.614082362792 -0.00622814059664 0.231958377249 
0 0.580588506052 0.497853254636 0.659490551052 -0.0903968121843 0.620794724567 
0 0.616682566998 -0.0596841512054 0.604918717472 0.727722888728 0.969871454345 
0 0.671899847165 0.114362498344 0.748436408691 0.180987995612 1.40119554681 
0 0.684090818269 0.539827802867 0.384399503008 0.105177402042 0.73950666381 
0 0.368620675698 0.190632908031 0.521929071798 -0.00530221245978 0.697679135489 
0 0.678655805765 -0.129785021346 -0.21451763818 0.52119492258 0.588095231355 
0 0.66587205829 -0.114495677857 0.703466820728 0.25885107965 0.710401586837 
0 0.799922775514 0.394939309055 0.413340982829 0.132811278621 0.87638228486 
0 0.469407958123 0.426359991265 0.717536528274 0.0692655630708 0.920232633328 
0 0.443036492813 0.477908905424 0.601790273229 0.784979137719 0.708429527205 
0 0.678280958933 0.279977915332 0.714489885905 0.393710026613 0.79208249352 
0 0.526794943151 0.189324705847 0.785962504583 0.380974456476 0.91193466665 
0 0.556829932025 0.230116146092 0.635291039722 -0.313408896615 1.0084112047 
0 0.0672527417398 0.410771616033 0.556638941224 0.220261178286 0.953330916672 
0 0.426173552541 -0.12796749034 1.12397761508 0.0691991690271 1.00057609882 
0 -0.0498859073057 0.429034735662 0.542141817416 0.275931935746 0.369868010995 
0 0.72548441071 0.27344728009 0.588069977298 0.613053602049 0.437453149938 
0 0.507543124677 0.255388404774 0.181273389394 0.15891807204 0.893927747227 
0 0.388107323093 0.0600268582894 0.500193644187 -0.0854350780138 0.882957064121 
0 0.303503622064 0.00584627468668 0.735164274066 -0.280381247635 0.872781260084 
0 0.500929024074 0.0851109059116 0.839835881016 0.272264983145 0.683265274246 
0 0.40899644482 0.369287510203 0.955965021353 0.439094871556 0.675865232965 
0 0.595730129647 0.127807774091 0.58186116467 0.259486522083 0.766838515476 
0 0.338715534061 0.232784948172 0.402060065345 0.590321457439 1.05141050727 
0 0.346468236051 -0.15651836319 0.651807062713 0.147383455022 0.691534954117 
0 0.546126770419 0.0726796289271 1.19099032861 0.153689425146 0.724472246591 
0 0.799717324103 0.0565269315815 0.307852056232 0.0432995934136 1.1469556529 
0 0.62078336524 0.172677855486 0.448380955718 0.231127419072 0.584398739637 
0 0.583169890483 0.267904218941 0.834403887528 0.165057517392 0.468535901593 
0 0.53567412401 0.0723490134187 0.455102714483 0.0650035435606 0.61357342428 
0 0.640401249545 0.0745210505457 0.524886572186 0.0921772467134 0.843843556988 
0 0.591445923021 0.401095577144 0.502495579743 0.113264235189 0.759286259162 
0 0.725979427806 -0.134361492218 0.276888394568 0.484657952918 0.943552093205 
0 0.9059703237 0.281675752992 0.656506346201 -0.141945284978 0.54718438604 
0 0.697920672202 0.192888991363 0.95437962876 0.450930568505 0.766488452856 
0 0.425335048081 0.466433880598 0.588200825842 0.41124082216 0.989757807894 
0 0.492834611619 0.341648835016 0.397269275147 0.0236815217711 1.19996175864 
0 0.465721652126 0.202705417599 0.505907050004 0.0949641510899 0.0862188994967 
0 1.30422089833 0.354407247215 0.18594381149 0.221561343241 0.696998639059 
0 0.314217524327 0.284006292559 0.406868340878 0.404289830068 0.773925044332 
0 0.651697801172 0.121566970888 0.26463622477 0.588168246639 0.751485997089 
0 0.575013716994 0.251707826238 0.641059609847 0.142453903711 1.06995543984 
0 1.07239664728 -0.29338702177 0.720262910444 0.460441449248 0.478848281521 
0 0.347250429135 -0.00658256334428 0.564603954894 0.283845343 0.625789213965 
0 0.365429079478 0.357241883318 0.391022766231 -0.00736540903893 0.819228834654 
0 0.177368269958 0.00700921467835 0.818163241115 -0.226306488041 0.890735417698 
0 0.766334932876 0.109250755725 0.472011711112 -0.101640771531 0.651630813885 
1 -1.14241005619 -0.172037210953 0.763754778878 0.0128687297737 0.0140093982678 
1 -1.0134107014 -0.274369580764 1.06499335575 -0.0356024521139 -0.229902165931 
1 -0.669259545971 -0.507712382067 0.934551464722 0.351965216511 0.0918053912213 
1 -1.39553174625 -0.752652001952 1.79944651028 1.32752070403 -0.410753334264 
1 -1.71988130214 0.030960511986 0.417057804715 -0.193634966428 -0.293802945054 
1 -0.783070491857 -0.498614605784 0.948105569614 -0.0641477289325 -0.501042242254 
1 -1.15336162239 -0.506852975752 1.13449292913 0.0791237552707 -0.634459630738 
1 -0.628575555944 -0.146949411785 1.08398756259 0.266414634928 -0.103981558711 
1 -1.11351113723 -0.119248641448 1.11818895805 0.361663774773 0.462145504274 
1 -0.891087422398 -0.350289488543 0.800158275593 0.060321922247 -0.603056016529 
1 -0.878994741066 -0.1759703558 1.00043471489 0.247824444133 -0.742891372368 
1 -1.16770982774 -0.714200665721 0.952300797154 0.288703739374 -0.567908880595 
1 -1.44367786762 -0.546470837209 0.707411646362 0.0656685125148 -0.28277239721 
1 -0.969072186504 -0.600434714221 1.08957876194 -0.017122016785 0.191745779045 
1 -0.644337355181 -0.538627840467 1.27571455746 0.661950069212 -0.324850962087 
1 -1.29334888078 -0.613974265343 0.635777516806 0.0729559922176 -0.375754989347 
1 0.326895968158 -0.442858331429 0.38854812327 0.732053626533 0.0806528380487 
1 -1.21757031607 -0.301681722381 0.743286594474 0.73673795612 -0.333188130623 
1 -0.926682253573 -0.381515857032 0.928542938643 0.254417001003 -0.488722167655 
1 -0.898786169523 -0.301958727406 0.955679564139 -0.372708364804 -0.231338569988 
1 -0.800220661549 -0.278735372539 1.4938306334 0.215536435406 0.0759632681193 
1 -1.20938461633 -0.727685351086 1.12283479363 0.583736861708 -0.931483845046 
1 -1.02130914587 -0.0854372775878 0.97288162229 -0.168749672915 0.0818859262665 
1 -1.400531116 -0.371669027164 0.898163259786 0.19982855549 -0.0795293824764 
1 -0.853922190575 -0.356989623611 0.768085138598 0.330012046972 -0.291920996589 
1 -0.787111137524 -0.478412028327 1.27900417676 0.215786545536 0.0191618834038 
1 -0.794182156892 -0.462634081555 0.961765182605 -0.286215365102 0.134189576964 
1 -0.938578271733 -0.228916475968 0.811871254995 -0.193774069627 0.0766796678917 
1 -0.960937538666 -0.00634748179396 0.515485661339 0.263450867116 -0.307118153613 
1 -0.983070089031 -0.250044222496 0.885318558854 0.135259835378 -0.430676039575 
1 -1.0224920537 -0.414167091915 0.822095063719 -0.131247721576 -0.106391297247 
1 -0.941835598637 -0.790182194879 0.986305240106 0.031881655654 -0.277832803401 
1 -1.03099953112 -0.415146971649 0.757639687758 0.130036487723 0.00632386567526 
1 -0.758328997757 -0.786258129065 0.94137186211 0.114993888655 -0.159730802368 
1 -0.0859615574069 -0.573508933173 1.0066693859 0.0293135010998 1.0548613559 
1 -0.889726056697 -0.129075531683 1.01375036409 0.278073194086 -0.0767496104613 
1 -0.960531343631 -0.83509696638 1.13041924665 0.163564219147 -0.384351633901 
1 -0.474322970735 -0.272322053975 0.924288517815 -0.322281741612 -0.804051437314 
1 -1.34837762821 -0.239955622496 0.749021022777 0.426869824643 -0.093883060486 
1 -1.30744623194 -0.719445339263 0.968350155725 0.201046878754 -0.0943304981049 
1 -1.16856488899 -0.711041786226 1.02975893093 -0.306265602459 0.196456696413 
1 -1.04826486603 -0.159576041018 0.955815506047 0.0235723974657 -0.0200959473421 
1 -0.917880704384 -0.275281991087 0.735350453399 0.0811069405069 -0.0260425458422 
1 -1.19363858887 -0.704441171639 0.92756990735 0.166940923304 -0.180947656778 
1 -1.10950876736 -0.191913928499 0.614638658143 -0.0365239506547 -0.416661160296 
1 -1.1054032015 -0.733687691997 0.713785414369 0.0312534022314 -0.239424643618 
1 -0.997143029609 -0.476387084857 0.78371464897 0.0622151038634 -0.126518263262 
1 -0.75022669856 -0.329114504825 0.990956232329 0.298833533838 -0.22208355938 
1 -1.04294298948 -0.483493380337 0.884034866589 0.128747375883 0.125241779635 
1 -1.17625733709 -0.333884255168 0.492885045577 -0.159263692377 -0.222266588941 
1 -0.574773047483 -0.498122220248 0.963773014534 0.0745023849587 -0.326772988107 
1 -1.18557139228 -0.264492797817 0.919610422317 -0.078178437015 -0.0266435961064 
1 -0.999129788672 -0.339907646236 0.737864377824 0.546587293424 -0.261154670116 
1 -1.1925058942 -0.773261263501 1.11982337683 0.0142023670322 -0.238189552897 
1 -0.922856713036 -0.229769310669 1.15017650065 0.214783875613 -0.642056150984 
1 -1.06100767811 -0.34275483201 0.935330679485 0.39299880137 -0.454726545755 
1 -1.0829740176 -0.554931123731 1.13642313027 0.579591966836 -0.0838100225589 
1 -1.0128479065 -0.372744743198 0.982636480158 0.240822677722 -0.274298492603 
1 -0.965836879436 -0.812949760092 0.769894860339 0.45790555025 -0.0264088625045 
1 -0.828561875011 -0.381308708369 0.949862361042 0.300393879722 -0.0709415747826 
1 -0.898812325725 -0.556792774251 1.59203570105 -0.182614942141 -0.157252486659 
1 -0.813826784592 -0.340724464796 0.915169906807 0.503634671508 -0.377514557192 
1 -1.19864961809 -0.815535480374 0.736721359173 0.0218971746604 -0.360078057511 
1 -0.912229347074 -0.450374605736 0.727483201046 0.268396085505 -0.132244775766 
1 -0.595615366823 -0.595749228507 1.01301141254 0.325166115557 -0.311854378136 
1 -0.990409671367 -0.303160516999 0.843516719438 0.250111268009 -0.185772819534 
1 -1.0275386862 -0.384140345888 0.685697763899 0.429341166598 -0.402349396738 
1 -1.34636204825 -0.686678644361 1.04156713881 0.396067580605 -0.782620870274 
1 -0.841593104141 -0.353135260007 0.737148040581 0.159125314987 -0.151868901097 
1 -1.26335334241 -0.344687249902 0.695699189718 0.554440910208 -0.32085750954 
1 -1.01719143445 -0.333148055319 0.828266791179 0.0439470995696 -0.205839162221 
1 -0.66177438729 -0.311227387277 1.11949540845 0.0863241285235 -0.0153942162963 
1 -0.861819848701 -0.491857454482 0.582909978104 -0.0538512850299 -0.479124931315 
1 -1.20666987852 -0.461049452375 0.871540123288 0.407104043524 -0.336830099423 
1 -0.748656582167 -0.153281280175 0.998846772901 0.209043072717 -0.0532465896871 
1 -1.22214938955 -0.469984995694 0.681241326994 0.20356467814 -0.101419859661 
1 -0.705252847265 -0.537213894975 0.611208461868 0.0993077123567 -0.595503232567 
1 -0.997096227324 -0.306594647097 0.754484281212 0.0373579767036 -0.377479392693 
1 -1.23686099026 -0.632997835463 0.878192954538 -0.034460262081 -0.265467148413 
1 -0.0273252465336 -0.454174649571 1.26506038276 -0.798670737507 -0.797242001422 
1 -0.940604036787 -0.11697120378 1.1207764357 0.190041424687 -0.229819733859 
1 -0.68371321058 -1.01217383341 0.190398142681 0.104324240934 0.0856240377069 
1 -0.742868201805 -0.660631756936 0.753876331798 0.0765521403533 -0.149985088861 
1 -1.11203642456 -1.06652247219 0.919256288658 0.716933296804 -0.303476379826 
1 -0.893559317924 -0.63027354423 0.757848949054 0.393349335801 -0.217790535997 
1 -0.904177961986 -0.611350911352 0.777777741194 0.309314858257 -0.0537813677909 
1 -0.874466847845 -0.324776590096 0.675748214043 -0.153877557005 0.145532948072 
1 -0.851392237455 -0.0896098687012 0.741795768082 0.461882428768 0.0601656719003 
1 -0.984820313386 -0.485604200722 0.815878518142 0.0273518276977 -0.0717469542699 
1 -0.98017853423 -0.513758146015 0.822495824763 -0.201413862625 -0.143464692386 
1 -0.828015237998 -0.749369586546 0.74402369539 -0.0893915099488 -0.458057463408 
1 -0.979325503746 -0.436065235608 1.2484064943 0.0364313959579 -0.254378988708 
1 -1.31492346088 -0.687907266474 1.08592926024 0.101285030818 0.0725034834449 
1 -1.13203724555 -0.640363042522 0.970183030388 0.249794579478 0.0496571069347 
1 -1.033359403 -0.486154218971 0.945496944647 0.116556999134 -0.0193987446106 
1 -0.778637680481 -1.37535948695 1.49479535679 -0.337064892946 0.050106065671 
1 -1.01167752743 -0.531637928731 0.824027642373 0.251951114609 -0.280551933328 
1 -1.24067989382 -0.639969779635 0.983822029075 0.419179707892 -0.627517480542 
1 -1.02356728121 -0.733711770571 1.27402648002 0.236526250912 -0.347914172532 
1 -1.05986878531 -0.297046267037 1.25338864714 0.417550773103 0.131284222481 
1 -1.1259405724 -0.519369917262 1.33844993397 0.18335733561 -0.212654901429 
1 -1.25648520982 -0.520698443922 0.658758286599 -0.194664959674 -0.252335450623 
1 -1.53469655825 -1.45138601688 0.748324509029 1.03165536836 0.592668501052 
1 -1.1215814958 -0.698187687453 0.626200699122 0.141194098518 -0.475219879842 
1 -1.21322093622 -0.64928928053 0.81020468167 -0.00250859090571 -0.461601487476 
1 -1.08548249597 -0.528970137128 0.797286266188 -0.118724765448 -0.0514181099632 
1 -0.838662618308 -0.706998612311 0.779561467584 -0.0442310040922 -0.637228023333 
1 -1.12096547492 -0.127475812923 0.934969314113 -0.0590421239229 -0.279889689016 
1 -0.881675414966 -0.253915140146 0.686851215221 0.0342101699 -0.166433764676 
1 -1.11650896299 -0.505371007768 1.24486133684 0.32629133214 0.013733497473 
1 -1.21155719946 -0.652261906835 0.879692567626 0.223778324808 0.0107320557638 
1 -1.06926720203 -0.674871568123 0.906418547082 0.0996673064683 0.071562243626 
1 -0.746853363692 -0.460240866157 0.835483759275 -0.247312405698 -0.464271466915 
1 -1.32068889633 0.125100288781 0.92525127383 -0.321723700728 -0.722026648359 
1 -0.898200912913 -0.833510405513 0.935693269435 -0.0915017648812 -0.109160158057 
2 -0.00961937961597 0.470595137985 -0.797847984999 0.337427017124 -0.402217415009 
2 0.410645334131 0.70084817441 -0.249089814548 0.456603691441 0.165589268972 
2 0.310318169893 0.368870980847 -0.392964441784 0.274418957766 -0.229819068465 
2 0.0402805811593 0.00977466467252 -0.789706355451 0.612412808562 -0.0980329188558 
2 0.579498572489 0.0752637570911 -0.637522838759 0.484118290178 0.249151194231 
2 -0.325311402177 0.351949781115 -0.465351334265 0.163639314293 0.0163301129906 
2 0.462986893212 0.148545054047 -0.488804524142 0.191782908974 -0.0101239160636 
2 0.0862427026912 0.0440137050908 -0.457993534005 0.0111579348193 0.387519231822 
2 0.206036640063 0.461400737126 0.0173811649223 0.0368319620473 0.367980758197 
2 0.326921613565 -0.267653810698 -0.793624061624 -0.388675195494 -0.237207028414 
2 0.740882577542 0.0733745238174 -0.189588518007 -0.310908617165 0.551128973274 
2 0.416933476891 0.132703069586 -0.89410493635 0.387377697487 -0.0364592574896 
2 0.229547274199 -0.273056240109 -0.429145775351 -0.707993676775 0.306031071163 
2 0.721020089491 0.0584044396057 -0.454539592526 0.485176058802 0.0960833367938 
2 0.612130178696 0.351756359847 -0.220499291101 -0.470935675478 -0.354752352926 
2 0.306560020196 0.442874101555 -0.705259955506 0.0944863335158 0.224368502409 
2 0.0488042905496 0.0959303196853 -0.546221044417 0.851561673391 -0.32276876047 
2 0.440198787203 0.430642762469 -0.617737811891 -0.194833139463 0.0465239707002 
2 0.0819153917096 0.256302156199 -0.903670426068 0.167130757459 -0.0775364843445 
2 -0.271068621208 0.198534021278 -0.722967583275 -0.01822738751 0.246101793477 
2 0.136748102911 0.0223237358529 -0.452566550229 0.242675880571 -0.222532450292 
2 0.195779313575 0.117874908206 -0.356314802095 0.58725406602 -0.0226082472938 
2 -0.952933156113 0.859819489525 -0.308308482855 0.566539263314 0.0942456292967 
2 0.391028114757 0.548064120561 -0.534337557015 -0.0143637733625 0.386602791314 
2 -0.0962428832814 -0.103368574545 -0.679402923623 0.377738066001 -0.0942861772252 
2 0.341986514049 0.279023454494 -0.551578529749 0.281639427492 0.545474508668 
2 -0.0205935150672 0.37177008429 -0.921887234567 0.185856413913 -0.0374971374632 
2 0.450762578255 0.359573103297 -0.48817983733 0.278210913966 -0.309405988237 
2 0.12486404002 0.102565935656 -0.517886431966 0.486049553476 0.0044877764818 
2 -0.132233039659 0.436111984459 -0.917295627915 0.101838685377 -0.347819560718 
2 0.451643170037 0.36414970786 -0.128247387071 0.444480999261 -0.0580354702719 
2 0.500577381363 0.0667397339132 -0.323649938223 0.446733616363 -0.152972664078 
2 0.415544699054 -0.0685208072888 -0.811652563948 0.625950488878 0.390866080694 
2 0.522337626605 0.0896339725145 -0.851770018282 0.498286452253 0.126330970008 
2 0.575258194888 0.480663986017 -0.673392683248 0.410859080966 0.110873781796 
2 0.544934149879 0.282454525127 -0.565775662072 0.123965097563 0.490936104416 
2 0.141961293007 0.166092677433 -0.644689975008 0.404438766254 0.195391101357 
2 0.0467724296689 0.246800104672 -0.755870915875 0.106251109518 -0.0107056334989 
2 0.420851380065 0.12536732956 -0.800360854298 -0.199471371769 0.130274856132 
2 0.24627801865 -0.0304996719417 -0.396883916969 0.209931361241 0.463577430591 
2 0.146711361671 0.400939758211 -0.61906736164 0.447825522514 0.0228496008828 
2 0.546293522251 -0.0643978385113 -1.05056407153 0.563217326394 0.0893061749385 
2 0.805691817144 1.08237200662 -0.609764851091 0.831790850848 -1.09632342093 
2 -0.0580578210484 0.0993211730813 -0.437326767208 0.531481918371 0.598014635046 
2 -0.107271995543 0.114955220519 -0.185214137632 0.177332532828 0.237026849526 
2 0.384169324613 0.118085282085 -0.282994287585 0.267013875841 0.0157722729309 
2 0.388750899913 0.406257943942 -0.618485688849 0.708723929045 0.506901423057 
2 0.194898877402 0.750761099003 -0.505896561251 0.415381131314 0.272728603693 
2 0.190002472186 0.110596170101 -0.842947925319 0.443075804169 0.340971953619 
2 0.462774449851 0.178626620343 -0.473763939545 0.117099722238 0.189750679873 
2 0.437427816396 0.33738793664 -0.281611904547 0.259674930934 0.185962884831 
2 0.134264179276 0.0839559332729 -1.24525248475 0.43444870561 -0.242853171653 
2 -0.0135279977089 0.350841584365 -0.594496708967 0.488799846335 0.147308938013 
2 0.214251160888 0.269423833335 -0.519989541553 0.417885595808 0.247425161034 
2 0.461870184255 0.295860360513 -0.515884790128 0.0359587051115 0.155085655614 
2 0.144126985472 0.430296591329 -0.751014805175 0.439770769019 -0.225099851776 
2 0.0957685247104 0.0185066188596 -0.690833972271 0.660008270401 0.0407552600559 
2 0.607499387281 0.481078135064 -0.583524193031 0.281735139879 0.15677651997 
2 0.607097082496 -0.0900113690383 -0.788633808165 0.127269949258 -0.0104494178468 
2 0.316293421668 0.236764322798 -0.931059835487 0.428914123165 -0.126502213321 
2 0.0237236969345 -0.113304181942 -0.748898825835 0.406258199584 0.166163621921 
2 0.0175261023351 0.91802729946 -0.776748705486 0.298201226732 0.0903915919661 
2 0.184456482429 0.188931208691 -0.773107349379 0.186448593161 -0.320162079993 
2 0.210129872492 0.415377178975 -0.511343898165 0.244217040198 -0.178001336427 
2 0.0669937347768 0.192865461708 -0.459379692955 0.187576183421 0.00510858563433 
2 0.853319557769 -0.0751491210393 -0.487469826314 -0.0517732179687 0.027544770949 
2 0.226635114771 0.156751465906 -0.0952636839896 0.434863379655 0.323555342249 
2 0.545963011449 0.564269805691 -0.661967017924 0.103283843429 0.390533328362 
2 0.437172574647 0.249610866986 -0.323842727162 0.544200684344 -0.221646013643 
2 0.545111768376 0.41370437772 -0.870524067701 0.00158025255665 0.398016294519 
2 0.568133152745 0.194322764123 -0.548756355526 0.274529671577 -0.162249804235 
2 -0.274082798322 0.0523402147999 -0.647095149058 0.0604723101623 0.136959939624 
2 0.457241801181 0.229558433162 -0.859217134461 0.104414435403 -0.243107791163 
2 0.207656307957 0.219969375014 -0.716503353672 0.290816465967 -0.0720617801896 
2 0.107017608375 0.32255303994 -0.759023529362 0.101171084918 -0.127710335343 
2 0.21787759649 0.343859011336 -0.666646133573 0.14752645411 0.411843963484 
2 0.479122408045 0.341385429263 -0.497737434538 0.0254509498677 0.122738844537 
2 0.188369533082 0.456882593702 -0.911312610257 0.427807322562 -0.0533222418231 
2 0.720340260172 0.270372385229 -0.759145657408 -0.00917765246752 -0.0848960215877 
2 0.243202494482 0.393011080106 -0.184668085817 0.205857771627 0.595051979354 
2 0.822297565405 0.47140607454 -1.49718624379 1.29935229861 -0.579758703557 
2 0.155164458551 0.0587081908824 0.0150479625656 0.364002330368 0.176610109554 
2 -0.0514940341048 0.254748031409 -0.204694779171 0.382786012041 0.107003022961 
2 0.265307236367 0.236588683343 -0.570914202595 -0.258452430636 -0.108244242969 
2 0.092139777843 0.414993569908 -0.852879645208 0.345390231567 -0.0403696897044 
2 0.149912259082 0.183047489938 -0.64569619446 0.591475132318 -0.340189689392 
2 0.618878925635 0.611211081399 -0.631520149814 -0.00389772996259 -0.240341841205 
2 -0.0969900828094 0.446878465456 -0.501306235279 0.266097975196 -0.165086307899 
2 0.694194802699 0.0352569401529 -0.70254848946 0.19976380896 -0.195947797723 
2 0.377275933095 0.439643609014 -0.434494854694 0.15169038435 0.115585370038 
2 0.0561955125159 0.354934633475 -0.327324020503 0.0155944620903 -0.122681012872 
2 0.209286511421 0.614809792465 -0.867159370191 -0.0843667086088 -0.382579168029 
2 0.262466200298 0.112025268073 -0.373773376526 0.334271032669 0.298655304615 
2 0.335142417118 0.0186773925954 -0.653520803621 0.314561953174 -0.163017996954 
2 0.297635488445 -0.275921385933 -0.821091313624 -0.15511767725 0.644776608177 
2 0.765299493422 0.286790082185 -0.120556352699 0.15805566053 0.0158639142411 
2 0.413310638218 0.538912776743 -0.465051864755 0.367531384223 -0.151322978418 
2 0.0269960738556 0.365896199295 -0.54237501249 0.470814762983 -0.11104773961 
2 0.447477675673 0.255886244229 -0.0128404435268 -0.18782856694 0.0540439107576 
2 0.507888477923 1.00888016637 0.0771160749232 -1.04055127678 0.104781540397 
2 0.122898138053 0.375702325474 -0.983215844386 0.257998378726 -0.268739903325 
2 -0.064101966658 -0.246318590985 -0.933896669613 0.180684434477 0.354864175325 
2 -0.0657243031449 0.48452821688 -0.735388259317 0.122172595837 -0.219197319598 
2 0.200952648404 0.193312962167 -0.263221590527 0.351358140756 -0.357486805315 
2 0.59358985744 0.0738967705229 -0.595534722964 0.666184891993 0.0280347320369 
2 0.705510230748 0.584016542387 -0.421074589747 0.0238005550822 0.43353756895 
2 0.0378041382914 -0.0465852994494 -0.694781939624 0.841375768801 0.0824807680941 
2 0.28402005871 0.356138348448 -0.399469627935 0.155931575121 0.24935995656 
2 0.0462538775902 0.246486981404 -0.520311869603 0.0478845110123 -0.415209013587 
2 0.439048623309 0.761066444218 -1.24997787087 0.368076349428 -0.296041148448 
2 0.013313760274 0.156880404004 -0.353811193989 0.46839608901 -0.0386662379239 
2 0.464400602714 0.305493698544 -0.432090950419 0.405083732351 0.380454778683 
2 0.14416516271 0.0739510740407 -0.369945416985 -0.057722051315 -0.513009582843 
2 0.189173942812 0.306293266504 -0.532088009679 0.352017278037 0.252262005994 
2 0.134276122559 0.425511374437 -0.65260730621 0.637343216151 0.308681698832 
2 0.535962735021 0.41060714636 -0.96193063807 0.534599991503 -0.162255750524 
2 0.142463928903 0.0818395211691 -0.496489144482 0.276090201964 0.0708897290513 
2 0.0119632867127 -0.24264472344 -0.563670025415 0.152736533663 -0.0284618053443 
2 0.528741558031 0.195040685924 -0.663965334414 0.0149468546875 -0.100539374466 
2 0.167621395926 0.334993693812 -0.541749965146 0.44296671585 0.45614436003 
2 0.442275517254 0.753856847577 -0.731275645531 0.356218577595 0.0897098005127 
2 0.35348304859 0.434616445985 -0.46308808647 -0.143020057372 0.051246237534 
2 0.432525432521 -0.0167154304484 -0.418499254528 0.111506598603 0.332147673505 
2 0.297780511206 0.231933612497 -0.393315123637 0.366982880007 -0.195143390126 
2 0.376626308122 0.820747211103 -0.908821575541 0.373992575839 -0.0841540572065 
2 0.156731517363 0.293191898601 -0.451986152285 0.484216501589 0.465960343245 
2 0.60557149602 0.180478507642 -1.05549307375 0.366050969651 0.248825123014 
2 0.301212047151 0.176061426573 -0.816557315729 0.407616505817 -0.27670486836 
2 0.711538180909 0.562533620227 -1.46969705081 0.0200068618018 -0.45351287686 
2 0.00401865645727 0.16610515628 -0.58481228143 0.209456124348 0.0848597412085 
2 0.711358816172 0.284062280994 -0.596429973641 -0.148351498648 -0.0321773349089 
2 0.331397846862 0.351717479585 -0.718554680667 0.308227511524 0.09152901824 
2 0.258527793947 0.378877255191 -0.424490346709 0.3637259343 -0.0773349985818 
2 0.153576065596 0.566349063564 0.047766776606 -0.511721534331 0.237045562651 
2 0.458381468528 0.522129913732 -0.0955285540343 0.219116404959 0.291331933893 
2 0.120189757079 0.201307538979 -0.672491219012 0.00567568502872 0.212548879438 
2 0.0722888013265 0.262256967739 -0.369340379941 0.146966900925 0.0228311131864 
2 0.0748294467204 0.0460101499349 -0.605583988942 0.160935018057 -0.120082635884 
2 0.294903058049 0.15376625033 -0.755652229693 0.150517251529 0.222696874414 
2 -0.254912384824 0.840777690571 -0.249320524128 1.07008359424 0.626963589629 
2 0.243574087297 0.145648243762 -0.810204988754 0.482625983309 0.213253159676 
2 0.529086552982 -0.827610704813 -0.511157517835 0.622908560907 -1.01437219139 
2 0.428716450171 -0.0684530205954 -0.388833040957 0.348541295109 -0.181120693389 
2 0.231185829844 0.0405452240969 -0.651175890949 -0.00046867950929 -0.0729566272329 
2 0.0649928706832 0.359017798038 -0.315131184088 0.40451049385 0.157063865254 
2 0.376062488979 0.308453464686 -0.577825864114 0.0549153076164 -0.0479046835317 
3 -0.124661157743 0.5266213408 -0.185366545428 -0.0987244494936 0.202407535488 
3 -0.486338640404 0.286794739405 -0.457871698973 -0.283992032691 0.43027273033 
3 -0.0643537063758 0.341306159847 -0.163558022029 -0.488197927 -0.451113694364 
3 0.0831128308235 0.318524335691 -0.514591656296 -0.148730656106 0.153052508552 
3 -0.113749247808 1.15107966361 -0.457594127147 0.0193048735412 -0.691656856496 
3 -0.306007965851 0.459886731703 -0.0849269257501 0.124894092397 0.223384634333 
3 0.0154130735568 0.465482184947 -0.202948135772 -0.0975006429323 -0.196151122507 
3 -0.446352807448 0.573057294812 -0.215248299843 0.170625949261 0.417997261894 
3 -0.458159582527 -0.350049328718 -0.427195745352 0.325965857015 -0.56871934427 
3 0.0796242679997 0.467341706657 0.0731110373417 -0.252928471583 -0.00217141356782 
3 -0.186544926602 0.389072276803 -0.38104207772 0.0310446622112 0.429515783867 
3 -0.0869849346174 0.433741313796 -0.159214973125 -0.341406064251 -0.0176349852073 
3 -0.045040705808 0.228974799531 0.0186230674486 -0.165234464629 0.241150486178 
3 -0.436776184029 0.336426205636 -0.73060689649 -0.282807041766 0.332893687796 
3 -0.318184801933 0.352974202743 -0.147620981718 -0.433541278796 -0.0665845413989 
3 -0.00587805026063 0.4093589858 0.0492523579292 -0.373346534941 0.575391859002 
3 -0.0268267573796 0.305768557963 0.0376415985906 -0.123959661592 0.111057749068 
3 -0.219071161833 0.386525749123 -0.142077457145 -0.112708727385 0.326275945394 
3 0.108755237362 0.302723908715 -0.75071889669 -0.103424526106 0.116212123735 
3 0.594194949262 0.192478157408 -0.109055970579 0.445700090399 -0.127968955938 
3 -0.307152528549 0.430349082625 -0.00311603140398 -0.416039681343 0.402382051805 
3 -0.322275345996 -0.153296683018 0.0120227486271 0.171958757165 0.351734865685 
3 0.298305419879 0.421930705695 -0.22018432411 -0.584632932892 0.00828891864192 
3 0.22870775495 0.127151602147 -0.299235526672 -0.839686133405 0.30384898878 
3 -0.820556899967 0.281501874677 -0.1653528804 -0.0958590766627 0.262011126854 
3 0.0597045466555 0.271043916005 -0.316485514509 -0.184788812299 -0.00488695310348 
3 0.0221311982944 0.178494731279 0.0158595400063 -0.362777541949 0.0130478975475 
3 -0.0344700271016 0.656835695472 -0.170746052729 -0.131444535632 0.406728704131 
3 -0.205911234363 0.165184559193 -0.264232608837 -0.1930435542 0.258251993763 
3 -0.16127807349 0.438724222746 0.103263060009 -0.441118104944 0.203617780648 
3 -0.0763789639102 0.662234439039 -0.27591442376 -0.298464664721 0.432496236248 
3 -0.2279213427 0.260672397138 -0.363419587482 -0.160116689761 0.350394191474 
3 -0.678811374176 0.139057235066 -0.0562837528556 -0.358786891256 0.16311200899 
3 -0.43239413717 0.238513755829 0.058869366612 -0.145189022735 0.368410870177 
3 -0.295817968072 0.203242186346 -0.110625360179 -0.328689678778 0.272819429659 
3 0.063440425183 0.691882763858 -0.18205440593 0.316278675065 0.293972691681 
3 -0.803321392832 0.535770045309 -0.0136943696757 -0.387083173612 0.199859318604 
3 -0.142509343971 0.555179636826 0.0475727252088 -0.713982487121 0.161321892619 
3 -0.403791324836 0.729709409573 -0.338097282573 -0.120326934081 0.0922255850279 
3 -0.157865891569 0.485948319386 -0.109205505024 0.0132872909907 0.341873828436 
3 -0.219706487703 0.471659878211 -0.367712769095 -0.0651217272701 0.409205237261 
3 -0.0489815301032 0.344539291789 -0.452469631257 -0.260606220489 0.235948398612 
3 -0.448014444893 0.398327907017 -0.0992761443915 -0.158854744499 0.509406431301 
3 -0.165842143678 0.728901931942 -0.105828317929 0.148767318643 0.165983848215 
3 -0.199925413872 0.250696847867 0.10948242947 -0.166670678884 0.160588577821 
3 -0.230872998018 0.208949399009 0.296470472554 -0.285842773066 0.0675903659619 
3 -0.346418975654 0.414235646675 0.251683949594 0.00946181108915 -0.00737680961462 
3 -0.374508209317 0.313394634941 -0.301001585326 -0.441812124723 0.128191527073 
3 -0.254662849677 0.505217411206 -0.350409395353 -0.237271912537 0.30357222317 
4 0.83957923935 -0.329327452959 -0.544889551094 -0.539480022646 -0.549570030794 
4 0.463289959437 -0.908598232147 -0.22093240713 -0.929172705418 -0.813453858434 
4 1.31508452531 -0.574054088788 -0.867590012988 -0.527141566289 -0.537435747033 
4 1.01485745916 -0.752471778652 -0.0265417115892 -0.237698680308 -0.482994006881 
4 0.935638050399 -0.872406252047 -0.286757862439 -0.423815130928 -0.32817006097 
4 0.687879734513 -0.749335834984 -0.996971265638 -0.589280123447 -0.598863493858 
4 1.20087920487 -0.646988198954 -0.574543649891 -0.800953286129 -0.775115427902 
4 0.57139614274 -0.560427094545 -0.610788999526 -0.909053418572 -0.437570375813 
4 0.930319057328 -0.532172623568 -0.508021150231 -0.758514363867 -0.854144090838 
4 0.794278245525 -0.792490790665 -0.723799227437 -0.778904673508 -0.504749332969 
