0 0.449606418831 1.5614345854 0.378582678554 
0 0.475995082735 0.809436596611 0.290246603107 
0 0.436534738524 1.00014439737 0.322339673833 
0 0.328643240661 0.937099998209 0.494497543348 
0 0.181829120323 0.284565883323 0.369873559032 
0 0.421992477149 1.05628641842 0.520606931036 
0 0.437920037498 0.431373402523 0.458258943442 
0 0.353919650207 0.906655450968 -0.113322434171 
0 0.741805796686 0.911033035421 0.519578941974 
0 0.162924682956 0.640050159714 0.404929591886 
0 0.0343717679894 0.77162057974 0.43372105771 
0 0.587965389563 0.845787252926 0.0557506139491 
0 0.878590587929 0.745405853206 0.137649036596 
0 0.802998076233 0.593457192434 0.462816298973 
0 0.595332908925 0.779104023205 -0.144395508902 
0 0.603299657675 0.551796993501 -0.179386800087 
0 0.7270411439 0.589536701864 0.103089881723 
0 0.472787962322 1.23380856892 -0.0162166792292 
0 0.51510602378 0.96894444687 -0.00913927557512 
0 -0.398898488755 0.904999252009 0.117099590061 
0 0.381679044625 1.06594271328 0.293648269287 
0 0.740171791153 0.906775940631 0.262795289761 
0 0.718081834725 0.801876725371 0.617359410722 
0 0.596983561039 0.799483145816 0.204604827893 
0 0.162682507905 0.589770217691 0.473606714403 
0 0.35399788899 0.735074097937 0.0800060654154 
0 0.597737866428 0.741883588633 0.470359596332 
0 0.277549029119 1.05320451942 0.153925531843 
0 0.206255507129 1.05885335664 0.213597729128 
0 0.753412429702 0.75250714134 0.236468121713 
0 0.471618872664 0.823809853532 0.33166014668 
0 0.0578203827407 0.778668191513 0.130631829453 
0 0.765796963939 0.799723452265 0.108357116234 
0 0.755022354013 1.06758347392 0.0855659331122 
0 0.783818193506 0.961950194792 0.367235036441 
0 0.313605430078 0.988762605218 0.933341670324 
0 0.597945097777 0.983079133964 0.492167681494 
0 0.459170769665 0.815434500579 0.364184552886 
0 0.342255247449 0.504405895273 -0.0101200057962 
0 0.424535091986 0.611759002938 0.387298821979 
0 0.592472735985 0.529159405121 0.051157044973 
0 0.234074518264 0.823523449688 0.587170642156 
0 0.242202817338 0.939023845982 1.18470160369 
0 0.804785519207 0.844772030848 0.1625064076 
0 0.742190073485 0.546998524275 0.192721681423 
0 0.538571882373 0.476789411624 0.195557633302 
0 0.839036339147 0.789578699456 0.149457297649 
0 0.433619571632 0.73859408827 -0.199643920566 
0 0.348905860648 0.694464740394 0.825184397194 
0 0.298478746218 1.15700917242 0.164209414349 
0 0.467337402282 0.888656213252 0.142422395393 
0 0.145314349643 0.694088826531 -0.117373251667 
0 -0.0229395268226 0.685414353749 0.345303607821 
0 0.454164500524 0.857746974971 0.505054898563 
0 0.487738839187 0.761594900808 0.990339506844 
0 0.282407005192 1.29887009676 -0.0637644314695 
0 0.76088624331 0.672652617549 0.175148906334 
0 0.616418764986 0.710553971901 -0.166501430452 
0 0.449883864056 0.789915977882 -0.152232245778 
0 0.694731954284 0.842023780752 -0.139518636972 
0 0.525651980698 1.6621417396 0.377677001906 
0 0.0125375641637 0.827984340589 0.173839763209 
0 0.463714988348 1.02321450064 0.171580462563 
0 0.731387046348 -0.0290593252463 0.585969228586 
0 0.43890434567 1.35404705911 0.0551874320192 
0 0.208745192404 0.868722846783 0.342961355753 
0 0.189106266669 0.757442877069 0.409862352264 
1 -0.284309153367 0.761812313942 -0.511948397013 
1 -0.323559042962 0.734005217561 -0.636370212873 
1 -0.38694201462 0.88605347548 -1.012665986 
1 -0.149390489457 1.3319547081 -1.0504579705 
1 -0.406883577349 0.956414888483 -0.790117814935 
1 0.278446397872 1.20963249173 -0.462695050758 
1 -0.212065920781 0.763479094347 -0.944089536728 
1 -0.336771292366 0.785928565806 -0.768844930668 
1 -0.0230628400471 0.883793657211 -0.738840874024 
1 -0.2724997729 0.839939594543 -0.986677900498 
1 -0.45562951884 0.544553785709 -0.574567885353 
1 0.00980212081948 0.83589865503 -0.781502897732 
1 -0.614970095584 1.33808879813 -0.970678587254 
1 -0.520356667143 0.95153755954 -1.15667703188 
1 -0.449715942816 0.912788512845 -0.460881633828 
1 -0.354248847507 1.19550208048 -0.922543339307 
1 -0.685356772271 0.971955373861 -0.734784987567 
1 -0.634557672094 1.75679487969 -1.37759410653 
1 -0.00329274603628 0.585684298564 -0.839610620763 
1 -0.261222467302 0.824948869147 -0.767418907099 
1 -0.603995171382 0.887820538734 -0.848448906051 
1 -0.66401303248 1.17383757244 -1.18018161937 
1 -0.397039864665 0.925455010666 -0.579777042954 
1 -0.514191831585 0.984607491058 -0.764482302362 
1 -0.386612182244 0.749379469511 -0.789054611605 
1 -0.102129846751 0.758795484821 -0.591082602308 
1 -0.174433162415 0.686120252556 -0.649608754318 
1 -0.458916203234 0.837812970541 -0.801979334287 
1 -0.837811225489 1.04037252663 -0.525216286521 
1 -0.0130873206745 1.39539441467 -0.721390248866 
1 -0.246270504818 0.614545915837 -0.960985984915 
1 -0.587832757027 0.87875897835 -0.843866155655 
1 0.196929026477 0.252557845994 -0.554710531083 
1 -0.479133425554 0.780880440196 -1.08530942378 
1 -0.595079558892 0.743490975523 -0.747696216129 
1 -0.224029914028 1.10779759962 -1.15023411343 
1 -0.302038238088 0.973596330428 -1.27771336457 
1 -0.603272303339 0.944153175728 -0.586254385941 
1 -0.218743931963 0.889017448293 -1.40838761289 
1 -0.487166753738 0.774782513924 -0.6868711496 
1 0.0307684068607 0.676750191376 -1.00550371875 
1 -1.06812568129 1.60588238216 -0.190031088758 
1 -0.389745828318 0.79265151059 -0.750227828425 
1 -0.260680966199 1.02661884223 -0.345415756534 
1 -0.0984065080267 0.769079273286 -0.571357835128 
1 -0.0221881373218 1.02367555953 -0.631420773971 
1 -0.397259732897 1.18735045058 -0.739168767993 
1 -0.151570998866 1.00193791752 -0.875528084879 
1 -0.247975845072 0.984611828784 -0.953698523345 
1 -0.461713885126 0.847319325124 -0.710896135482 
1 -0.129734671566 0.931952872878 -1.03807949143 
1 0.0133364868181 0.858369960884 -0.576140888114 
1 -0.106404595989 0.919579929646 -0.780290211574 
1 0.111529047023 0.868106215555 -0.672292011368 
1 -0.341603062796 0.677756996844 -0.963647069834 
1 -0.153948050152 1.22368711858 -0.586210822199 
1 -0.191928999445 1.26934826505 -1.04926157966 
1 -0.0389802978788 0.659482329872 -0.572500612531 
1 -0.230421910615 1.07002375723 -0.945749435537 
1 -0.583774595373 0.728069470053 -0.974018401931 
1 -0.407746887024 1.11957943739 -0.587854190815 
1 -0.249266894812 0.869133071335 -0.345727581114 
1 -0.330078488815 1.13755384382 -1.12374172192 
1 -0.0172782274316 0.912557343077 -1.2232492157 
1 -0.0795291723475 0.786354817621 -0.618230498948 
1 -0.401327197027 0.372651064547 -0.746143554863 
1 -0.38117826493 1.14409232571 -0.614482227542 
1 -0.104126093581 0.769196407521 -0.373468333354 
1 -0.284849325845 0.861706769071 -1.01431107821 
1 -0.382049932902 0.949509141176 -0.119098398443 
1 -0.0984061589833 0.994598340068 -0.814857067392 
1 -0.0190645321623 0.91421792001 -0.857933015131 
1 0.0398232121083 0.605919554179 -0.410652841956 
1 0.0207858309381 0.594358449455 -0.869704945101 
1 0.0737203097038 0.805548918459 -0.75266650562 
1 -0.28424625139 0.936759503141 -0.997232503188 
1 -0.0777000577138 0.891779377634 -0.954516605766 
1 -0.519650797572 0.73442126993 -1.02750248681 
1 0.0142217588501 0.810055312655 -0.850233940442 
1 0.0934707368435 0.75020094175 -0.863480122325 
1 -0.491269519288 1.44828573381 -1.04419311564 
1 -0.551515447576 0.776997077666 -0.458382798333 
1 -0.395003519831 0.232488549005 -0.820122467259 
1 -0.124666141653 0.991859647615 -0.685293029073 
1 -0.245847201534 0.824188616798 -0.86000175671 
1 -0.399648777667 0.706210615822 -0.78177390919 
1 -0.524071674807 1.13889053087 -0.861665374976 
1 -0.12237168148 0.690073283596 -0.99080831173 
1 -0.71830120635 1.00491636303 -0.449399773289 
1 -0.316602010006 1.07901857875 -0.707743065534 
1 -0.230405123117 0.988892291326 -0.490372665523 
1 -0.183809417482 0.872688536648 -0.985938980883 
1 -0.330774086932 0.629100265666 -0.579773593753 
1 -0.513272374771 0.510608122033 -0.792184845667 
1 -0.548898064901 0.718655478385 -0.952478524076 
1 -0.327486564741 1.37363609285 -0.710955679701 
1 -0.396354360885 0.933937481496 -0.719643847345 
1 -0.257494347087 0.262220238115 -0.747066937572 
1 -0.0797206305791 0.911673431324 -0.121539668521 
1 -0.501777385024 0.838708846868 -0.725962581862 
1 -0.721669190496 0.856329426859 -0.485268073746 
1 -0.429946373608 0.840012979842 -0.542609092477 
1 -0.390411867703 0.769717374317 -0.860970136881 
1 -0.222372328804 0.84430295338 -0.860146372552 
1 -0.00850857531417 1.1960049151 -0.537404573928 
1 -0.317319406793 0.913093154051 -0.874360909789 
1 -0.52782224651 0.661311810942 -0.48081785286 
1 0.307529192779 0.614635246082 -0.715115556542 
1 -0.575724531595 0.835913569264 -0.979036008453 
1 -0.504264062885 0.878568866119 -0.819747607775 
1 0.102852313252 0.552031148147 -0.636118806482 
1 -0.331135863424 0.689483176606 -0.364548186953 
1 0.25387268175 0.79216599481 -0.689528606791 
1 -0.413683550041 0.646676633553 -0.471925740708 
1 0.195397414544 0.907782777118 -0.910926066993 
1 -0.34348775742 0.539047232421 -0.828196124745 
1 -0.173018635764 1.09398683902 -0.666575067494 
1 -0.267539307199 0.964758528608 -0.660141344124 
1 0.201677064568 0.788891493938 -0.820137193888 
1 -0.344654516067 0.904577624517 -1.24246061234 
1 -0.253813617975 0.716424367098 -0.791676074873 
1 -0.274957329668 1.25804950534 -0.773901646726 
1 -0.477718702646 0.691486522284 -1.42533884545 
1 -0.830279832723 0.959218329391 -1.04205402268 
1 -0.0376933439297 0.96059883171 -0.906846392503 
1 0.108768413675 0.887267528357 -0.811058775717 
1 -0.229621261885 0.809028196825 -0.673197324253 
1 -0.237103754652 0.14379565061 -0.701041781989 
1 -0.287411148758 0.785976905528 -1.04669512364 
1 -0.23209012899 1.40406605051 -0.654659755743 
1 -0.201382169458 1.03087025551 -0.813040485278 
1 -0.0822983474038 0.482508063361 -0.715578481975 
1 0.0036848549942 1.06614329304 -0.377001801322 
1 -0.409407179015 0.708796832399 -0.912607746066 
2 0.169285796303 -0.313359208509 0.408491215172 
2 0.317600523668 -0.300534696253 0.151050633043 
2 0.0393233524196 -0.117688947014 0.309877169913 
2 0.0816360058007 -0.285642142332 0.395239696781 
2 0.0057033392344 -0.393129299124 0.162994483602 
2 0.199951909264 -0.316901309225 0.654621914793 
2 0.00717403927232 -0.382370765262 0.470973649743 
2 -0.203819802031 -0.747793419818 0.612000809784 
2 -0.119854200496 -0.33272650846 0.59321626431 
2 0.0973983977102 -0.415061649084 0.263718904691 
2 0.168749449933 -0.0601008291996 0.482795649984 
2 -0.10837780748 -0.250283301809 0.83707065313 
2 -0.076065921673 -0.407397467533 0.352349161726 
2 0.601058288259 -0.610658805309 0.113509573439 
2 0.139063424653 -0.288995175906 0.330055249762 
2 -0.0330708625176 -0.209990728629 0.807832894222 
2 0.451667294713 -0.501952136473 0.264804539824 
2 0.414744166099 -0.312531269321 0.488304702797 
2 0.281833770102 0.0594119020664 0.0603770547236 
2 0.219791250444 -0.320297154358 0.553095041445 
2 0.00153013349714 -0.347648795565 0.410376416646 
2 0.302841994256 -0.401891709365 0.335835647562 
2 0.15302333469 0.0410698014253 0.874989478179 
2 0.00825242519912 -0.312883701282 0.891502393215 
2 0.0285906825265 -0.158520797058 0.413079039554 
2 0.197946091237 0.0475933820883 0.540884266687 
2 0.0102436140848 -0.348706952492 0.432938209284 
2 0.410719005507 -0.295231267259 0.657002767177 
2 -0.190621185027 -0.477386737442 0.406460645061 
2 0.105384128541 -0.182445089542 0.635863352842 
2 -0.432932290262 -0.609374457549 0.573578805594 
2 0.101756675869 -0.188076649056 0.719234401829 
2 -0.0566604106098 -0.144279278623 0.762507791941 
2 0.0999610285333 -0.219563114604 0.510964794376 
2 0.0522309652532 -0.444885129267 0.479017463444 
2 -0.237830280753 -0.30554270214 0.20606325872 
2 0.286271007138 -0.662641410657 0.593060171685 
2 -0.152319073493 -0.370046024376 0.14918329496 
2 0.148040487482 0.135842139807 0.0397241466502 
2 0.0931889224177 -0.114897562463 0.790429005033 
2 0.278439328572 -0.388994941692 0.496041296285 
2 -0.0611963643235 -0.406255119094 0.192948868637 
2 0.16755038427 -0.553877908305 0.504106842841 
2 -0.513246619217 -0.186659235231 -0.000772094581599 
2 0.401466599807 0.0505461160294 0.486399040469 
2 -0.289449034799 -0.459129700568 0.683282947747 
2 0.50035816958 -0.314663245694 1.11381410193 
2 0.159979070232 -0.453458229222 0.821790167384 
2 0.0612136660895 -0.516215046872 0.391234746404 
2 -0.249106715902 -0.368297037509 0.758266743069 
2 0.296571330119 -0.515194465286 0.58674574103 
2 0.329581057659 -0.377813182232 0.14181472802 
2 -0.153506702901 -0.219617679656 -0.040294426817 
2 0.345303172152 -0.438488291033 0.90572956982 
2 -0.122287026659 0.000499489605474 0.744715095399 
2 -0.0414582373814 -0.541947461611 0.496556993768 
2 0.306158981951 0.142003228027 0.682725320671 
2 0.358693504001 -0.464967822147 0.11360840096 
2 0.330266771191 -0.2037050849 0.515471565863 
2 0.400331010217 -0.551895725319 0.541745191094 
2 0.149566037183 0.322799836782 0.351505642367 
2 0.0832091004357 -0.620668706005 0.351598510285 
2 0.335062758966 -0.0854959484782 0.117749575452 
2 0.162874490524 -0.312144709777 0.783329428155 
2 -0.411214973034 -0.318359505661 0.274010770085 
2 0.0179491787741 -0.214680053569 0.680090236482 
2 0.285598265176 -0.376360659372 0.975021312207 
2 0.0709633646519 -0.343193955599 0.464292750595 
2 0.0370020148859 -0.14627781723 0.419142589529 
2 0.257276539786 -0.442355019375 0.551989301929 
2 0.175642184022 -0.200247387536 0.529335413504 
2 0.194247741623 -0.124040080062 0.472286128057 
2 0.256612783528 -0.109353054943 0.598650155895 
2 -0.050902688716 -0.184524171741 0.404914206812 
2 0.0812673342775 -0.524054417076 0.357022392236 
2 0.184804560118 -0.442631300981 0.478416653956 
2 0.0407564557214 -0.506129977366 0.151068242633 
2 0.339491892549 -0.186851468756 0.346248206981 
2 0.385119253686 -0.358637187775 0.415711901317 
2 0.468016662349 -0.220668413662 0.721451931984 
2 0.313057388683 -0.123997928985 0.454616974451 
2 0.170016660132 -0.0676649786287 0.670682722991 
2 -0.0193010005869 -0.191141669575 0.699455887191 
2 0.298943927966 -0.118454777349 0.290513752322 
2 -0.209034588 -0.267965973724 0.447834105212 
2 0.160484163136 -0.1635708544 0.866691119679 
2 0.244986066802 -0.952302844803 0.70685481428 
2 -0.138311578672 0.0197493163778 0.188103166813 
2 0.124597641668 -0.43127940416 0.290839872163 
2 0.14365551254 -0.639095562375 0.297606178409 
2 -0.0186418119623 -0.911857187193 0.68795955787 
2 0.0125111945587 -0.61480727894 0.632372472483 
2 -0.00666195260725 -0.60120406088 0.641422331215 
2 -0.161676911827 -0.586295621697 0.563527707573 
2 0.298370897803 -0.366262689882 0.572595569229 
2 0.0161704180133 -0.673635322502 0.368627590119 
2 0.109882394685 0.066950753985 0.722230379446 
2 -0.0631898457503 -0.375564535007 0.740501902082 
2 -0.128820801808 0.0873647500303 0.0860488696236 
2 -0.0668414785518 -0.233358525644 0.499056686216 
2 -0.0710909326607 -0.21948422344 0.547431742225 
2 -0.090672961187 -0.0467582383673 0.850753526438 
2 0.290078544459 -0.225244492339 0.388346754308 
2 0.360750123291 0.187640366521 0.394334252938 
2 0.0083436191834 -0.252127117805 0.653079647017 
2 0.292493369854 -0.71624201437 0.622008872176 
2 -0.082739602043 -0.142729393364 0.473341357807 
2 0.0956096440929 -0.31040759734 0.122427050542 
2 -0.0787877972556 -0.223145444181 0.453415359956 
2 0.00455346284963 -0.376192149883 0.660648454599 
2 0.00601150180216 -0.72010306333 0.348727674811 
2 0.111740484 -0.802159333479 0.562380125447 
2 0.162438316003 -0.0373386823177 0.684981251257 
2 0.249567145917 -0.69237910036 0.894547688304 
2 -0.0150294687064 -0.339005058903 0.261704880048 
2 1.11591225305 0.276452085338 0.244057158121 
2 0.331567350087 -0.852531190282 0.371897147489 
2 -0.0366054331348 -0.333227645936 0.149106251434 
2 0.604341375785 -0.321478969554 0.512064606175 
2 0.42995457039 -0.31690048922 0.735290333129 
2 0.175032549768 -0.0403398708415 0.408120503776 
2 0.154924768984 -0.162822941101 0.585879221516 
2 0.33294585631 -0.285388199959 0.474532683913 
2 -0.0972008980244 -0.148566001371 0.498142275274 
2 0.0895260947096 -0.442736768946 0.375303928387 
2 0.218971797661 -0.426092822854 0.595992748917 
2 -0.0149818432519 -0.244583397215 0.505116801399 
2 -0.197810288384 0.00153154294789 0.398066797863 
2 0.26080870185 -0.345240438278 0.597812989612 
2 0.127720356722 -0.110117286471 0.337637124702 
2 0.167364336103 -0.409807582118 0.866747590901 
2 -0.0703805254774 -0.211460376676 0.274990820826 
2 -0.217236229401 -0.278936296193 0.908696144261 
2 0.511744822788 0.0652113172676 0.240907033387 
2 -0.200966667054 -0.0237195109351 0.401448538551 
2 0.381271510631 -0.49730541308 0.37263904255 
2 0.497471392665 -0.539539735148 0.353663304353 
2 -0.0450245148025 0.215887205497 0.290378349018 
2 0.460759136665 -0.540618475271 0.991131298612 
2 0.340990443183 -0.275551924291 0.0617943092062 
2 -0.0976416584461 0.323397093229 0.486559795847 
2 0.270444032873 -0.238272279994 0.858931530506 
2 0.282477722211 0.000614126026705 0.328225237343 
2 -0.141088058939 -0.0844651288305 0.980761415489 
2 -0.46984706917 -0.600093908257 0.236442895372 
2 -0.0174971027135 -0.397748999482 0.742313910883 
2 0.404586964119 -0.435329142068 0.392184970591 
2 -0.0198628638654 -0.284254217298 0.393715670388 
2 0.167331351218 -0.453761530177 0.725095844377 
2 -0.0892222702091 -0.672274431312 0.58535443808 
2 0.157047111844 -0.218967512796 0.260913024398 
2 0.262522311169 -0.0703284725687 0.868423472397 
2 0.0882067650457 -0.507751989797 0.451595641467 
2 -0.325041585356 -0.285681472318 0.725404315984 
2 0.395839746195 -0.637702993833 0.469583257268 
2 0.118429495643 -0.111576495985 0.332650222878 
2 -0.0922532170736 -0.57042663138 0.65237926892 
2 0.310001165095 -0.293264118203 0.738349682623 
2 -0.252290735585 -0.100907557246 0.221432272417 
2 -0.0865920587993 -0.231071597391 0.796143635369 
2 0.0755030247938 -0.439604700024 0.923160393091 
2 -0.141483383419 -0.0948922111936 0.408549067127 
2 0.163614016725 -0.362009517427 0.692470157832 
2 0.265234961063 -0.509857273005 0.558072784889 
2 0.0757379029471 -0.385698665244 0.492430924175 
2 0.245372519852 -0.39280347829 0.776676685332 
2 0.229180074276 -0.258956200317 0.374811850619 
2 0.688960248475 -0.874798898404 0.418706794597 
2 0.138209026019 -0.039997616034 0.398123040302 
2 0.161480290196 -0.0267386318903 0.909928966718 
2 0.34117851511 -0.555494227679 0.507003529605 
2 0.249557170711 -0.714183917033 0.335469317054 
2 0.0890661999566 -0.670768206142 0.451219836021 
2 0.142671206894 -0.063232077066 0.406599062655 
2 0.0225122311078 -0.71066830047 0.54309813311 
2 0.448681498546 0.0885082777918 0.580589269196 
2 0.290616925579 -0.514519049605 0.220856118537 
2 0.179999887776 -0.698785015256 0.440893077256 
2 0.425577819462 -0.609745449349 0.936007974262 
2 0.0599447553531 -0.325466518602 0.574459968837 
3 -0.169485725142 0.477174662757 0.963376716605 
3 -0.0489022236976 0.595391249128 1.07321864384 
3 -0.104347824547 0.68407340038 1.06841712108 
3 -0.313634001665 0.109077603976 1.16373917741 
3 -0.13873883535 0.481875208587 1.56900769405 
3 -0.430726173978 1.08789527478 1.08037598433 
3 -0.55196886948 0.845891849684 0.83619001175 
3 -0.273409463993 0.7455237353 1.12165602036 
3 -0.561700314517 0.274304307029 0.947269198122 
3 -0.333297445972 0.760452100738 1.04146764761 
3 -0.195195341358 0.476867110394 1.12458119806 
3 -0.309416458511 0.821081719813 0.65068896223 
3 -0.374876448345 0.92268242547 1.13742581319 
3 -0.435938252694 0.858766971745 0.869157628393 
3 -0.308879812122 0.488491346456 0.858082597656 
3 -0.379260669587 0.447600769728 0.871073978179 
3 -0.335531076604 0.510116279146 0.655766290777 
3 -0.26028306079 0.42155292154 0.729529459564 
3 -0.302269186058 0.754596335822 1.29185305224 
3 0.109727837645 0.59876766553 1.00348216714 
3 -0.216439450021 0.942212878522 1.20526563108 
3 -0.0142638150372 0.92659905095 1.21393425786 
3 -0.133923971698 1.11650361398 0.786228129779 
3 -0.429237385632 0.208031873513 0.665119820614 
3 -0.0885857518413 1.19884002288 0.928825015177 
3 -0.530449898953 0.94576374465 0.935326127771 
3 -0.199685494362 0.907662418961 0.897716429699 
3 -0.139507277769 0.55821137968 1.11494865404 
3 -0.345944708506 0.516090002565 1.01418211392 
3 -0.0512407731313 0.92141985337 0.916294905118 
3 -0.228661480909 0.447492237094 0.73759157177 
3 -0.372126393308 1.13412359885 0.975833993643 
3 -0.130709107731 0.677762665827 0.628192281838 
3 -0.079886512862 0.549922361956 0.744235241249 
3 -0.312546958709 0.853716734593 1.25889182552 
3 -0.299368826359 0.895778070184 1.40933184081 
3 -0.0987615256172 0.829064790051 0.759427367932 
3 -0.253252395199 0.568511749526 0.553345112 
3 0.0197719118096 0.753504780447 1.35637018078 
3 0.124304600028 0.822498493236 1.08731223708 
3 -0.372798146767 0.473709666737 0.684506297102 
4 -0.20935361421 0.196071394226 0.374073618913 
4 -0.292067675035 0.0824957063255 0.297216512112 
4 -0.445669027591 0.466831176325 0.431001012548 
4 0.427162212502 0.767673677811 1.51419783742 
4 -0.270609790163 0.455312334518 0.602091600551 
4 -0.305221327665 0.369127484349 0.503710928349 
4 0.0737098325299 0.367553604929 0.159169945449 
4 -0.134681699401 0.363519167278 0.501210928241 
4 0.0323719680634 0.212420937705 0.415985716952 
4 -0.128343720025 0.099065242533 -0.0106058890502 
4 -0.470416224878 0.147693689203 0.925410369028 
4 -0.190730972544 0.431191772836 0.139426038343 
4 -0.199207586956 0.781382387129 0.537082366943 
4 0.351297142519 0.460988506744 0.297561176497 
4 -0.441890099148 0.280951897027 0.444398377989 
4 -0.334338768273 0.669419007646 1.18494220604 
4 -0.43167130055 0.734865116743 0.316074687144 
4 -0.3671947069 0.156164912106 0.52440080015 
4 0.224209815698 0.193013764657 0.602984434257 
4 0.120054195418 0.317334814368 0.627037027358 
4 -0.12257117502 0.33943101512 0.654248770316 
4 0.0104758824796 0.31439849082 0.906671585362 
4 -0.28962006772 0.500497997703 0.763529599867 
4 -0.18994280356 0.589182352938 0.556910859956 
4 -0.255573034402 0.120738946396 0.202848600841 
4 -0.188794165667 0.26977613401 0.812220112361 
4 -0.302904245407 0.159561795261 0.499390125603 
4 -0.0216032575302 0.282387629856 0.500381345488 
4 -0.117842589889 0.781775076514 0.472366782093 
4 0.126247900775 0.287527372706 0.625533379934 
4 0.12491351999 0.37818807435 0.173124330061 
4 -0.419219496647 0.281524158371 0.372253538948 
4 -0.318595013675 0.566914272258 0.367844501595 
4 -0.577730416106 0.31780242093 0.233928092516 
4 -0.222031562677 0.149715455134 0.599642300615 
4 -0.36401727166 0.111042738418 0.804945720397 
4 -0.0912858999479 0.116009349944 0.768401707094 
4 -0.0042835220093 0.475730950397 1.25034866459 
4 -0.236630841887 0.512164248419 0.568282065073 
4 -0.00650496631157 0.286405364718 0.154319837219 
4 -0.00187358170438 0.371736779618 0.660054744321 
4 0.379305901445 0.325570636307 0.613364638882 
4 -0.269183730808 0.183786796622 0.522520657531 
4 0.0617775604506 0.287652650701 0.15311280478 
4 0.00860364694126 0.254641812365 0.857491328816 
4 0.529601577336 -1.29076837472 1.50669914605 
4 -0.0910496332314 -0.277517455777 0.710329441343 
4 -0.0374404704337 0.314912927649 0.38731683178 
4 0.0696959730606 0.315699935517 0.827260698408 
4 0.214511522975 0.595170692168 0.514307789758 
4 -0.211896352901 -0.0607148957871 0.744401217136 
4 -0.114632926284 0.312039555655 0.624621468316 
4 -0.27511205579 0.101449107161 0.150040753874 
4 0.129397532051 0.274405307095 0.450671146147 
4 -0.373039018088 0.38358588557 0.307306378359 
4 -0.453297727162 -0.146331271898 0.0543131216919 
4 -0.0549666292943 0.290013968942 0.68398671066 
4 0.242284024417 0.0481629036083 0.484192458468 
4 -0.223142055412 0.31622344431 0.480403674516 
4 -0.552223371962 0.315025340683 0.161544441877 
4 0.122985377858 0.238334845276 0.313505713189 
4 -0.151050998072 0.345929193253 0.509317569039 
4 0.420365278896 0.520758563181 0.356581271711 
4 -0.357656969156 -0.033632688044 0.382119137247 
4 -0.299957361403 0.6005958957 0.323784554 
4 -0.207673218598 0.104896542586 0.0518805596799 
4 -0.0740028697138 0.476480008453 0.677629101383 
4 -0.210148602377 -0.0544547336399 0.501600708669 
4 -0.530864672719 0.421260967462 0.718212200325 
4 0.516411087948 -0.0327741405183 0.501280672923 
4 -0.402863935559 0.173335956943 0.701536424394 
4 -0.0984535472851 -0.241830186972 0.700121111585 
4 0.108800212468 0.313066634902 0.761011324389 
4 0.176015673533 0.721473420421 0.561039350792 
4 -0.52652143405 0.424884890576 0.370212599466 
4 -0.175956946325 0.244511766228 0.481625262714 
4 -0.305914154865 0.507675603236 0.765262209094 
4 -0.118471921226 0.533997052612 0.136221263832 
4 -0.82348691554 0.519958369031 0.617334938401 
4 0.356813489278 0.300889497722 0.248095615007 
4 -0.0448753375741 0.0699770882343 0.556950931018 
4 -0.0855116513341 0.321369238111 0.227640587916 
4 -0.131401576434 0.132901245765 0.465372871358 
4 -0.215077871894 0.235618622471 -0.101064015081 
4 -0.192611186056 0.180308300358 -0.00799013925166 
4 -0.0415498532325 0.198259302489 0.659835890288 
4 -0.149651222043 0.477166281548 0.652001333744 
4 -0.161036923643 0.139994584656 0.101529021623 
4 -0.119326350639 0.167479115632 0.363605003872 
4 0.0794269518055 -0.161466528545 0.364534910215 
4 -0.218591179956 0.528087582824 0.299681262652 
4 -0.459887424129 0.212274290735 -0.0669952923422 
4 -0.346832810418 0.176240315341 0.464337797159 
4 -0.142418625198 0.568042278029 0.453235915993 
4 -0.54144218076 0.408677265037 0.329618304844 
4 -0.00117609734784 0.458843321985 0.692090356951 
4 0.115108190014 0.505034451395 0.560775858711 
4 -0.253378898308 0.604197475635 0.738039607077 
4 0.184323503112 0.578257474561 0.615869762125 
4 -0.0105900487776 0.490043516809 0.607788528262 
4 0.0412376796188 0.0926895216414 0.566915685657 
4 0.0299975995027 0.79928359073 -0.0152288026913 
4 0.164839505269 0.141271336998 0.0190541999716 
4 0.231201882713 -0.0799424399891 0.662126218569 
4 -0.419278056839 0.221889966068 0.168393992732 
4 -0.0749049599868 0.400552206733 0.562145761514 
4 -0.987712051738 0.0236485290276 0.77094156861 
4 0.13520215936 0.637623280844 0.824461804832 
4 0.0806708295492 -0.187995952959 0.547037653066 
4 -0.265014161945 0.135962296748 0.63295083374 
4 0.0107581988973 0.181625814742 0.272162602257 
4 -0.256991119042 0.266332236966 0.451218055088 
4 -0.132177077944 0.0589881074782 0.887214928124 
4 -0.273313945124 0.297872299747 0.72850828862 
4 -0.329025948864 0.206299111524 0.746143564392 
4 0.047883026101 0.848243062794 0.812416982864 
4 -0.0198539309952 0.786158983857 0.445796063269 
4 -0.133860527044 0.275429000766 0.938515910744 
4 0.149631039415 0.60560940784 0.651635651183 
4 0.0793999320377 0.528669355043 0.741053513974 
4 0.24218118497 0.326223327324 0.167783333553 
4 -0.00313319418816 0.0637254513459 0.70566715017 
4 0.1803466754 -0.119056814751 0.205188381898 
4 0.0653986012795 1.03696421268 0.14492718313 
4 0.175874210091 0.326503086318 0.370310230817 
4 0.173427897242 0.563580586363 0.348024698214 
4 -0.237751645267 0.530828587426 0.202344646722 
4 0.0929331032625 0.122508415035 0.319419663356 
4 -0.00510364280104 -0.195835792933 0.29229883376 
4 0.0334186452112 0.276552778008 0.420314166406 
4 -0.159056731794 0.206172955863 0.271700512569 
4 -0.13623013667 0.634645187826 0.756521423555 
4 -0.0492820670342 0.286843121271 0.680004045489 
4 -0.238688326304 0.124658028435 0.689678920964 
4 -0.277423836197 0.2883756981 0.437509168312 
4 -0.10703917362 0.256921848508 0.384935274071 
4 -0.229636899741 -0.491570974153 0.626107055477 
4 -0.0251609565754 0.2455299463 0.74244063428 
4 0.103937951065 0.224679396166 0.738848316576 
4 -0.384326605955 -0.016135686574 0.182962635919 
4 0.00744757531266 0.406553599274 0.344730949336 
4 0.22305937911 -0.050944185826 -0.552862620151 
4 0.0661548191843 0.000929429327129 0.114651018497 
4 -0.210493562235 0.353967290131 0.642341692195 
4 -0.162997860997 0.311247469817 1.03243648613 
4 0.041369352941 0.55938519543 0.493626806508 
4 -0.547388787399 -0.137232217897 0.926628615274 
4 0.112277916767 0.0799026073195 0.651975355742 
4 -0.232712614148 0.126513338671 0.584937647834 
4 -0.00559021053004 0.232451005554 0.522904538844 
4 0.0958955071059 0.20120443807 0.236131802277 
4 0.310482384368 0.158484137944 0.377424664361 
4 -0.00897639894886 0.62667997569 -0.00758844249663 
4 -0.00731079529529 0.103337575147 0.34005327917 
4 0.0381550129733 0.221055159462 0.36945903721 
4 -0.086150374645 0.24963350916 0.44612442336 
4 -0.103830218383 0.594386035576 0.570238439937 
4 -0.123409353542 -0.0279499537031 0.78267202766 
4 1.15870314201 0.379627805867 0.202582439609 
4 -0.188416552056 0.458187545121 0.0966528502076 
4 -0.339608444142 0.306578913545 0.817170728107 
4 -0.0543049876599 0.540897392547 0.970128987878 
4 -0.0265430337806 0.726628933402 0.298603495985 
4 0.0478656997047 0.391545588435 0.550314483061 
4 0.025490730937 0.111914221323 0.432997163681 
4 -0.155238210702 0.473682722251 0.441137126296 
4 -0.465037560758 0.163446063937 0.353431860666 
4 -0.389645209414 0.425513348841 0.284684064497 
4 0.014093439271 0.27727502805 0.18476792729 
4 -0.312472071668 0.28145231234 0.0553746345387 
4 0.559283181542 0.0770012736423 0.314865815132 
4 -0.0787078562294 -0.0313484011352 0.368064033137 
4 -0.214773206034 0.576517340706 0.436435717111 
4 -0.318089105944 0.413359412106 0.812781332187 
4 -0.253708161053 0.367047910055 0.312755235167 
4 -0.271532961546 0.392088495855 0.776207768173 
4 -0.154566274104 0.221605162705 0.967953672456 
4 -0.0599469511764 0.45451597723 0.388430670728 
4 -0.245204955904 0.149409817311 0.270215003368 
4 -0.380209101387 0.109663735501 0.19782619292 
4 -0.307888072037 0.345173165017 0.436170423606 
4 -0.302325411073 0.298870233136 0.662389033231 
4 0.0567682028286 0.876047036511 0.483598240423 
4 -0.407172760901 0.142483603158 0.792778994787 
4 -0.371081547788 0.638402749301 0.486616584163 
4 -0.00850121944066 0.439815639027 0.372467053285 
4 0.00835196325168 -0.279268479667 0.475881151539 
4 -0.0261273063911 0.335123467089 0.454331034987 
4 -0.120019923414 0.0808039130693 0.312178930555 
4 -0.0456118953818 0.153772898578 0.332834904887 
4 -0.250331278947 0.293255517127 0.585337803669 
4 0.149879501535 0.362317516661 0.44605576461 
4 -0.360104861391 0.470473290243 0.691214139968 
4 -0.375123861593 0.298095177771 0.140215297395 
4 -0.306404945527 -0.0263869739022 0.473786354529 
4 -0.145845631177 0.642363165393 0.784958432893 
4 0.161734996079 0.283737770338 0.309397415445 
4 -0.206920844157 0.434295542477 0.310882074334 
