0 0.47941847851 0.148780474618 0.247286214581 
0 0.525225865345 0.20300236166 0.569847546948 
0 -0.145483813036 0.287609807371 0.409636901007 
0 0.56491609768 0.316429091667 0.805158187567 
0 0.540578969826 -0.143848927863 0.866973214368 
0 0.434581061599 -0.0927822083427 0.513151714373 
0 0.3348303523 0.270554817381 0.425807242419 
0 0.706122990096 0.0676286285449 0.521627567808 
1 0.0318012544462 -0.440069189414 -0.20242510586 
1 0.314786841167 -0.409130238562 0.0689343719601 
1 -0.306774823204 -0.403236660876 0.339344976373 
1 0.367306849557 -0.309522203687 -0.217923856246 
1 -0.211720275217 -0.356068530193 -0.124494551296 
1 -0.377418995166 -0.35999792023 0.214836450933 
1 0.057146805451 -0.57728063489 0.249167250232 
1 0.233762863196 -0.426956358063 -0.16231078357 
1 0.0866343140879 -0.132824028617 -0.087040424452 
1 -0.404988660169 -0.627584587514 -0.139889159637 
1 0.174391560678 0.0808861501168 0.0403652656096 
1 -0.0607172160807 -0.589258267735 -0.0571091916825 
1 0.0631677474194 -0.256118673559 0.272479059823 
1 -0.226509591708 -0.272692921843 0.109059658753 
1 0.288235916416 -0.177980198143 -0.0181510808836 
1 0.0113923294213 0.0631275708037 -0.206593747754 
1 -0.217411780072 -0.185617405705 0.06076265992 
1 -0.124899699816 0.133055848001 0.282116315513 
1 0.0965840380281 -0.249712878157 -0.164781229891 
1 0.0234770623764 -0.341134675597 -0.413027695781 
1 0.0117689844905 -0.115054897263 -0.0524048383812 
1 -0.113559038283 -0.252894008732 0.252183748494 
1 0.154399017199 -0.390018097298 0.191602501998 
1 0.125934614431 -0.19540849649 -0.617455718841 
1 0.0705804541425 -0.356974647705 -0.353311251067 
1 0.125684160849 -0.429103408927 -0.140060834505 
1 -0.0695680751393 -0.641845469394 0.032972131755 
1 0.475424035818 0.126896945169 0.0158372313464 
1 0.12876588231 -0.381325238017 -0.177394592204 
1 -0.0353453430646 0.273765564028 -0.0461953796507 
1 0.336043508324 0.0437065006969 -0.496990051362 
1 -0.243379607946 -0.33249879776 -0.038988821428 
1 -0.19934620354 -0.289277410851 0.129655946954 
1 0.0362264620942 -0.474586721258 -0.208223611224 
1 -0.0411226817669 0.281851973513 0.0401629920954 
1 0.110991475486 -0.0212619337385 0.0784735446821 
1 0.109343756705 -0.303193201278 -0.432979727923 
1 -0.0988157572732 -0.257805257825 -0.127495943775 
1 0.233085899895 -0.206809613928 -0.202632868777 
1 0.461470151057 0.0195785331377 0.0876085632267 
1 0.0106948414642 0.0306850729265 -0.233618784177 
1 -0.170522608753 0.0152845965395 -0.34627059056 
1 0.0209788332525 -0.142509495637 -0.281648182595 
1 -0.0339125345442 -0.427090647225 -0.0926950835664 
1 0.0940589104193 -0.219313706117 -0.0231151913417 
1 -0.41642403791 -0.201703324475 -0.0876982273327 
1 0.0308556069651 -0.243031625028 -0.017582667807 
1 -0.213733948641 -0.0162282141037 0.371970911798 
1 -0.264905808159 0.149261194455 0.280623446841 
1 0.0828844397051 -0.648886341861 -0.0957064351812 
1 -0.133933780821 -0.474633189994 0.147662830761 
1 -0.453336025692 -0.298910113479 0.109493304646 
1 -0.0439753988034 -0.0710965640546 -0.0984074613912 
1 -0.0169267837582 0.00426050719506 -0.0961373533844 
1 -0.193401530682 -0.497734612449 -0.19234337161 
1 -0.196910754145 -0.488019507821 -0.287904949031 
1 -0.0830710189961 -0.331351252338 0.345082952067 
1 -0.0367248362716 0.26297888951 -0.18531674166 
1 -0.0957065746936 0.132085282717 0.152090293052 
1 0.260459162333 0.1995574537 -0.366947957893 
1 -0.132076807394 -0.10725234122 -0.249424982712 
1 0.236724885988 -0.436158937589 -0.28302289343 
1 0.0516944442851 -0.00649476831569 -0.192590214832 
2 0.162167571158 0.215260226641 0.750846345504 
2 0.934245792056 0.107546759493 1.17908590151 
2 0.364672815014 -0.508293813479 0.957263561257 
2 0.555594435615 0.148601561533 0.365810384409 
2 0.627433348383 -0.0185436200327 0.520515588744 
2 0.537196938565 -0.253987217629 1.19673284401 
2 0.29639141153 -0.136230422635 0.736461899605 
2 0.443059209041 0.298806451165 0.945879369573 
2 0.449161578721 0.43976890678 1.04768598921 
2 0.373490371798 0.144147313741 0.639715797007 
2 0.47823876621 0.846657968529 0.597932401212 
3 0.0199138027753 -1.03587234368 -0.470383726671 
3 -0.255973329449 -1.14680187575 -0.464491085315 
3 -0.277361584704 -1.29747365624 -0.108135784514 
3 -0.075315406353 -0.997169108329 -0.29490745486 
3 0.0387866374007 -0.945013598706 -0.403391501401 
3 -0.329835054565 -0.844720144756 0.278247224138 
3 -0.189018431807 -0.840536850647 -0.14111218884 
3 -0.035533540864 -0.738477711717 0.00590754419721 
3 -0.00283749582699 -0.907959574865 0.113801697942 
3 -0.201357720159 -0.811725327724 -0.116939585126 
3 -0.32357542191 -1.0209376671 -0.315995364999 
3 -0.438884363584 -0.786330091801 -0.141648996504 
3 -0.165839921891 -0.867620781645 0.0120732743984 
3 -0.247539125344 -1.03499683326 -0.173630759461 
3 -0.175481101736 -0.914387114093 -0.152692539899 
3 -0.0937995307189 -0.630588239863 -0.260253096256 
3 -0.620508370498 -1.18578582938 -0.105951741425 
3 0.10024068562 -0.552606472286 -0.770210740771 
3 -0.503229045344 -0.95776069437 0.268276831825 
3 -0.462835458766 -0.620655647671 -0.0639933063866 
3 -0.4389493849 -1.16030712894 -0.137662165839 
3 -0.158599678059 -1.04490795914 -0.424214452278 
3 -0.705704151875 -0.912235227724 -0.147382265638 
3 -0.566521316322 -0.814322490539 0.507354918722 
3 -0.481039965583 -1.20484508606 -0.2869433577 
3 0.0521718232246 -0.799293160002 -0.121116440536 
3 -0.503737471505 -1.42849642946 -0.114811148687 
3 -0.221660491251 -1.05279712426 -0.353745065042 
3 -0.137392316515 -0.958326383782 -0.184621692994 
3 -0.492730967214 -1.26961028758 -0.28314703685 
3 -0.14133077232 -1.15106807993 -0.0450209127406 
3 -0.00597621349755 -1.05729469694 -0.338928406069 
3 -0.350771276308 -0.836745297405 -0.0593798467656 
3 0.119078992393 -1.28776241407 0.124277918329 
3 -0.461148103512 -1.12989048454 -0.0599280402722 
3 -0.061826426547 -1.09072049286 0.00643089674754 
3 -0.231829408292 -0.774736082447 -0.3207757755 
3 -0.346212294502 -1.10194105669 0.0414121180686 
3 0.109268686355 -1.25794689183 0.00026196936697 
3 -0.288051804912 -1.00750252029 -0.173721227878 
3 -0.269486340889 -0.955000036345 -0.251515924812 
3 -0.369955669842 -0.915558276242 -0.175350821659 
3 -0.0262471994706 -0.822450031147 -0.142638596454 
3 0.154758834015 -1.19582049749 -0.298389223834 
3 0.12612127569 -1.21083059262 -0.433619567799 
3 0.238056477052 -0.656558515722 -0.274515288916 
3 -0.248019021514 -1.41387029302 -0.43891832252 
3 -0.396105155595 -0.704873471958 -0.557486561242 
3 -0.297854133743 -0.792768404757 0.0378580192971 
3 -0.344229926681 -1.23552398347 -0.0815475682797 
3 -0.117962170282 -1.25372796233 0.152745574453 
3 -0.212777851735 -1.03712353058 0.240855210206 
3 -0.776256439554 -0.98442277203 -0.086675078048 
3 -0.11018252684 -0.966265917714 -0.127929561577 
3 -0.468413161064 -0.716711063591 -0.0804471345009 
3 -0.441900018959 -0.913126478748 -0.27434561038 
3 -0.551865783512 -0.92344155404 0.272327373312 
3 -0.462193514992 -0.961059340626 -0.438013612349 
3 0.461670388845 -1.26208151857 -0.0501498226833 
3 0.0868204431196 -1.11021606897 -0.439501649505 
3 -0.460463653032 -0.992202746905 -0.0580852362949 
3 -0.408102912477 -1.06913284348 -0.122938444337 
3 -0.170109614156 -0.717183758596 -0.305399968812 
3 -0.101198408697 -1.26534357132 -0.137697983278 
3 0.263520021567 -0.983726582914 -0.00516884677389 
3 0.294223384841 -1.40843910215 -0.0181876154568 
3 -0.495886303055 -1.15624237525 -0.254489869541 
3 -0.208825111461 -1.14561308925 -0.010621144285 
3 -0.161343219629 -1.0952170781 -0.049976089974 
3 -0.17966925563 -1.14030261418 -0.110509510163 
3 -0.119573704699 -0.811301795852 -0.0911662161482 
3 -0.343621955366 -0.912668302326 -0.0216792888606 
3 -0.549775761583 -0.768819627809 -0.221917675951 
3 -0.338523835473 -0.974263509474 -0.0659766776337 
3 -0.0464352511029 -0.880552281669 -0.312415252977 
3 0.296671838282 -0.792619099524 -0.192218596221 
3 -0.136945648328 -0.904595027677 -0.488650381296 
3 0.0869416765682 -1.26128518923 -0.241243459715 
3 -0.0596493070036 -0.927738136281 -0.288594267274 
4 0.998761453768 -0.0129427103439 0.218374179244 
4 0.657453977705 -0.00104328075484 0.0155336768814 
4 1.0586209081 0.172344436926 0.427503689471 
4 0.701562478495 0.0963074578214 0.305068887595 
4 0.695886237198 0.216962920155 0.421979337971 
4 0.842912459816 -0.0108669280885 0.235716117264 
4 0.742754363532 0.393564535329 0.285271362499 
4 0.638076242447 -0.0529963770474 0.456098567223 
4 0.829600671645 -0.0625285620472 0.0402889973278 
4 0.686776545575 -0.241422611912 0.279114822189 
4 0.916542367142 0.0368930846424 0.320413307556 
4 0.948829540329 -0.122984388156 0.138089848017 
4 0.938036803757 -0.0501088244258 0.566703099691 
4 0.967783037143 0.142907992839 -0.0827413053957 
4 1.04393015517 0.296356061469 0.630088265711 
4 0.711640190459 0.0900169422849 0.342296506629 
4 0.700335009917 0.213156360909 0.151152489386 
4 0.667416782527 -0.18530711395 0.124378548493 
4 0.638784737665 -0.174868357164 0.47563495415 
4 0.84194101148 0.311834324228 0.441356579941 
4 0.862613268526 0.11127357465 0.472383488567 
4 0.865385392529 -0.163749267147 0.141855195233 
4 1.04092303571 -0.0586133151532 -0.024334928499 
4 1.17348500234 -0.109464781895 0.38700893071 
4 0.703501843922 -0.225639425444 0.318928856639 
4 0.516034786957 0.0870319739281 0.320597673113 
4 0.543586240586 -0.0332049299579 0.397794645623 
4 0.967529257881 0.0679575852393 0.732793120308 
4 0.696074467191 -0.218973069462 -0.0839968626892 
4 0.689185935038 -0.0886217844069 0.327210628985 
5 0.684929559539 -0.382288483099 0.35284130791 
5 0.436996001215 -0.498200877144 0.201526564962 
5 0.276680280954 -0.564335327338 0.0705606210325 
5 0.071339473072 -0.251504640761 -0.239297190141 
5 0.364375067758 -0.546380577102 0.260211442102 
6 -0.458019872948 0.435226826637 -0.0540521853692 
6 -0.340432839732 0.112190846585 -0.158301822661 
6 -0.114682794847 0.284976933646 0.0588714170326 
6 -0.187681681083 0.335082729409 -0.0467413152978 
6 -0.0437021495089 0.412330980825 0.691939774013 
6 -0.380770660253 0.00470526146076 -0.0836540866753 
6 -0.230154947094 0.457927513375 -0.291187782656 
6 -0.541272539532 0.474836946083 -0.000492000805262 
6 -0.317530604636 0.423879048885 -0.140536178277 
6 0.320990529494 0.459853544807 0.403657037077 
6 -0.126472818661 0.290719932296 0.010952239571 
6 -0.369692577603 0.680272849839 0.203632008787 
6 0.132273158507 0.327562480683 0.0372392042743 
6 -0.124891633658 0.454331230735 0.105658070001 
6 0.175404764429 0.239224269925 0.130813947811 
6 -0.0846302005123 0.267901197883 0.275921278125 
6 -0.339061377745 0.815099738314 -0.00327330654037 
6 0.345236344599 0.555559551735 0.166167976804 
6 -0.0368036135455 0.716081411235 0.156407605936 
6 -0.210044223625 0.436562227218 0.150821640515 
6 -0.293351947207 0.253745179607 -0.421853750477 
6 -0.194544248052 0.576256538378 -0.131702084771 
6 -0.319894407184 0.275869510822 -0.459868496054 
6 -0.0118955169081 0.757826847252 0.0112849410181 
6 0.0200096023262 0.453430505256 0.0464137355921 
6 -0.313394122031 0.133641411815 0.0162282696446 
6 0.0530253638697 0.31551466491 -0.141111980235 
6 0.167963510044 0.261867334557 -0.451497745532 
6 -0.0614556722379 0.478126065311 -0.1068644075 
6 0.0259776800169 0.569026989415 -0.0885006867362 
6 -0.0196992110258 0.12168517427 0.339318108315 
6 -0.192018654997 0.25168320418 -0.213028414189 
6 -0.437428546559 0.304312248844 0.0698677429469 
6 -0.103107835747 0.274653886944 0.456622280849 
6 -0.614026909022 0.53643178901 -0.232875421591 
6 -0.0858134069454 -0.0707589027495 -0.0323769449063 
6 -0.297025202767 0.421768591045 0.0437710981708 
6 0.186716406544 0.430351850513 0.0701636276885 
6 -0.113981839706 -0.101799516921 -0.00705899140985 
6 -0.391249240126 0.349421675896 -0.346112021303 
6 -0.304801992106 0.453602078157 0.180094572094 
6 -0.192812316648 0.560814136394 0.0569432577134 
6 -0.353209308509 0.884631853628 -0.0131122483009 
6 -0.218949587237 0.141435118621 0.243533287616 
6 -0.15338054413 0.511186940293 0.0462470341567 
6 -0.0653445214595 0.134009943484 0.403123689129 
6 0.132329765525 0.948473455318 -0.226836362457 
6 -0.147353366075 0.592023287691 0.154704519432 
6 -0.292617943088 0.157829420913 0.225825515889 
6 0.103086462591 0.354801548987 -0.141963486136 
6 -0.145396390427 0.0997292853842 0.585744269394 
6 -0.298859307213 0.23285712246 0.030317674122 
6 -0.541562660994 0.240611747066 -0.0382034837289 
6 -0.046084016938 0.478270911388 0.0429592790516 
6 0.00489031712826 0.641225054283 0.278901195847 
6 -0.189715699477 0.407416387852 -0.17399635684 
6 -0.179390265148 0.395924085844 -0.0282507477007 
6 -0.161679554606 0.854622924549 -0.247307621218 
6 -0.257099703016 0.531984707461 0.12592890256 
6 0.0642220711754 0.54616374904 -0.262325656448 
6 -0.180749907996 0.30513120572 -0.0376097344023 
6 0.484181510733 0.33419788447 -0.123052124204 
6 -0.469420227667 0.209972424111 -0.155123574867 
7 -0.357432286646 -0.173924019015 0.819955251794 
7 -0.796064621867 -0.306172299837 1.34843191796 
7 -0.801318577293 -0.74537977299 0.765873693469 
7 -0.445403117962 -0.789030216893 0.486697359816 
7 -1.06776295365 -0.536141603651 0.881130637409 
7 -0.744417225594 -0.698768602598 1.00747177394 
7 -0.705688512614 -0.216512217113 1.2322390233 
7 -0.617969198033 -0.427096982161 0.905804021998 
7 -0.889991114942 -0.513765471115 1.20697129334 
7 -0.687922225135 -0.429663231251 1.06377817464 
7 -1.05002431067 -0.475322345909 0.863617598593 
7 -0.870705640749 -0.30085616238 0.964887050409 
7 -0.944658130467 -0.572003478889 1.16993174174 
7 -0.509005112927 -0.554912890495 0.785731775143 
7 -0.786000169529 -0.405194870798 0.860510777665 
7 -0.676011112509 -0.497727471087 1.23183562919 
7 -0.969597290753 -0.570817407309 1.36802391611 
7 -0.551037948699 -0.0696410280908 0.883843148384 
7 -0.808285798378 -0.18026294898 0.794413267612 
7 -0.661360205507 -0.0640373540639 0.927763809427 
7 -0.812465673292 -0.239616681037 0.906206120833 
7 -0.537709002869 -0.716269563734 1.20018500685 
7 -0.872259981711 -0.342483827672 1.28493060195 
7 -0.319915081692 -0.580877669935 1.21480840341 
7 -0.890541622782 -0.0269392935197 0.877671489126 
7 -0.670234300039 -0.476779629372 1.03814235363 
7 -0.463805181507 -0.312749792469 0.938350939041 
7 -0.737733121417 -0.319488930517 1.25408047849 
7 -1.03078997857 -0.590001577321 1.42517507545 
7 -0.986911408177 -0.420211502918 1.47716762545 
7 -0.862162795249 -0.215836485459 1.0116636782 
7 -0.928221228265 -0.454395889529 0.762406398483 
7 -0.83999719376 -0.570631967257 1.03985755056 
7 -0.789231393967 -0.504400457866 1.18917903293 
7 -0.680508369626 -0.669194522899 0.93175716575 
7 -0.671411592576 -0.220435917206 0.742362587964 
7 -1.17526084098 -0.44514597579 1.66044703337 
7 -0.908442918489 -0.280633367563 0.532802562444 
7 -0.714768498653 -0.444207397966 1.12447487526 
7 -0.866970280534 -0.459736342931 0.735830432196 
7 -0.82902921786 -0.281898743027 1.06114265884 
7 -1.02302695335 -0.5448393841 0.848355307304 
7 -0.761102832199 -0.247534666717 0.721126029554 
7 -0.50986002883 -0.378613063347 0.963685329223 
7 -0.79992994791 -0.438410421217 1.48099589997 
7 -1.37523891071 -0.24409784134 1.22600778305 
7 -0.415158531417 -0.249344518398 1.07118288599 
7 -0.590094444428 -0.811380852185 0.806285720892 
7 -0.997944205911 -0.352183526647 0.320243074185 
7 -0.943220431608 -0.474031972759 1.12295291585 
7 -0.650382914375 -0.0292159690049 1.14760527437 
7 -1.02070111721 -0.179610388198 1.00283346206 
7 -0.557271579022 -0.585079288037 0.991979360202 
7 -1.2402736614 -0.752774065245 1.37891366388 
7 -0.71538215961 -0.330677852977 1.1298067601 
8 -0.524770680192 -0.0284775956909 -0.0851374853716 
8 -0.673763527621 -0.171679622729 -0.124556048422 
8 -0.453370485239 -0.339106868035 -0.64058284011 
8 -0.662395428783 0.284746094882 -0.00366243104095 
8 -0.477946090034 0.0237059350584 -0.243451978969 
8 -0.635669940097 0.126614460365 0.180906979585 
8 -0.463354267765 -0.576354227083 -0.129892373657 
8 -0.715460290972 0.0761731534678 0.0803151937629 
8 -0.5680423828 -0.181767295421 -0.46202159183 
8 -1.03286037485 -0.0694427559628 -0.22053168684 
8 -0.755634277737 -0.109135582262 -0.00491886975066 
8 -0.499777718263 -0.127385659642 -0.330416771468 
8 -0.168571157502 -0.0194912219001 -0.253530187227 
8 -0.673130652721 -0.267552049174 -0.124697272906 
8 -0.38053577623 -0.0428863705867 -0.56926961365 
8 -0.649148014742 -0.274740394962 -0.0674626096893 
8 -0.415283036421 0.0136784338476 -0.165091969737 
8 -0.794526451499 0.0989648207925 -0.141486199745 
8 -0.449824874683 0.188305745345 -0.226385603952 
8 -0.36920779338 -0.0155210590141 -0.326955513614 
8 -0.634590068328 -0.240689310264 -0.20335718586 
8 -0.388005301827 -0.321390703023 -0.282870147047 
8 -0.314533894013 0.0377970994713 -0.261752496473 
8 -0.852249200382 -0.25390967802 0.0054794900647 
8 -0.940448123702 -0.0412754504023 -0.237619533662 
8 -0.647911237347 -0.0386877055065 -0.135435611447 
8 -0.737126778727 0.216278031995 0.169207223016 
8 -0.651737000277 0.0349677037982 0.170234092006 
8 -0.71047627591 -0.217072724871 -0.155407205377 
8 -0.398027700979 -0.118262338759 -0.449555358474 
8 -0.358361537927 0.101867501347 -0.27987090711 
8 -0.381338151874 0.062064581558 0.0818046297245 
8 -0.689237635585 0.115975882355 -0.0269625148093 
8 -0.469821905875 -0.361804431929 0.407727460197 
8 -0.687643887446 0.0797271263719 -0.36091633946 
8 -0.535498982278 -0.201772151498 -0.371373864206 
8 -0.931554700682 0.139324588197 -0.313735008079 
8 -0.751474311018 -0.393980744379 0.0208504147058 
8 -0.567766567679 0.110206357938 -0.312138694237 
8 -0.657057942457 0.0919301533689 -0.479665482528 
8 -0.744293300353 -0.130506307956 -0.321185198236 
8 -0.605920825219 -0.383961774475 -0.504980275304 
8 -0.799261598886 0.0654193982144 -0.552940384949 
8 -0.88346647605 -0.0615608116276 -0.179149059654 
8 -0.522937017501 0.0105544501318 0.265048705025 
8 -1.25819122587 -0.0984170018193 -0.19900557087 
8 -0.545984428893 0.0282239933281 0.0142789297259 
8 -0.635159855892 -0.337786171881 0.073942530957 
8 -0.511698160953 0.110705023079 -0.607198805183 
8 -0.533758313217 -0.163856709096 -0.0552928249137 
8 -0.522618408512 0.187710004526 0.00902261163546 
8 -0.838318540888 0.0390348157355 -0.250534381719 
8 -0.277723439748 -0.225736107547 -0.102946699837 
8 -0.994927619775 -0.208678864593 -0.253954448891 
8 -0.29396465321 -0.136869839428 -0.188671063978 
8 -0.728681616778 -0.00524638035481 0.0192718198133 
8 -0.631367523065 -0.282007446155 0.0028963852673 
8 -0.461201783638 -0.651384218197 -0.417279654748 
8 -0.698409835243 0.123996320292 -0.301015567631 
8 -0.707669278706 0.0740845166467 -0.165778969728 
8 -1.04149159561 0.246121055536 -0.516274595427 
8 -0.628249228144 0.0688102581069 -0.0260092175876 
8 -0.662007208635 0.0472737604838 -0.218800627875 
8 -0.575883881114 -0.615374210775 -0.439776838423 
8 -0.488332997414 -0.185926484506 -0.164602807548 
8 -0.450956949287 0.278274151729 -0.235931541703 
8 -0.450937513509 -0.336480012103 -0.0937065085062 
8 -0.780379877122 -0.481327811091 0.258015865165 
8 -0.106134542233 0.0329585803326 -0.0250088461335 
8 -0.45845555284 -0.11908188753 0.0785118004343 
8 -0.485430129308 0.0670501325219 -0.259080600167 
8 -0.66204290748 -0.184074187582 -0.241062918416 
8 -0.483135097719 -0.00245071268594 -0.254433112232 
8 -0.40440319327 -0.121182740383 -0.267825404805 
8 -0.6259626584 0.0170421760975 0.0273961287469 
8 -0.225535790563 -0.145423919357 0.018530750474 
8 -0.650107496304 0.231045696968 -0.416261440535 
8 -0.791434070481 -0.194202634102 -0.207410720689 
8 -0.624446609845 -0.411221853669 -0.202919775023 
8 -0.824151697861 -0.114177056484 -0.43462539975 
8 -0.771965388424 -0.00214623168392 -0.0773811289312 
8 -0.901346808832 -0.583187337383 -0.154558088135 
8 -0.686446940559 -0.0693204169932 -0.274165550591 
9 0.410335954643 0.481444834615 0.913937746436 
9 0.373860311853 0.858974641192 0.705628277444 
9 -0.0639983979411 0.708412385258 1.04786793687 
9 0.578879423494 0.609011566641 0.969318101234 
9 0.389038004081 0.71015672915 0.78629227757 
9 0.556993355961 0.730003155418 0.51537432935 
9 0.387830922594 0.789934270769 0.936231378703 
9 0.0755736190074 0.535094147934 0.993239605465 
9 0.801019966487 1.09504468486 0.534273471054 
9 0.546786624138 0.512194105789 0.846390171777 
9 0.347124897637 0.346388262214 0.85021188374 
9 0.601718658401 0.503387528354 1.09854900736 
9 0.448185962559 0.812474972578 0.931245806943 
9 0.414704684948 0.320781965208 1.104309255 
9 0.558260344512 0.610448941104 1.27774955497 
9 0.497907525184 0.510909439276 1.14302296279 
9 0.383235955995 0.251819111236 1.13372772091 
9 0.257867608646 0.517915069673 1.32406026575 
9 0.384357866084 0.543692847682 0.969307774699 
9 0.620832315504 0.273379831567 1.00827407434 
9 0.501009870683 0.995185136084 1.04353933368 
9 0.0617708719897 0.556079579789 0.998194397776 
9 0.85489282543 0.606938630157 1.20109598884 
9 0.18079073249 0.442144660557 1.27894786213 
9 0.6078784589 0.771824723053 0.961014207561 
9 0.524804456078 0.578664120058 1.30505767338 
9 0.249205701435 0.175779687969 1.18469572239 
9 0.26577649906 1.43882711496 1.33725605766 
9 0.8425397632 0.916556374949 1.04828484582 
9 0.609340620597 0.678105618749 0.651086852372 
9 0.189104572001 0.709374436005 0.972744674375 
9 0.530219556969 0.368939612488 0.747717394538 
9 0.136612640249 0.531484960714 0.875877418626 
9 0.654923775088 0.541821113606 1.21748675783 
9 0.37625276512 0.382002377604 0.9327466376 
9 0.722798571453 0.577476170695 0.983141590173 
9 0.527413133207 0.461571040014 1.02442397801 
9 0.866149317161 0.690339848689 1.08729188273 
9 0.327810518655 0.883382828212 0.666106798838 
9 0.88677192305 0.925367029768 0.905810590443 
9 0.589942885683 0.226288905221 1.03487441499 
9 0.43185186436 0.620490351634 0.710959108066 
9 0.694851292154 1.01635493282 1.12925334483 
9 0.400462361265 0.580760584528 0.738802311375 
9 0.289992928344 0.709315528481 0.819445144492 
9 0.357261068177 0.594101303882 1.09558290867 
9 0.446196688608 0.352142141598 0.796914576483 
9 0.527915287147 0.377057674559 0.78559721945 
9 0.44941482452 0.359713613363 0.718926397748 
9 0.272206929866 0.172726602736 1.14507089065 
9 0.313389867182 1.07779890678 0.705334616674 
9 0.14716032143 0.807025514361 0.747122728315 
9 0.64262901709 0.77501262767 0.904789984823 
9 0.424762087462 0.339169343248 0.95006906368 
9 0.248892856363 0.542837385608 1.16506664929 
9 0.685072415077 0.678958259728 0.822667847396 
9 0.893247991495 0.645579676183 0.951222709239 
9 0.237330903772 0.820678287746 1.05233414626 
9 0.636909872582 0.327911528335 0.428068231734 
9 0.394204110075 0.752977843367 1.02130100293 
9 0.337838226508 0.912030121404 0.653381982415 
9 0.0952980763903 0.783254186988 1.06707243341 
9 0.35704107694 0.457943501155 1.04168360522 
9 0.385047266336 0.401213346268 0.615655115093 
9 0.614868473659 0.240964403272 1.15620831101 
9 0.672817497612 0.383148428438 0.847937105903 
9 0.0556699808363 0.254415563664 1.13194287934 
9 0.436880961384 0.897869725066 0.987432201372 
9 0.214486520203 0.377079150073 0.90284575608 
9 0.491695891482 0.141815157574 0.702178427708 
9 -0.0700031476434 0.591123174034 0.724947029702 
9 0.364630261781 0.396949152191 1.01480555126 
9 0.455178423612 0.706108572971 0.938747110711 
9 0.623818875307 0.809564167033 1.49229571384 
9 0.352812114975 0.748445292487 1.01736599761 
