1 330.930695964
2 255.806216513
3 197.084176612
4 167.857608297
5 158.261880679
6 151.959445195
7 145.525432634
8 139.802235062
9 134.265525036
10 129.659317242
11 125.623026737
12 122.170836718
13 119.37144381
14 116.689789092
15 114.023009937
16 111.528904087
17 109.098828763
18 106.761273033
19 104.548480455
20 102.718643313
21 100.949977692
22 99.1862343075
23 97.492734118
24 95.8791241302
25 94.3514330922
26 92.752441252
27 91.2336415571
28 89.7895813924
29 88.4235720058
30 87.1371427004
31 85.9074689884
32 84.6899377832
33 83.5552328483
34 82.5326337108
35 81.5436454219
36 80.543869239
37 79.5997585957
38 78.6588045647
39 77.7384694227
40 76.8334450991
41 75.9350042086
42 75.0719979058
43 74.2524090506
44 73.4694356206
45 72.6988486555
46 71.9305905444
47 71.1741988403
48 70.4369648134
49 69.7084576162
50 68.9951866416
51 68.2895697764
52 67.6008827706
53 66.9145754876
54 66.2565132614
55 65.6077886356
56 64.9599216918
57 64.3226769827
58 63.7421503572
59 63.1571768786
60 62.5802653746
61 62.0164784961
62 61.4660705868
63 60.9175536374
64 60.3741726479
65 59.8474680034
66 59.3237682619
67 58.8050129816
68 58.2935152966
69 57.7905563026
70 57.2850163653
71 56.7913717527
72 56.2982346049
73 55.810421609
74 55.322626714
75 54.8359905211
76 54.3543830204
77 53.8706567514
78 53.3945278991
79 52.938682563
80 52.4927507488
81 52.054124956
82 51.6223474289
83 51.1906700813
84 50.7748997367
85 50.3602831163
86 49.9587349378
87 49.5441183174
88 49.155644835
89 48.7773879623
90 48.4031149052
91 48.0339682723
92 47.6703042001
93 47.3117129198
94 46.9549613936
95 46.5982779932
96 46.2641573002
97 45.9352888298
98 45.6050070639
99 45.2821608505
100 44.9614462354
101 44.643770401
102 44.3294261345
103 44.0224833155
104 43.7171048964
105 43.4101620775
106 43.1091373781
107 42.8121057686
108 42.5172985001
109 42.2234750356
110 41.9300692383
111 41.6372830569
112 41.3438772596
113 41.0545000289
114 40.768602931
115 40.482927517
116 40.1976939147
117 39.9177122852
118 39.6377905755
119 39.3581282143
120 39.0791467845
121 38.8050684834
122 38.5335717326
123 38.2638267145
124 37.996982588
125 37.7332009198
126 37.4709653422
127 37.2092676698
128 36.9538659877
129 36.7003310042
130 36.4469473966
131 36.2015960011
132 35.9500834703
133 35.701313283
134 35.4559618876
135 35.2112068792
136 34.9676109591
137 34.7256426114
138 34.4871766019
139 34.248798379
140 34.0127011304
141 33.7774754157
142 33.5441402642
143 33.3116517366
144 33.0796102871
145 32.8495140475
146 32.6197886187
147 32.3908554012
148 32.1639843445
149 31.9393461604
150 31.7163354021
151 31.4940885522
152 31.2773300756
153 31.0673010915
154 30.8585766493
155 30.6509606038
156 30.4439478288
157 30.239843816
158 30.0371785174
159 29.8346668093
160 29.6322208764
161 29.4319466762
162 29.2350675227
163 29.0382620307
164 28.8425539155
165 28.6476852641
166 28.4538784355
167 28.2604108691
168 28.0677847548
169 27.8768085989
170 27.6862026333
171 27.4960909909
172 27.3061455476
173 27.1171083919
174 26.9289877964
175 26.7420128654
176 26.5558852071
177 26.3703346383
178 26.1870255003
179 26.0037713267
180 25.8207792264
181 25.6395793605
182 25.4596096307
183 25.2801791344
184 25.1026101901
185 24.9256558705
186 24.7488097206
187 24.5729359706
188 24.3977593715
189 24.2229326181
190 24.0487730708
191 23.874958909
192 23.7020972822
193 23.5305352353
194 23.3602251954
195 23.1904034619
196 23.021635931
197 22.8529336114
198 22.6847745307
199 22.5176865522
200 22.3511429541
201 22.1851153426
202 22.0192396201
203 21.8541996301
204 21.6895849
205 21.5285981942
206 21.3679985843
207 21.207557689
208 21.0493025362
209 20.891362378
210 20.7339634191
211 20.5776194639
212 20.4220263977
213 20.2669684884
214 20.1128982464
215 19.9591947001
216 19.8057920273
217 19.6531703272
218 19.5012109899
219 19.3493111739
220 19.1976185054
221 19.0464609442
222 18.8978734287
223 18.7496800321
224 18.6043430069
225 18.45902202
226 18.314894794
227 18.1709111954
228 18.0275260466
229 17.8861778426
230 17.7451848963
231 17.6047633603
232 17.4650490926
233 17.3259798686
234 17.1879085108
235 17.0499849866
236 16.912652563
237 16.7763847745
238 16.6401714579
239 16.5057387394
240 16.371791345
241 16.2394241908
242 16.1072304308
243 15.9757464273
244 15.844917099
245 15.7146020374
246 15.5867604483
247 15.4591583142
248 15.3319696648
249 15.2050004071
250 15.0781062777
251 14.9522845136
252 14.826665421
253 14.7022384289
254 14.5785413082
255 14.4557809443
256 14.3337252092
257 14.2119708241
258 14.0917585551
259 13.9718590624
260 13.8522525659
261 13.7327385755
262 13.6135632836
263 13.4948806257
264 13.3777793606
265 13.2613147397
266 13.1464263299
267 13.0321538825
268 12.9182294579
269 12.8045588145
270 12.6924394916
271 12.5813862726
272 12.4688941088
273 12.357224306
274 12.246171087
275 12.1351429656
276 12.0244678037
277 11.9139358822
278 11.8052689801
279 11.6966462655
280 11.5888185102
281 11.4813958673
282 11.3753197779
283 11.2700273583
284 11.164764729
285 11.0598057218
286 10.9556513533
287 10.8517925251
288 10.7480076152
289 10.6450507263
290 10.5422386449
291 10.4405292677
292 10.3389687618
293 10.2375697096
294 10.1363979891
295 10.0358557662
296 9.93569269389
297 9.83602497333
298 9.73636583185
299 9.63751668808
300 9.53884188169
301 9.44043506275
302 9.34227326041
303 9.24470601077
304 9.14827690357
305 9.05231218049
306 8.95652492084
307 8.8611719776
308 8.76590946577
309 8.67085087351
310 8.57583323769
311 8.48107369824
312 8.38665808967
313 8.29256196706
314 8.19911913667
315 8.10643303046
316 8.01384910383
317 7.92131931002
318 7.82920005233
319 7.73771293991
320 7.64670265995
321 7.55597140418
322 7.46550106381
323 7.37521711818
324 7.28589347108
325 7.19699260008
326 7.10821943617
327 7.020045621
328 6.93214477547
329 6.84519593098
330 6.75832699875
331 6.67158880241
332 6.58594652197
333 6.50034554111
334 6.41509472247
335 6.3304082675
336 6.24583179471
337 6.16173500792
338 6.0789515528
339 5.99691460692
340 5.91516588903
341 5.8336929315
342 5.75224490302
343 5.67093487032
344 5.58967812664
345 5.50845939182
346 5.42727235548
347 5.34639963422
348 5.26555802803
349 5.18537116641
350 5.10535994464
351 5.02540595907
352 4.94551316503
353 4.86597075835
354 4.78685110483
355 4.70788790537
356 4.62895181287
357 4.55028680311
358 4.47225823538
359 4.39467502539
360 4.31909268611
361 4.24363195501
362 4.16853241584
363 4.09376416549
364 4.0193274066
365 3.94499097324
366 3.87146934107
367 3.79828207279
368 3.72522976366
369 3.65237503134
370 3.5797512902
371 3.50746528341
372 3.4363510934
373 3.3660710113
374 3.29660557559
375 3.22729674759
376 3.15867596914
377 3.09029324566
378 3.02230486902
379 2.9553332926
380 2.8899097832
381 2.82467628296
382 2.75997064328
383 2.6956210189
384 2.63182624581
385 2.56836943194
386 2.50496868379
387 2.44240107499
388 2.38004782064
389 2.31796086037
390 2.2563368381
391 2.19541163379
392 2.13461768227
393 2.07465177433
394 2.01476816298
395 1.9551763562
396 1.89623247409
397 1.83787984405
398 1.77999089908
399 1.72455416645
400 1.67004637012
401 1.61589214221
402 1.5626603052
403 1.50993056113
404 1.45724479682
405 1.40495112042
406 1.35274374568
407 1.30096005454
408 1.24977145654
409 1.19997147294
410 1.15028998999
411 1.1011404548
412 1.05481440258
413 1.00884526194
414 0.963061366761
415 0.917346903469
416 0.871679176894
417 0.82675647832
418 0.782611333696
419 0.738546448837
420 0.694717518351
421 0.65090038779
422 0.608867015467
423 0.567329176721
424 0.525861326324
425 0.485777874192
426 0.445802222941
427 0.409542924796
428 0.373611883888
429 0.337909372906
430 0.302352840808
431 0.267066119725
432 0.233544991084
433 0.200578653447
434 0.169199536178
435 0.138593157991
436 0.109536554843
437 0.0832107857374
438 0.0574328776832
439 0.0344937635536
440 0.016360485339
441 0.0
