1 885.169479421
2 759.156060312
3 659.648906556
4 571.29626507
5 501.06024504
6 441.987535968
7 386.022837745
8 366.582253908
9 359.612692261
10 353.705779891
11 348.035669442
12 343.276022927
13 338.94564097
14 334.630396113
15 331.048344373
16 327.532244539
17 324.102221198
18 320.980261082
19 318.002855271
20 315.496162691
21 313.074832469
22 310.676298002
23 308.594026201
24 306.574456077
25 304.573723089
26 302.554152964
27 300.563039258
28 298.586453536
29 296.63531102
30 294.696430238
31 292.834847477
32 291.005650612
33 289.185441549
34 287.449953001
35 285.726569909
36 284.078784875
37 282.47242788
38 280.878873834
39 279.318698078
40 277.782652602
41 276.288292011
42 274.813871016
43 273.342683032
44 271.877745482
45 270.452762913
46 269.029484971
47 267.606308036
48 266.226986784
49 264.902282865
50 263.605287407
51 262.31269721
52 261.024766466
53 259.764650748
54 258.506922713
55 257.252423651
56 255.997968038
57 254.73785232
58 253.484089348
59 252.242444214
60 251.003181627
61 249.790294687
62 248.59671273
63 247.392494299
64 246.194702228
65 245.001120271
66 243.814195835
67 242.641541494
68 241.527286543
69 240.417931392
70 239.31034567
71 238.207059229
72 237.120376937
73 236.024730313
74 234.932844225
75 233.869574127
76 232.811006674
77 231.759079158
78 230.707990526
79 229.659761505
80 228.613188435
81 227.572725066
82 226.526151995
83 225.489035785
84 224.463967551
85 223.444561439
86 222.436805346
87 221.430842941
88 220.425052565
89 219.41909016
90 218.424909184
91 217.443943118
92 216.470256793
93 215.509044974
94 214.548657324
95 213.588484689
96 212.642806509
97 211.708737162
98 210.767879664
99 209.833810317
100 208.900889462
101 207.972837286
102 207.047903857
103 206.127586258
104 205.223564546
105 204.331618143
106 203.437068719
107 202.544672018
108 201.654984828
109 200.776183713
110 199.899029994
111 199.023396804
112 198.149777583
113 197.282192695
114 196.418273043
115 195.566199681
116 194.72241623
117 193.884980085
118 193.061605346
119 192.247631205
120 191.436795379
121 190.627352094
122 189.817212549
123 189.015479976
124 188.213943819
125 187.414165401
126 186.628245926
127 185.833752559
128 185.047833084
129 184.272850882
130 183.505750964
131 182.73794142
132 181.970841501
133 181.208228933
134 180.446928339
135 179.689343221
136 178.935949939
137 178.193171897
138 177.446079727
139 176.702380819
140 175.959602777
141 175.218553012
142 174.478866735
143 173.740081723
144 173.001813369
145 172.267467548
146 171.537409486
147 170.812236988
148 170.093789281
149 169.37618973
150 168.664227873
151 167.95369184
152 167.245101278
153 166.534709889
154 165.830561612
155 165.128694931
156 164.43376489
157 163.744918892
158 163.063195774
159 162.36866927
160 161.680548141
161 160.995990887
162 160.311805941
163 159.627756536
164 158.945570045
165 158.264965694
166 157.587249815
167 156.909602639
168 156.235363142
169 155.56278311
170 154.893212372
171 154.226164003
172 153.560709301
173 152.897079027
174 152.230991641
175 151.568272888
176 150.909664923
177 150.253852945
178 149.597605152
179 148.948064079
180 148.299593084
181 147.657366532
182 147.002839533
183 146.360523916
184 145.720885622
185 145.093559777
186 144.459687222
187 143.834600815
188 143.211426235
189 142.588168324
190 141.965880761
191 141.345003391
192 140.718918069
193 140.105127389
194 139.475485399
195 138.855422995
196 138.243974281
197 137.638912694
198 137.034161067
199 136.433337672
200 135.832709398
201 135.234588557
202 134.634154085
203 134.037164593
204 133.440589746
205 132.845295176
206 132.250753616
207 131.657103766
208 131.070564884
209 130.486377884
210 129.903417725
211 129.323371604
212 128.750306535
213 128.165507326
214 127.588985544
215 127.014461688
216 126.440024567
217 125.86808322
218 125.295190482
219 124.735493773
220 124.161899878
221 123.603233493
222 123.039788446
223 122.477673968
224 121.921208694
225 121.367854413
226 120.814564241
227 120.260487076
228 119.707848658
229 119.154558486
230 118.603203661
231 118.05831418
232 117.508268376
233 116.960100389
234 116.412078375
235 115.865959952
236 115.320842144
237 114.77728434
238 114.235153772
239 113.695030959
240 113.159355561
241 112.613662729
242 112.073539916
243 111.537423756
244 110.998078186
245 110.461962026
246 109.926286628
247 109.39079355
248 108.855322932
249 108.319909152
250 107.787629572
251 107.255623657
252 106.7268378
253 106.202737327
254 105.680299808
255 105.160725797
256 104.642335448
257 104.125558764
258 103.610034861
259 103.094943168
260 102.583139234
261 102.071913188
262 101.568759899
263 101.0525741
264 100.543695121
265 100.037455695
266 99.5343024056
267 99.0312950764
268 98.5284439562
269 98.0279990109
270 97.5281115052
271 97.0288369851
272 96.5303769666
273 96.0323403091
274 95.5358274118
275 95.0423602373
276 94.5494196212
277 94.0578762367
278 93.5673508218
279 93.0769451064
280 92.587703528
281 92.0972978127
282 91.6093576878
283 91.124026515
284 90.6358913238
285 90.1508819174
286 89.6667620868
287 89.1850535884
288 88.7038064278
289 88.2242182399
290 87.7455296478
291 87.267898578
292 86.7904846057
293 86.3152804364
294 85.841969588
295 85.3693597095
296 84.8983849322
297 84.4278013683
298 83.9575853879
299 83.4877264278
300 83.0183495798
301 82.5501476715
302 82.0862415921
303 81.6232693284
304 81.1613312873
305 80.6994110777
306 80.2377431058
307 79.7766174078
308 79.3145024155
309 78.8551640177
310 78.3962883476
311 77.9412750146
312 77.4826053287
313 77.0271623498
314 76.5726116181
315 76.1186149474
316 75.6650603047
317 75.2115816134
318 74.7594639755
319 74.3078159975
320 73.8578427507
321 73.41184914
322 72.9583704487
323 72.5105028791
324 72.0649241019
325 71.6200618235
326 71.1755101875
327 70.7320466594
328 70.2900295267
329 69.8488153007
330 69.4103983103
331 68.9725539483
332 68.5363822
333 68.1031363728
334 67.6726491407
335 67.2432088857
336 66.8158679666
337 66.3929747837
338 65.9702344987
339 65.5484398878
340 65.1273474174
341 64.7063155572
342 64.2852972869
343 63.8650601764
344 63.4451943197
345 63.0254495339
346 62.6058224722
347 62.1872385554
348 61.768769438
349 61.3506602289
350 60.933453649
351 60.5166398892
352 60.1017136004
353 59.6882714177
354 59.2767228545
355 58.8661065943
356 58.4560172606
357 58.0463598603
358 57.6385980366
359 57.2309860163
360 56.8234944598
361 56.4177735083
362 56.0122207292
363 55.6085493859
364 55.2064837981
365 54.8050856845
366 54.4050487612
367 54.006449224
368 53.607997605
369 53.2104439711
370 52.8140539704
371 52.4180576561
372 52.022107087
373 51.6265306663
374 51.2309757857
375 50.8359524314
376 50.4412519518
377 50.0467500042
378 49.6523642489
379 49.258595334
380 48.8680513358
381 48.4777054063
382 48.0874623109
383 47.6989435408
384 47.3158351181
385 46.933267792
386 46.551861473
387 46.1712770772
388 45.7910614535
389 45.4110378443
390 45.0312699223
391 44.6519986156
392 44.2730605939
393 43.8944512608
394 43.5164904856
395 43.1386311863
396 42.7621494294
397 42.3868554807
398 42.0127019652
399 41.6385545265
400 41.2646797464
401 40.8915508236
402 40.5185999237
403 40.1458544394
404 39.7775974391
405 39.4094509865
406 39.0420267742
407 38.6761619441
408 38.3115137575
409 37.9473567358
410 37.5839954826
411 37.2207763387
412 36.8578891401
413 36.4958625686
414 36.1339125659
415 35.7724307775
416 35.4120524201
417 35.0525863844
418 34.6934191191
419 34.3365386804
420 33.9806379679
421 33.6254301495
422 33.2713112429
423 32.9177985678
424 32.5647911237
425 32.2124444733
426 31.8611639011
427 31.5099306149
428 31.1590492184
429 30.8090861732
430 30.4591926344
431 30.1093598162
432 29.7600094369
433 29.4114556648
434 29.0629289134
435 28.7149592345
436 28.3671493482
437 28.0201059117
438 27.674385034
439 27.330727434
440 26.9878901139
441 26.6450603945
442 26.3028158208
443 25.9613417734
444 25.6202977452
445 25.2807591233
446 24.9447923607
447 24.6088568426
448 24.2733822381
449 23.9385146636
450 23.6054452012
451 23.2724843568
452 22.9403057387
453 22.6087547485
454 22.279731291
455 21.9515265644
456 21.6234116485
457 21.2954487024
458 20.9681082724
459 20.6410302351
460 20.3148940231
461 19.9895076865
462 19.6644513923
463 19.3398603383
464 19.0156600321
465 18.6914637837
466 18.3728615047
467 18.0548502997
468 17.7406220838
469 17.427654499
470 17.1148293107
471 16.8022040435
472 16.4914584656
473 16.1810344696
474 15.8717899754
475 15.5631265608
476 15.2546113636
477 14.9478711815
478 14.6424783796
479 14.3371986645
480 14.03285062
481 13.728756886
482 13.4256204785
483 13.1229372437
484 12.8216543275
485 12.5204421572
486 12.2194929094
487 11.9202542106
488 11.6220889685
489 11.3241426936
490 11.0329662169
491 10.7420654117
492 10.4518035899
493 10.1622809527
494 9.87363847603
495 9.58590773537
496 9.29839889132
497 9.01139376741
498 8.72467515833
499 8.43810656286
500 8.15211938506
501 7.86755052589
502 7.58368895303
503 7.30003030731
504 7.02074376062
505 6.74742642854
506 6.4754176681
507 6.2065361502
508 5.94079429424
509 5.67532964515
510 5.41271273508
511 5.15060437923
512 4.88954144038
513 4.6286226338
514 4.36896009244
515 4.11025570857
516 3.86209003142
517 3.62403823437
518 3.38600377436
519 3.1486820729
520 2.91323083477
521 2.67842467607
522 2.44789105135
523 2.21916328153
524 1.99135775195
525 1.76830621096
526 1.54845270948
527 1.33018586891
528 1.11330665968
529 0.904536122028
530 0.708063971593
531 0.514851173234
532 0.322834774464
533 0.148333465336
534 0.0
