1 868.721969646
2 654.184433364
3 531.347235886
4 432.628341656
5 349.436193808
6 335.71176046
7 329.809871794
8 324.053225411
9 318.600576616
10 313.986865975
11 309.609656609
12 306.118946085
13 302.68418513
14 299.259508702
15 296.088173969
16 293.161854469
17 290.499482445
18 287.928468449
19 285.383056575
20 282.931992282
21 280.486455447
22 278.042369781
23 275.806111288
24 273.653653995
25 271.514752298
26 269.451302733
27 267.451235801
28 265.539091292
29 263.667950616
30 261.802000405
31 260.124071249
32 258.469207757
33 256.854660597
34 255.332944929
35 253.892875727
36 252.453391768
37 251.01658581
38 249.64249659
39 248.281488019
40 246.965496279
41 245.673622441
42 244.402977545
43 243.145845868
44 241.893177521
45 240.657177922
46 239.445094659
47 238.246971528
48 237.058201144
49 235.89853202
50 234.758242104
51 233.622229649
52 232.505395078
53 231.390887546
54 230.276889419
55 229.17939818
56 228.085810597
57 227.00237155
58 225.923149796
59 224.894192144
60 223.843097713
61 222.842652592
62 221.849629362
63 220.878554061
64 219.923636961
65 218.981918098
66 218.049857579
67 217.133854704
68 216.240322793
69 215.3132013
70 214.423872007
71 213.546869648
72 212.667937244
73 211.797488163
74 210.927183262
75 210.061258997
76 209.193412836
77 208.327488571
78 207.470699088
79 206.610294372
80 205.773458122
81 204.952932769
82 204.134377677
83 203.330491423
84 202.528887608
85 201.73697634
86 200.954909932
87 200.177419329
88 199.404181041
89 198.622114634
90 197.854460957
91 197.093283637
92 196.329174485
93 195.575604562
94 194.824417877
95 194.078983167
96 193.333996127
97 192.588561416
98 191.848795203
99 191.116326039
100 190.387203069
101 189.660230062
102 188.926297619
103 188.20863807
104 187.49999552
105 186.807575375
106 186.116235145
107 185.427981671
108 184.75149922
109 184.061648988
110 183.381643564
111 182.706092375
112 182.029480063
113 181.353928873
114 180.686192131
115 180.01910603
116 179.359526838
117 178.709834397
118 178.070157868
119 177.431526803
120 176.793788139
121 176.157171359
122 175.522101749
123 174.890422106
124 174.26480952
125 173.635144173
126 173.009531588
127 172.385313558
128 171.761908768
129 171.144483546
130 170.530108763
131 169.921666148
132 169.314037154
133 168.712210424
134 168.10458143
135 167.501955924
136 166.904223796
137 166.309071664
138 165.714348834
139 165.122325635
140 164.533765055
141 163.950340017
142 163.367760212
143 162.782371952
144 162.200514683
145 161.62880574
146 161.047715392
147 160.465858122
148 159.901118036
149 159.337707324
150 158.774311121
151 158.213690145
152 157.653085863
153 157.094672943
154 156.537033492
155 155.979936031
156 155.423304857
157 154.87724793
158 154.320658923
159 153.76491716
160 153.214688315
161 152.667473664
162 152.117441471
163 151.567275456
164 151.017243263
165 150.469058541
166 149.921531322
167 149.374316671
168 148.827345603
169 148.280511749
170 147.734454823
171 147.188917096
172 146.648270835
173 146.119394643
174 145.575356543
175 145.034920648
176 144.509586291
177 143.974234182
178 143.429259715
179 142.905835964
180 142.361797863
181 141.828508629
182 141.2955796
183 140.765251256
184 140.236213341
185 139.709471766
186 139.182868032
187 138.657708446
188 138.134360355
189 137.615516991
190 137.093559402
191 136.573450058
192 136.054575082
193 135.535731718
194 135.020316703
195 134.505375202
196 133.992010389
197 133.479329868
198 132.967410784
199 132.456860283
200 131.945936127
201 131.436999666
202 130.935683596
203 130.433800038
204 129.931927377
205 129.430278888
206 128.925401624
207 128.431419557
208 127.935525293
209 127.45363926
210 126.949164459
211 126.45884001
212 125.969053407
213 125.479468597
214 124.997582564
215 124.502968424
216 124.021082391
217 123.534187607
218 123.049178025
219 122.557320727
220 122.075434694
221 121.590288901
222 121.107570044
223 120.626123741
224 120.147908572
225 119.673993362
226 119.195778193
227 118.718359205
228 118.241520196
229 117.765099451
230 117.287787483
231 116.818966777
232 116.345417797
233 115.864161473
234 115.394773329
235 114.91655816
236 114.449929497
237 113.983573603
238 113.522778597
239 113.058354012
240 112.591725349
241 112.128661198
242 111.666044687
243 111.20472712
244 110.743526257
245 110.28273125
246 109.822653701
247 109.362672154
248 108.902877872
249 108.443453973
250 107.984985503
251 107.527031707
252 107.069796473
253 106.613832409
254 106.158783508
255 105.70377231
256 105.249283989
257 104.795785802
258 104.343657255
259 103.891811117
260 103.440791517
261 102.990452025
262 102.541550513
263 102.094002776
264 101.646777826
265 101.199230088
266 100.753964465
267 100.310105222
268 99.8663404646
269 99.4239335711
270 98.9828058412
271 98.5417363554
272 98.1009998124
273 97.6603993833
274 97.2206139486
275 96.7819669401
276 96.3491627195
277 95.9135819521
278 95.4743665925
279 95.0404138167
280 94.6119347984
281 94.1728689179
282 93.7431324745
283 93.3148927643
284 92.8878502523
285 92.4612212407
286 92.0356426627
287 91.6103108101
288 91.1866098313
289 90.7633724178
290 90.3411511709
291 89.9199233891
292 89.5001234648
293 89.0834345129
294 88.6637970542
295 88.2489512268
296 87.829313768
297 87.4125213863
298 86.9971685904
299 86.581907236
300 86.1673024624
301 85.7534162825
302 85.3401990406
303 84.92708934
304 84.5140411243
305 84.1015657361
306 83.6894258229
307 83.280723273
308 82.8723824558
309 82.464794518
310 82.0581553485
311 81.6523878972
312 81.2461194809
313 80.8403520295
314 80.4357417969
315 80.031380019
316 79.6270958872
317 79.2245719507
318 78.822132352
319 78.4181878192
320 78.0165020859
321 77.6151026939
322 77.2137291184
323 76.8127643752
324 76.4120998732
325 76.0125642405
326 75.6152134126
327 75.2188862473
328 74.8228708492
329 74.4282333744
330 74.034934371
331 73.6420869649
332 73.2493461108
333 72.8566141916
334 72.4658106522
335 72.0762348417
336 71.6871786805
337 71.2981252742
338 70.9090691131
339 70.5202532539
340 70.1317860681
341 69.7437221027
342 69.3559489989
343 68.9687160351
344 68.5818734438
345 68.1966102018
346 67.8119602102
347 67.4282145557
348 67.0448153305
349 66.6629208663
350 66.2811998463
351 65.8995021073
352 65.5179698239
353 65.1371687913
354 64.7569646097
355 64.3775736349
356 63.9982376952
357 63.6193558595
358 63.2406038978
359 62.8638980833
360 62.4874253056
361 62.111046485
362 61.7356936818
363 61.3606373228
364 60.9863706936
365 60.6127875562
366 60.2393160176
367 59.866832789
368 59.4960399651
369 59.1252667298
370 58.7551016359
371 58.3855937867
372 58.016121063
373 57.6472465546
374 57.2794687336
375 56.9110925928
376 56.5435744648
377 56.1763436492
378 55.8104963147
379 55.4447577559
380 55.0796583394
381 54.7145992872
382 54.3501111093
383 53.9852782613
384 53.6210152853
385 53.2567964225
386 52.8938269409
387 52.5310328904
388 52.1687491577
389 51.8072284394
390 51.4459319487
391 51.0861310887
392 50.7266242345
393 50.3671584639
394 50.0091737025
395 49.652056072
396 49.2949666733
397 48.9378834789
398 48.5812337038
399 48.2248180754
400 47.8687604648
401 47.5135344627
402 47.1586397568
403 46.8038334952
404 46.4497563281
405 46.0972462426
406 45.7456081135
407 45.3939770812
408 45.04270763
409 44.6918265543
410 44.3409919492
411 43.9924974948
412 43.6444490077
413 43.296959107
414 42.9519163145
415 42.6069716352
416 42.2620864941
417 41.9174140601
418 41.5735597228
419 41.2299603953
420 40.8887462277
421 40.5481625463
422 40.2086157556
423 39.8691548935
424 39.5310841107
425 39.1931177804
426 38.8552122967
427 38.5190227798
428 38.1832831931
429 37.8477552675
430 37.5124466028
431 37.1772242804
432 36.842131319
433 36.5072934261
434 36.1737872417
435 35.8405435361
436 35.5090527629
437 35.177975015
438 34.8471546362
439 34.5164060574
440 34.1861632818
441 33.8561044918
442 33.5265883351
443 33.1974157116
444 32.8693547981
445 32.5413907794
446 32.2138078632
447 31.8867591596
448 31.5605150389
449 31.2345943852
450 30.9087629494
451 30.5830519998
452 30.2591943515
453 29.9362490197
454 29.6146629463
455 29.2940375663
456 28.9735994404
457 28.6536693177
458 28.3342237034
459 28.0152148832
460 27.6965157572
461 27.3787406705
462 27.0632217546
463 26.7504360454
464 26.4381211471
465 26.1260907289
466 25.8149696634
467 25.5064518488
468 25.1984333673
469 24.8923450821
470 24.5864632355
471 24.2811412286
472 23.9762403429
473 23.6719600691
474 23.3680862561
475 23.0644798471
476 22.7626606953
477 22.4612015791
478 22.1610355095
479 21.8608812229
480 21.5610052164
481 21.2613557536
482 20.9635024612
483 20.667459472
484 20.3719245766
485 20.0772135612
486 19.7832020779
487 19.4896716446
488 19.1965415626
489 18.904220649
490 18.6120571939
491 18.3207687275
492 18.0311401946
493 17.7432060107
494 17.4565400467
495 17.1704484227
496 16.886370552
497 16.6032432065
498 16.3205981473
499 16.0415193192
500 15.7629737423
501 15.4844608435
502 15.206058639
503 14.9286505064
504 14.6517538433
505 14.3750408505
506 14.0984120292
507 13.8233539441
508 13.5498025303
509 13.2764868204
510 13.0036835343
511 12.7330255917
512 12.462394332
513 12.1918473347
514 11.9223586168
515 11.6532921368
516 11.3850514712
517 11.1179256123
518 10.8509079193
519 10.5856750223
520 10.3243167597
521 10.0630287959
522 9.80264087365
523 9.54283196451
524 9.28550591677
525 9.02828623426
526 8.77151526337
527 8.51760052997
528 8.26517110033
529 8.01327132852
530 7.76139187918
531 7.51105319268
532 7.26126598273
533 7.01203677209
534 6.7635955851
535 6.51726392331
536 6.27385404873
537 6.03204432736
538 5.79258830072
539 5.55434091204
540 5.31639458316
541 5.08213354863
542 4.84899826628
543 4.61610132144
544 4.38918902448
545 4.16349489363
546 3.93914266056
547 3.71643511448
548 3.49449665012
549 3.27482968005
550 3.06118398105
551 2.84932071534
552 2.63876659075
553 2.43977650533
554 2.24116551505
555 2.04583202612
556 1.8523503305
557 1.65888646137
558 1.47379891986
559 1.29693144074
560 1.12012348361
561 0.944746201736
562 0.774670417024
563 0.607691843511
564 0.441218965813
565 0.277147601609
566 0.12559046229
567 0.0
