1 411.99935742
2 314.84554392
3 262.962024432
4 214.405861905
5 192.95492157
6 174.58823612
7 160.986082275
8 155.455897623
9 150.645389418
10 146.507089655
11 142.574163937
12 139.126215517
13 135.807906906
14 132.811676672
15 129.9630907
16 127.302946234
17 124.755798695
18 122.553122867
19 120.360810764
20 118.170195534
21 116.165961686
22 114.219077762
23 112.313415094
24 110.479591085
25 108.678435199
26 106.996783678
27 105.323763779
28 103.782261266
29 102.303580558
30 100.875213838
31 99.5336770306
32 98.2959431659
33 97.0593990662
34 95.9601465329
35 94.8750277646
36 93.8005234805
37 92.7225503343
38 91.6627882937
39 90.6349922446
40 89.6282056337
41 88.6611603545
42 87.7098553398
43 86.8264578735
44 85.9463062963
45 85.1015924633
46 84.3062425248
47 83.5244826242
48 82.7519672531
49 81.9821961554
50 81.2255160643
51 80.5002733487
52 79.7939779779
53 79.0939942575
54 78.4063612846
55 77.7305332666
56 77.0566503453
57 76.3933901549
58 75.742565394
59 75.105495741
60 74.476673176
61 73.8599538775
62 73.277914774
63 72.6841409568
64 72.1021018533
65 71.5230191159
66 70.9475858207
67 70.4064231879
68 69.8684980039
69 69.3412769196
70 68.8156864444
71 68.2947154471
72 67.7801372728
73 67.2741573995
74 66.7869121011
75 66.283724238
76 65.7777443647
77 65.2946845315
78 64.8169754718
79 64.3371318518
80 63.8688691597
81 63.4069350047
82 62.9471831058
83 62.4905365671
84 62.0396269515
85 61.5971751753
86 61.1569577506
87 60.7145059744
88 60.2748405261
89 59.8370410011
90 59.4115558711
91 58.9743373345
92 58.5528378249
93 58.1332968833
94 57.7180405653
95 57.3020630209
96 56.8874362047
97 56.4733188051
98 56.0604566268
99 55.6596532291
100 55.2679375907
101 54.8778986426
102 54.4904314031
103 54.1172252686
104 53.7499959459
105 53.3847633921
106 53.0230250602
107 52.6753423106
108 52.3279660501
109 51.9987077854
110 51.6720074902
111 51.3467834087
112 51.0216420948
113 50.6983586355
114 50.3865768695
115 50.0680569518
116 49.7562751859
117 49.4467952692
118 49.1425221161
119 48.8382803385
120 48.534254591
121 48.2311455019
122 47.9288008294
123 47.6274145969
124 47.3265184247
125 47.0300798867
126 46.7301218089
127 46.4382676777
128 46.1585101763
129 45.8820413723
130 45.6013940792
131 45.324412476
132 45.0477699899
133 44.7719151557
134 44.4993383564
135 44.2298783001
136 43.9605858673
137 43.6916342746
138 43.4270195609
139 43.1646768312
140 42.9028538983
141 42.6412299396
142 42.3806829977
143 42.1219058579
144 41.8641222487
145 41.6069286386
146 41.35006486
147 41.0974840348
148 40.8449221859
149 40.5937465955
150 40.3487907648
151 40.1073982353
152 39.8668698995
153 39.6266161681
154 39.3921796824
155 39.1588528436
156 38.9255952022
157 38.7009162666
158 38.480579702
159 38.2532593396
160 38.0301124071
161 37.8097758425
162 37.5869232018
163 37.368024538
164 37.1497584897
165 36.9321523502
166 36.7145723603
167 36.4974388899
168 36.2808437399
169 36.0648156529
170 35.8493567506
171 35.6340092189
172 35.4186999973
173 35.203645905
174 34.9897569085
175 34.7770203416
176 34.5669377065
177 34.3571051333
178 34.1475916693
179 33.9386141001
180 33.7340184424
181 33.5267913915
182 33.3204040088
183 33.1145026322
184 32.9089971311
185 32.7055735517
186 32.5027509737
187 32.3003975571
188 32.0980766695
189 31.8963235994
190 31.6990667039
191 31.5028804854
192 31.3071062928
193 31.1124111732
194 30.9191615148
195 30.7261991997
196 30.5334594006
197 30.3423673272
198 30.1520551536
199 29.9628198813
200 29.7749716151
201 29.5874111534
202 29.4001775748
203 29.2138184503
204 29.0296843499
205 28.845978417
206 28.6630652584
207 28.4806962156
208 28.2993635939
209 28.1214460431
210 27.9438629896
211 27.7670615528
212 27.5918244052
213 27.416786794
214 27.2427730175
215 27.0710272749
216 26.9013247301
217 26.7318520519
218 26.5628138839
219 26.3942852731
220 26.2270756173
221 26.061284803
222 25.8958478946
223 25.7306631277
224 25.5669993414
225 25.4034131506
226 25.2398385564
227 25.0766623753
228 24.9136253926
229 24.7506317321
230 24.5877676711
231 24.4264173957
232 24.2651564992
233 24.1042546906
234 23.9436881013
235 23.7838651549
236 23.6255107435
237 23.4676500159
238 23.3120507096
239 23.157611468
240 23.0038646605
241 22.8506497729
242 22.6975420699
243 22.5444940952
244 22.391986607
245 22.2399146092
246 22.0902078651
247 21.9406097531
248 21.7910685861
249 21.6415810027
250 21.4921386223
251 21.342760694
252 21.1934993622
253 21.0452716346
254 20.8972909223
255 20.7495009702
256 20.6031835976
257 20.4571641877
258 20.3113813658
259 20.1663636645
260 20.0223542556
261 19.8788541018
262 19.7361918668
263 19.5936471128
264 19.4516703733
265 19.3101294025
266 19.1686537156
267 19.0280255279
268 18.8878272099
269 18.7478749554
270 18.6081871341
271 18.4694630878
272 18.3309002903
273 18.1928880917
274 18.0548787463
275 17.9178887887
276 17.7811109912
277 17.6452068688
278 17.5094858036
279 17.3756181943
280 17.2419037071
281 17.1085923082
282 16.9753951507
283 16.8422514211
284 16.7092656992
285 16.5763039978
286 16.4439685482
287 16.3121029781
288 16.1809186917
289 16.0503545931
290 15.9204966841
291 15.7910931845
292 15.6625341615
293 15.5346077644
294 15.4071526926
295 15.2798352065
296 15.1531422611
297 15.0270231001
298 14.9012261213
299 14.7757827005
300 14.6504219394
301 14.5256879445
302 14.4011501701
303 14.2772136832
304 14.1533050333
305 14.029733772
306 13.9063038246
307 13.7830498778
308 13.6598193099
309 13.5370416676
310 13.4146412133
311 13.2923512817
312 13.1702368795
313 13.0482696867
314 12.9273823861
315 12.8069697347
316 12.6879882318
317 12.5691125573
318 12.4506225037
319 12.3328344335
320 12.2153146792
321 12.0981945328
322 11.9829163937
323 11.8696612925
324 11.7566605533
325 11.643680689
326 11.5309003312
327 11.4186058034
328 11.3064058281
329 11.1960397284
330 11.0858107346
331 10.9757074396
332 10.8656705839
333 10.7556496692
334 10.6457055968
335 10.5375277955
336 10.4304241131
337 10.3235645087
338 10.2169405835
339 10.1103888838
340 10.0039270522
341 9.89796181409
342 9.79201424069
343 9.68606824635
344 9.58044307392
345 9.47537643664
346 9.3706940775
347 9.26601747695
348 9.16156774152
349 9.05816720982
350 8.95532277525
351 8.85257653748
352 8.74995959226
353 8.64735256846
354 8.54609285584
355 8.44546335852
356 8.34504675262
357 8.24485754712
358 8.14579217416
359 8.0468903483
360 7.9485222757
361 7.85041307239
362 7.75257883932
363 7.65516539784
364 7.55779474946
365 7.46050946341
366 7.36406900583
367 7.26795078182
368 7.17187866254
369 7.07590612347
370 6.9802337547
371 6.8850985648
372 6.79014557455
373 6.69525174111
374 6.60107597206
375 6.50742134622
376 6.41386207798
377 6.32091650788
378 6.22879244849
379 6.13831194967
380 6.049372502
381 5.96046946083
382 5.87242358348
383 5.78515665821
384 5.69812872644
385 5.61175425311
386 5.52573117956
387 5.43983104898
388 5.35405215647
389 5.26830210625
390 5.18323303118
391 5.09868134878
392 5.01418424849
393 4.92980306914
394 4.84553652336
395 4.76141042527
396 4.68009866556
397 4.6003857082
398 4.52097194085
399 4.44156430838
400 4.36286788657
401 4.28444697351
402 4.20614608137
403 4.12797599727
404 4.05028630682
405 3.97318189237
406 3.89616436438
407 3.81951913656
408 3.74347823295
409 3.66751205116
410 3.59156083781
411 3.51630281746
412 3.44136859616
413 3.36695560177
414 3.29313273051
415 3.21946104994
416 3.14605952987
417 3.07270659699
418 2.99977276336
419 2.92813699171
420 2.85668111101
421 2.78598920515
422 2.71709325804
423 2.64914957067
424 2.5814162254
425 2.51433168085
426 2.4473399677
427 2.38035876866
428 2.31401959624
429 2.24784613288
430 2.18181467451
431 2.11589333578
432 2.05016398088
433 1.98475533988
434 1.92013591545
435 1.85555104691
436 1.79126938176
437 1.7271420138
438 1.66350006279
439 1.60011704758
440 1.53764588693
441 1.47536193762
442 1.41336040406
443 1.35264747227
444 1.29234932862
445 1.23268575029
446 1.173113092
447 1.11357834387
448 1.05471366799
449 0.996929593461
450 0.940449393524
451 0.884313991405
452 0.829829539414
453 0.776207672131
454 0.724835412159
455 0.675154085047
456 0.626184920243
457 0.577223479946
458 0.530543890207
459 0.484565613608
460 0.438647151861
461 0.394133095069
462 0.351903309945
463 0.310078370701
464 0.270497104167
465 0.231419917944
466 0.192611494547
467 0.154702366094
468 0.119422554136
469 0.0865114118734
470 0.054440724025
471 0.0256018386492
472 0.0
