1 330.972983192
2 270.211899394
3 233.858449862
4 203.764153462
5 185.255171026
6 172.02388167
7 160.929001315
8 153.560555477
9 147.720107382
10 142.369181302
11 138.03556368
12 133.916129561
13 130.570802774
14 127.780015331
15 125.190346405
16 122.656927032
17 120.375210866
18 118.136245579
19 115.888716059
20 113.675595323
21 111.74715697
22 109.903381639
23 108.083417206
24 106.395704245
25 104.764573083
26 103.218669069
27 101.64228276
28 100.197083934
29 98.8098078371
30 97.4256050513
31 96.1170604376
32 94.8411577613
33 93.6148640595
34 92.4755436485
35 91.3393808774
36 90.3457801578
37 89.3539632411
38 88.3710226652
39 87.3613696605
40 86.4030802463
41 85.4615799882
42 84.5594486354
43 83.6604914721
44 82.7684207633
45 81.8844725314
46 81.0309813216
47 80.2005285812
48 79.3953919263
49 78.5993245494
50 77.8277934264
51 77.0641893597
52 76.3074588317
53 75.5767840661
54 74.8628985669
55 74.1875633102
56 73.5304465454
57 72.8773343025
58 72.2376374222
59 71.5873740149
60 70.9589204242
61 70.3482427992
62 69.7515314678
63 69.179683181
64 68.6122699073
65 68.0522537807
66 67.5307522911
67 67.0352104307
68 66.5388559941
69 66.0433141337
70 65.5528438582
71 65.0608724051
72 64.5733995543
73 64.0878908352
74 63.6052208257
75 63.124346762
76 62.6518870977
77 62.1899253584
78 61.7383999637
79 61.2889612605
80 60.8399260516
81 60.3937547479
82 59.9739732465
83 59.5605702825
84 59.1498569105
85 58.7401470479
86 58.3335159937
87 57.9285573201
88 57.524434574
89 57.1204175617
90 56.7240057761
91 56.3292416253
92 55.9420639901
93 55.5572061511
94 55.180386972
95 54.8050898642
96 54.4327749977
97 54.0636343374
98 53.6966521794
99 53.3305531385
100 52.9677663788
101 52.6073132719
102 52.2484489339
103 51.8910117291
104 51.5413608761
105 51.1967629035
106 50.8523826967
107 50.5086480243
108 50.1667757417
109 49.8268679915
110 49.4934659734
111 49.1624135381
112 48.8288797924
113 48.5010733256
114 48.1750141071
115 47.8501081405
116 47.5280000976
117 47.2072930427
118 46.8871195604
119 46.5690923541
120 46.2516186265
121 45.9359807679
122 45.6224986363
123 45.3100718765
124 44.9987154672
125 44.6917643118
126 44.388632234
127 44.0871767263
128 43.7867587798
129 43.4992375843
130 43.2145241061
131 42.9363310717
132 42.6632753247
133 42.3916821343
134 42.1235189087
135 41.8573767158
136 41.5920326527
137 41.3273724884
138 41.0660152229
139 40.805207223
140 40.5506608126
141 40.2970299136
142 40.0452641824
143 39.7954450311
144 39.5462169397
145 39.3039150516
146 39.0618159825
147 38.8239793711
148 38.5879193789
149 38.3518733204
150 38.1187850781
151 37.8867259678
152 37.6551643633
153 37.4259845155
154 37.1978003212
155 36.9703838955
156 36.7440381658
157 36.5183466737
158 36.2968436844
159 36.0757937597
160 35.8577006396
161 35.6409412683
162 35.4261041574
163 35.2136340004
164 35.0035189021
165 34.7926194997
166 34.582373062
167 34.372287674
168 34.1629664261
169 33.9573071867
170 33.752954438
171 33.5505563455
172 33.3492586376
173 33.1484034508
174 32.9491638202
175 32.7502815307
176 32.5514937702
177 32.3531708937
178 32.1554096666
179 31.9595564745
180 31.7637681695
181 31.5682152891
182 31.3728695336
183 31.1798868504
184 30.9875096023
185 30.7962066892
186 30.6062080394
187 30.4170744339
188 30.2286853535
189 30.041932925
190 29.8563907743
191 29.6725034391
192 29.4889104059
193 29.3060678718
194 29.1250898749
195 28.9448237104
196 28.7672330086
197 28.5903206967
198 28.4140136669
199 28.2381704843
200 28.0629146246
201 27.8893493336
202 27.7162051226
203 27.5440728714
204 27.3746566876
205 27.2066631634
206 27.0392266773
207 26.8717916502
208 26.7044766332
209 26.5371786751
210 26.3713694257
211 26.2060173264
212 26.041593134
213 25.8778483374
214 25.7152414865
215 25.5530643687
216 25.3947310779
217 25.2372193267
218 25.0798123871
219 24.9230654293
220 24.769736789
221 24.614737855
222 24.4614092146
223 24.3086177192
224 24.1567778671
225 24.0051412984
226 23.8541438023
227 23.7039255549
228 23.5538768092
229 23.4064091249
230 23.259339794
231 23.1125980496
232 22.9662231051
233 22.819960152
234 22.6742843088
235 22.5287714373
236 22.3834859656
237 22.2382992544
238 22.0931060553
239 21.9479193442
240 21.8030011118
241 21.6584912093
242 21.5153392934
243 21.3723575395
244 21.2294860637
245 21.088005646
246 20.9467134262
247 20.8054699037
248 20.6655478972
249 20.5262083481
250 20.387079083
251 20.2480972949
252 20.1095892622
253 19.9711407457
254 19.8330831931
255 19.6953327898
256 19.5583713386
257 19.4216462542
258 19.2856535501
259 19.149872727
260 19.0150235679
261 18.880240841
262 18.7458558196
263 18.6131332424
264 18.4805254694
265 18.3489310837
266 18.2177896309
267 18.0871460204
268 17.9566681488
269 17.8264587202
270 17.69669372
271 17.5675168124
272 17.438548778
273 17.309781574
274 17.1811482923
275 17.0527514103
276 16.9243724895
277 16.7964699203
278 16.6695354786
279 16.5432927072
280 16.4172483565
281 16.2914084374
282 16.1661811717
283 16.0411429407
284 15.9162578844
285 15.7922340519
286 15.6691428827
287 15.5461511482
288 15.4239060006
289 15.3022764757
290 15.1806920042
291 15.0599429619
292 14.9401001379
293 14.8206602916
294 14.7021965494
295 14.5841429602
296 14.4662797047
297 14.3487392133
298 14.2313421263
299 14.1148311592
300 13.998323496
301 13.88208614
302 13.7659786595
303 13.6506890244
304 13.5362438861
305 13.4222171378
306 13.308527059
307 13.1949832154
308 13.0818621574
309 12.9695060463
310 12.8574040526
311 12.7456522645
312 12.6342357617
313 12.5236819029
314 12.4133229888
315 12.3036664357
316 12.1941823183
317 12.0850000015
318 11.9758478302
319 11.8667001438
320 11.7576366942
321 11.6487136347
322 11.5399670997
323 11.4320420237
324 11.3241487028
325 11.2167419996
326 11.1095741414
327 11.0025367485
328 10.8956469818
329 10.789106062
330 10.6826943304
331 10.5763496602
332 10.4702096652
333 10.3647287344
334 10.2596317466
335 10.154598386
336 10.0501584536
337 9.94615974148
338 9.84220835725
339 9.73938513799
340 9.63865970041
341 9.53841877519
342 9.43826650631
343 9.33822098545
344 9.23896672389
345 9.14060583366
346 9.04252502498
347 8.94449007526
348 8.8466656493
349 8.74946860211
350 8.65234123843
351 8.55525337028
352 8.45847152121
353 8.36242157024
354 8.26647057729
355 8.1711553511
356 8.07608952465
357 7.98261583841
358 7.88940194901
359 7.79657000616
360 7.70524290277
361 7.61391642357
362 7.52317027815
363 7.43276001291
364 7.34236220493
365 7.25216942918
366 7.16214287844
367 7.07218708592
368 6.98233012296
369 6.89291351829
370 6.80403224988
371 6.71531320663
372 6.62736201157
373 6.53963330687
374 6.45212460403
375 6.36497780993
376 6.27824354122
377 6.19165371276
378 6.10584554033
379 6.02221445949
380 5.93866931603
381 5.85512959327
382 5.77276191188
383 5.69098843176
384 5.60946943419
385 5.5286816668
386 5.44805192224
387 5.36878461017
388 5.28952833946
389 5.21103066
390 5.13284703739
391 5.05612545901
392 4.98051185949
393 4.90514624317
394 4.82990030104
395 4.75531507225
396 4.68073553885
397 4.60679935012
398 4.53305273194
399 4.45932046051
400 4.38609712332
401 4.31406354938
402 4.24233895835
403 4.17086309583
404 4.09956747072
405 4.02859408267
406 3.95763856159
407 3.88700591479
408 3.81655345289
409 3.74625060826
410 3.67687519187
411 3.60818425254
412 3.54004887072
413 3.47197888593
414 3.40405617057
415 3.33636318303
416 3.26879855988
417 3.20146131854
418 3.13449946633
419 3.06754156518
420 3.0005830398
421 2.93457225589
422 2.86931378936
423 2.80417860899
424 2.7396491016
425 2.67553320525
426 2.611753498
427 2.54844069478
428 2.48546144636
429 2.42268696258
430 2.36095969034
431 2.29945619404
432 2.23845399884
433 2.17782297865
434 2.11754885395
435 2.05744456463
436 1.99737143062
437 1.93733327162
438 1.87731013016
439 1.81849347591
440 1.76100330642
441 1.7037281931
442 1.64721395907
443 1.59123314112
444 1.5359442756
445 1.48249136399
446 1.42930036968
447 1.37621259068
448 1.3232699487
449 1.27097239272
450 1.21899634967
451 1.16722976924
452 1.11582350646
453 1.0654011784
454 1.0151738875
455 0.96560012957
456 0.916627714738
457 0.868373160479
458 0.820483257722
459 0.772750201995
460 0.725312736879
461 0.678177147125
462 0.631046493646
463 0.58405270606
464 0.538560301699
465 0.49374208505
466 0.450277183394
467 0.407705555462
468 0.365903951602
469 0.324166909604
470 0.284641680862
471 0.248186467796
472 0.213271191514
473 0.178854815136
474 0.145810662503
475 0.114937590845
476 0.0850558509642
477 0.0578111941599
478 0.0372205244083
479 0.0182031929006
480 0.0
