1 858.577134463
2 633.456006483
3 484.934792762
4 381.621821395
5 367.563030774
6 357.319422277
7 349.936416559
8 343.976824139
9 338.125873614
10 332.540053773
11 328.100519997
12 323.951222904
13 320.117775871
14 316.702460233
15 313.727984916
16 310.799682828
17 308.149095648
18 305.503982695
19 302.889911044
20 300.364458005
21 297.923878143
22 295.625346659
23 293.345606049
24 291.158279913
25 289.038544926
26 287.028525831
27 284.976122322
28 283.008878149
29 281.053149961
30 279.1162246
31 277.374341838
32 275.749579515
33 274.133002991
34 272.598676786
35 271.074625019
36 269.575199312
37 268.080805119
38 266.581379412
39 265.09233042
40 263.615863315
41 262.181408041
42 260.781246731
43 259.384237054
44 257.992055442
45 256.605814567
46 255.239150205
47 253.896345954
48 252.581344497
49 251.276822378
50 249.987136812
51 248.703548458
52 247.439012685
53 246.180073589
54 244.944749317
55 243.72662998
56 242.542437411
57 241.359056176
58 240.184894647
59 239.040972104
60 237.919258716
61 236.799374852
62 235.696501717
63 234.605063683
64 233.518912333
65 232.456152633
66 231.401830859
67 230.351418315
68 229.298088371
69 228.247675827
70 227.197965222
71 226.162599222
72 225.12754915
73 224.10244616
74 223.107547958
75 222.127276363
76 221.168830812
77 220.215009596
78 219.256692286
79 218.302871071
80 217.358978447
81 216.425925175
82 215.503387307
83 214.59222966
84 213.683978218
85 212.780668964
86 211.900686079
87 211.018058022
88 210.138075137
89 209.283237843
90 208.435451366
91 207.588934189
92 206.748083327
93 205.919620718
94 205.096362239
95 204.271331951
96 203.469320866
97 202.679182596
98 201.866852078
99 201.070098349
100 200.279960079
101 199.487530266
102 198.691881165
103 197.905394986
104 197.107689407
105 196.311706805
106 195.526441567
107 194.757339656
108 193.989008617
109 193.224145931
110 192.454985363
111 191.696318354
112 190.950766778
113 190.185904092
114 189.436898484
115 188.690793083
116 187.948201974
117 187.208264926
118 186.473354972
119 185.757371901
120 185.02428404
121 184.308300969
122 183.590617497
123 182.874922921
124 182.153509719
125 181.439816897
126 180.728688129
127 180.019756677
128 179.31107619
129 178.604840302
130 177.905949147
131 177.208483407
132 176.509592252
133 175.823829957
134 175.141030695
135 174.458574469
136 173.777434129
137 173.103442946
138 172.428635235
139 171.7447839
140 171.076645391
141 170.39384613
142 169.721639338
143 169.050288798
144 168.380720608
145 167.712425213
146 167.059076142
147 166.422170702
148 165.786754455
149 165.154750195
150 164.523106213
151 163.901322187
152 163.278114519
153 162.657552265
154 162.03970598
155 161.423248561
156 160.809600994
157 160.193143576
158 159.578801516
159 158.969419167
160 158.366188927
161 157.758729011
162 157.154885122
163 156.543329742
164 155.949758761
165 155.361320531
166 154.773447793
167 154.187084672
168 153.6019987
169 153.01872009
170 152.437266325
171 151.86798212
172 151.284477425
173 150.709289306
174 150.136776916
175 149.566189877
176 148.995986643
177 148.426750341
178 147.860289319
179 147.296462444
180 146.734111171
181 146.172026909
182 145.612719617
183 145.064483376
184 144.501522327
185 143.953286086
186 143.403524289
187 142.850677129
188 142.307233936
189 141.754391674
190 141.213527336
191 140.667936932
192 140.132058018
193 139.586966178
194 139.057781287
195 138.520625088
196 137.977162878
197 137.442396451
198 136.918049946
199 136.376193136
200 135.85539731
201 135.313540499
202 134.788301969
203 134.263530543
204 133.740919417
205 133.218979718
206 132.698307419
207 132.178578018
208 131.65948398
209 131.144109323
210 130.630203672
211 130.116681556
212 129.604935211
213 129.094138718
214 128.584543961
215 128.075809892
216 127.56812845
217 127.064305205
218 126.561913454
219 126.061223003
220 125.561637135
221 125.072023839
222 124.573359054
223 124.084524405
224 123.595833526
225 123.109023152
226 122.623711286
227 122.141309793
228 121.65918086
229 121.180051868
230 120.70785398
231 120.230050194
232 119.747648701
233 119.271954187
234 118.7997563
235 118.324606341
236 117.852801389
237 117.382136927
238 116.911630339
239 116.441920871
240 115.973526561
241 115.505495375
242 115.037972518
243 114.579852629
244 114.102964743
245 113.635639343
246 113.169796481
247 112.70506553
248 112.241473707
249 111.780223238
250 111.321818725
251 110.864378529
252 110.407686866
253 109.951306745
254 109.498823506
255 109.048358643
256 108.597809332
257 108.147527482
258 107.6979235
259 107.247945634
260 106.79834832
261 106.348926706
262 105.899773941
263 105.451737766
264 105.004734858
265 104.557777135
266 104.113718823
267 103.666715915
268 103.219758192
269 102.775877289
270 102.334647353
271 101.893496241
272 101.452660249
273 101.01365416
274 100.575032407
275 100.136784175
276 99.700003071
277 99.2672651307
278 98.8346333923
279 98.4029991904
280 97.9718214231
281 97.5410370029
282 97.1110376881
283 96.6822283597
284 96.2543398231
285 95.8268219687
286 95.3995589404
287 94.9751098101
288 94.5525706828
289 94.1305394148
290 93.7101513572
291 93.2904580867
292 92.870869855
293 92.4533231614
294 92.0351696602
295 91.6149039297
296 91.196961545
297 90.7743512275
298 90.3568821438
299 89.9406007238
300 89.5255301096
301 89.1104863918
302 88.6970669728
303 88.2843050579
304 87.870885639
305 87.4583186049
306 87.0473718602
307 86.6364627006
308 86.2259608664
309 85.8163274288
310 85.406750138
311 84.9990211763
312 84.5916438047
313 84.1876308375
314 83.7773828199
315 83.3705094249
316 82.9639059818
317 82.5577569648
318 82.1519068918
319 81.7475562077
320 81.343505605
321 80.9397241533
322 80.5406240653
323 80.137541545
324 79.7367301256
325 79.3360911244
326 78.9359422403
327 78.5368421523
328 78.1397515794
329 77.7428638571
330 77.3464607734
331 76.9508328571
332 76.5575748334
333 76.1646166555
334 75.7720392117
335 75.381266891
336 74.9905851989
337 74.6000273544
338 74.209642479
339 73.8196425832
340 73.4312936059
341 73.0432071737
342 72.6552478871
343 72.2674774158
344 71.8799255185
345 71.4924724672
346 71.1056744308
347 70.7194278597
348 70.3338644118
349 69.9487600488
350 69.5636810422
351 69.1787945041
352 68.7945848011
353 68.4122569455
354 68.0299652831
355 67.6488360262
356 67.2677902437
357 66.8875469661
358 66.507450087
359 66.1279517054
360 65.7487157945
361 65.3697987659
362 64.9909270016
363 64.61452998
364 64.2390211414
365 63.8654870301
366 63.4921471723
367 63.1199014896
368 62.7486733934
369 62.3775109363
370 62.0063599352
371 61.6352546879
372 61.2646192073
373 60.8942328603
374 60.523855637
375 60.1538682493
376 59.7840259176
377 59.4142586331
378 59.0459240956
379 58.6776577795
380 58.3096563853
381 57.9420303226
382 57.574469932
383 57.2096305167
384 56.8448819816
385 56.4806867352
386 56.1181268073
387 55.7555761296
388 55.3940716104
389 55.0331729952
390 54.6726661209
391 54.3121667318
392 53.9519074652
393 53.5919038494
394 53.2344041808
395 52.8774950477
396 52.5207259699
397 52.1640211668
398 51.8074456551
399 51.4512399714
400 51.0953723755
401 50.7401868696
402 50.3850972356
403 50.0302536812
404 49.6754278661
405 49.3216502934
406 48.9681632826
407 48.6147567896
408 48.2626415472
409 47.911513754
410 47.5608826286
411 47.2118588932
412 46.8630638893
413 46.5156152207
414 46.1684753336
415 45.8214320103
416 45.474484677
417 45.1275898551
418 44.781080458
419 44.4355917139
420 44.0916010525
421 43.7478688598
422 43.4043818233
423 43.0612998508
424 42.7202897721
425 42.3796865286
426 42.0416946945
427 41.7038376163
428 41.3694788492
429 41.0360429103
430 40.7033426451
431 40.3706630114
432 40.038090512
433 39.7061375624
434 39.3758234307
435 39.0474369477
436 38.7192006037
437 38.3913289446
438 38.0640290784
439 37.7372796671
440 37.4109075412
441 37.0849068046
442 36.7595086389
443 36.4343346121
444 36.1104127003
445 35.7865359386
446 35.4632672595
447 35.140571798
448 34.8186532996
449 34.4981834332
450 34.1781349328
451 33.8588922013
452 33.5397625687
453 33.2218185074
454 32.9038789179
455 32.5865643567
456 32.269906924
457 31.9539625195
458 31.6380759608
459 31.3223693733
460 31.0071539787
461 30.6925485309
462 30.3789085409
463 30.0663686469
464 29.7560575253
465 29.446578829
466 29.1374488512
467 28.8294076565
468 28.5215357111
469 28.2141180018
470 27.9071353322
471 27.600567531
472 27.2942594448
473 26.9898976648
474 26.6855570656
475 26.3817242037
476 26.0779408521
477 25.7748468261
478 25.4727812387
479 25.1708639753
480 24.8701197578
481 24.5718537978
482 24.2739910662
483 23.9764355657
484 23.6795947401
485 23.3831716935
486 23.0880054782
487 22.7935983664
488 22.4993449982
489 22.2055215342
490 21.913197141
491 21.6232156203
492 21.3336087013
493 21.044164396
494 20.7547623529
495 20.4654107032
496 20.176245226
497 19.88928993
498 19.6026425579
499 19.3177414019
500 19.0333292608
501 18.7491772777
502 18.4659198008
503 18.1834372031
504 17.9016637189
505 17.6199047343
506 17.3388791695
507 17.0582831403
508 16.7790890128
509 16.5024932303
510 16.2260111674
511 15.9501241534
512 15.6790524179
513 15.4084294701
514 15.1379894516
515 14.8681795983
516 14.5996902653
517 14.3314644935
518 14.0634095975
519 13.7956395514
520 13.5280798551
521 13.2614791676
522 12.9956203151
523 12.7305186431
524 12.4678982301
525 12.2068918074
526 11.9465067146
527 11.6880843853
528 11.4297923229
529 11.1752614306
530 10.9214536713
531 10.6705328122
532 10.4201090484
533 10.1699783264
534 9.91991900581
535 9.66990272825
536 9.42036076642
537 9.17121974792
538 8.92243292145
539 8.67450278991
540 8.4267337241
541 8.1794788194
542 7.93244596635
543 7.68711980625
544 7.44486421071
545 7.20562400894
546 6.96693325011
547 6.728844787
548 6.49115830083
549 6.25509896661
550 6.01926287621
551 5.78638567496
552 5.55357713216
553 5.32288139775
554 5.09238528065
555 4.86189727795
556 4.63182123382
557 4.40202689543
558 4.17247633712
559 3.94343055811
560 3.71711863221
561 3.4927684755
562 3.26877015114
563 3.04488534489
564 2.82817203502
565 2.61325732078
566 2.39988715
567 2.18774039913
568 1.97713490219
569 1.76905524207
570 1.56242258972
571 1.35751119529
572 1.15562018651
573 0.959952465033
574 0.780897366833
575 0.60534982768
576 0.431258052691
577 0.274130479754
578 0.119403642069
579 0.0
