1 482.994762336
2 402.188209734
3 342.862254263
4 313.279894285
5 290.519039351
6 270.040548257
7 252.133218428
8 238.38129146
9 226.679648392
10 216.071079654
11 206.848949025
12 198.831794316
13 192.017640957
14 186.489319185
15 181.288089129
16 176.776870521
17 172.418726242
18 168.080928992
19 164.115574651
20 160.594760959
21 157.142851902
22 154.143467287
23 151.232768737
24 148.358190487
25 145.811824916
26 143.46459493
27 141.180265625
28 139.07370027
29 137.029142567
30 135.153597855
31 133.366432245
32 131.606302708
33 129.92638995
34 128.256561585
35 126.611402731
36 125.107658744
37 123.650802261
38 122.259625267
39 120.920543074
40 119.668049765
41 118.425334948
42 117.180151593
43 115.968910431
44 114.776711321
45 113.602136926
46 112.537581347
47 111.477398848
48 110.450459292
49 109.447566182
50 108.459601095
51 107.49530305
52 106.562582471
53 105.639401658
54 104.750447892
55 103.844558486
56 102.957418837
57 102.099306051
58 101.240916049
59 100.403321982
60 99.589351863
61 98.7817867232
62 97.9809160101
63 97.1676107159
64 96.3667400028
65 95.5725568855
66 94.8090774867
67 94.0170349581
68 93.2703492997
69 92.5549721744
70 91.8462443611
71 91.1474279203
72 90.4500606969
73 89.7548241192
74 89.0705270695
75 88.3993558772
76 87.7380852314
77 87.0848767972
78 86.4326523681
79 85.7848726864
80 85.1446468173
81 84.5247542602
82 83.9198114429
83 83.3147199375
84 82.7097771201
85 82.1118773376
86 81.5239221726
87 80.9379523539
88 80.355365944
89 79.7791997364
90 79.2132390749
91 78.6563120695
92 78.1030691832
93 77.5707868258
94 77.0513644362
95 76.5295944028
96 76.0118116985
97 75.4984442303
98 74.9956342519
99 74.506719314
100 74.0184671121
101 73.530552573
102 73.0537724719
103 72.5798543309
104 72.1143635554
105 71.6535229044
106 71.1931304507
107 70.7406731651
108 70.2885092418
109 69.8439706709
110 69.4046743612
111 68.9657939293
112 68.5302287949
113 68.0993754635
114 67.6693122905
115 67.2411606893
116 66.8181135412
117 66.398028998
118 65.98053919
119 65.5636983662
120 65.1509740541
121 64.7380542831
122 64.3257792559
123 63.917100192
124 63.5156047954
125 63.1071995448
126 62.712416453
127 62.318886302
128 61.9335377201
129 61.5492550639
130 61.1684646863
131 60.787831122
132 60.4079275575
133 60.0291666788
134 59.653613611
135 59.2791481268
136 58.9037076103
137 58.5412259598
138 58.1805096495
139 57.8245514318
140 57.4687316944
141 57.1235626588
142 56.7816750405
143 56.4481867051
144 56.118133209
145 55.7846448736
146 55.4563233937
147 55.1288973527
148 54.8035120808
149 54.4786066683
150 54.1550605721
151 53.8372490275
152 53.5204090431
153 53.2043461281
154 52.888435292
155 52.5748225482
156 52.2619589968
157 51.9521151309
158 51.644198266
159 51.3403042464
160 51.0367159183
161 50.7356332782
162 50.4348370629
163 50.1411968458
164 49.8404006306
165 49.5471694178
166 49.2642630305
167 48.9814581663
168 48.6996623416
169 48.4194893413
170 48.139156047
171 47.8596008926
172 47.5814908524
173 47.3039225236
174 47.0267831981
175 46.7513291143
176 46.4789087683
177 46.206907987
178 45.9354274444
179 45.6642552243
180 45.3945450885
181 45.125471833
182 44.8571784157
183 44.5929012063
184 44.3294693656
185 44.0666429201
186 43.8047367543
187 43.5436290524
188 43.2825304698
189 43.0227478289
190 42.7638306076
191 42.5050159373
192 42.2477827248
193 41.9949890228
194 41.7460775875
195 41.4929052894
196 41.2445521746
197 40.9965072002
198 40.749559562
199 40.5039337194
200 40.2583726095
201 40.0147175487
202 39.7725990213
203 39.5310297089
204 39.290854164
205 39.0513733103
206 38.8126172595
207 38.5741412998
208 38.3361072347
209 38.0982286179
210 37.8625443124
211 37.6268713303
212 37.3919672344
213 37.1585456705
214 36.9260756579
215 36.6945489113
216 36.4640845097
217 36.2374388914
218 36.0108632352
219 35.7849941014
220 35.5596737326
221 35.3346488046
222 35.1100816309
223 34.8893695289
224 34.6663316445
225 34.4475825836
226 34.2300320385
227 34.012605106
228 33.7968308189
229 33.5829769189
230 33.3694524545
231 33.154186682
232 32.9454783428
233 32.7370176413
234 32.52895431
235 32.3210940635
236 32.1145379727
237 31.9084231301
238 31.7029748631
239 31.4978218103
240 31.2936378953
241 31.0901633671
242 30.8878593647
243 30.6859832904
244 30.4844296171
245 30.2845884009
246 30.0853022055
247 29.8868544062
248 29.6884664879
249 29.4910767734
250 29.2943928055
251 29.097839309
252 28.9013561029
253 28.7051153784
254 28.5089461469
255 28.3135382641
256 28.1188872873
257 27.9245972463
258 27.7305654633
259 27.5368195445
260 27.3431553553
261 27.1494927244
262 26.9560830413
263 26.7629150272
264 26.5697738297
265 26.3766739712
266 26.1842857956
267 25.9921207981
268 25.8000690341
269 25.6080934583
270 25.4173758222
271 25.2268157588
272 25.0365680165
273 24.8464871215
274 24.6568515852
275 24.4678781541
276 24.2808591043
277 24.0940815617
278 23.9077596999
279 23.7220845354
280 23.5372782721
281 23.3545403933
282 23.1718607297
283 22.9893985387
284 22.8072989392
285 22.6253625613
286 22.4447324161
287 22.2642983239
288 22.0842999581
289 21.9044722495
290 21.7260196183
291 21.5476462853
292 21.3694857769
293 21.1919819521
294 21.0145440153
295 20.838017656
296 20.6621945511
297 20.4865644698
298 20.3133900884
299 20.1402731186
300 19.9683711002
301 19.7973890767
302 19.6265280119
303 19.4561605409
304 19.2871340189
305 19.119888794
306 18.9537370706
307 18.7877562038
308 18.6217772921
309 18.4558374261
310 18.2902021947
311 18.125301186
312 17.9607716571
313 17.7965893938
314 17.6333062686
315 17.470647048
316 17.3082835308
317 17.1468103166
318 16.9856323448
319 16.8244725833
320 16.6653582055
321 16.5067751759
322 16.3487203565
323 16.1908057105
324 16.0337028583
325 15.8774875233
326 15.7230764114
327 15.5694224572
328 15.4157809806
329 15.2628902836
330 15.110017604
331 14.9572456725
332 14.8046483645
333 14.6521357286
334 14.4997295809
335 14.3480335741
336 14.1970935021
337 14.0462202541
338 13.8956076037
339 13.7452592913
340 13.5964739583
341 13.4481363447
342 13.30020758
343 13.1525718048
344 13.0050302517
345 12.8591961443
346 12.7133871296
347 12.5677042849
348 12.4231285694
349 12.2786118238
350 12.1355105235
351 11.9924675693
352 11.8494649231
353 11.7076356739
354 11.5658251779
355 11.4240830403
356 11.2833090285
357 11.1444683139
358 11.0060695456
359 10.8693511403
360 10.7332911646
361 10.5984444809
362 10.4642768321
363 10.3309860695
364 10.1979700957
365 10.0649937049
366 9.93211343753
367 9.79937073671
368 9.66733031573
369 9.53575232426
370 9.40438966406
371 9.2749305522
372 9.1467822387
373 9.01865508596
374 8.89167953029
375 8.76538005013
376 8.63925806444
377 8.51354182233
378 8.38821147786
379 8.26293230588
380 8.13801645286
381 8.01389498234
382 7.89059682952
383 7.76764984981
384 7.6450751424
385 7.52331225048
386 7.40200774628
387 7.28083413043
388 7.15992392161
389 7.03946106697
390 6.9196932617
391 6.80017020328
392 6.68139908549
393 6.56372917582
394 6.44614147795
395 6.32864887407
396 6.2114829569
397 6.09448055273
398 5.97840032939
399 5.8626977432
400 5.74769336576
401 5.63641553627
402 5.52522235828
403 5.41504777551
404 5.30643670963
405 5.19813787962
406 5.09031075896
407 4.98287961286
408 4.87585393811
409 4.76938944228
410 4.66518382273
411 4.56204122698
412 4.46055549673
413 4.35907004366
414 4.25851238305
415 4.15812032475
416 4.05917330574
417 3.96040419561
418 3.86192596803
419 3.76468989722
420 3.66759867532
421 3.57064632252
422 3.47435760318
423 3.3787407571
424 3.28670260425
425 3.19517166758
426 3.1039811643
427 3.01368954824
428 2.92364221154
429 2.83411833668
430 2.74708500693
431 2.66023560245
432 2.57348417933
433 2.48695811394
434 2.40065827595
435 2.31614005493
436 2.23179605014
437 2.14798581376
438 2.06436257821
439 1.98077388374
440 1.89834801163
441 1.81660601177
442 1.73571505161
443 1.65570679371
444 1.57597625802
445 1.49649122046
446 1.41740642831
447 1.33917128748
448 1.2615359732
449 1.19059048969
450 1.12005763132
451 1.04965828446
452 0.980206238733
453 0.911873618085
454 0.843560620391
455 0.777003963127
456 0.713489821745
457 0.652177175283
458 0.592966809053
459 0.535063700302
460 0.478832682828
461 0.424255610926
462 0.372872969118
463 0.322327997572
464 0.273033191727
465 0.224485976659
466 0.177555179279
467 0.132760038764
468 0.0945598649955
469 0.058146413874
470 0.0280771416419
471 0.0
