1 927.374562764
2 656.82357483
3 501.878207954
4 419.156686292
5 355.914703625
6 346.685643625
7 338.92608777
8 331.904627921
9 325.304467805
10 319.951395923
11 315.451962723
12 311.440892902
13 307.466145274
14 303.940024304
15 300.5205101
16 297.242432325
17 294.467551407
18 291.787424671
19 289.144964131
20 286.542921508
21 284.13980609
22 281.813587905
23 279.581290131
24 277.357992794
25 275.177862242
26 273.242286395
27 271.250752346
28 269.326965089
29 267.525687748
30 265.745015149
31 264.037857655
32 262.357429136
33 260.720469566
34 259.112484262
35 257.591403277
36 256.091456479
37 254.598509881
38 253.106642813
39 251.617424569
40 250.167871896
41 248.729464023
42 247.318461105
43 245.930715294
44 244.53511799
45 243.175386875
46 241.827238925
47 240.498674346
48 239.173265889
49 237.856412719
50 236.546264288
51 235.242780205
52 233.941289674
53 232.68217471
54 231.407581262
55 230.148466298
56 228.905833258
57 227.676037876
58 226.472799591
59 225.278406687
60 224.099015654
61 222.934157207
62 221.787985218
63 220.666465311
64 219.550016794
65 218.432457446
66 217.324958305
67 216.235704494
68 215.155231688
69 214.07654284
70 213.002490552
71 211.951070326
72 210.920531011
73 209.897643407
74 208.89930399
75 207.902058271
76 206.938706554
77 205.977900552
78 205.023512566
79 204.071519774
80 203.140427293
81 202.182926062
82 201.25183358
83 200.333178994
84 199.43077721
85 198.528626982
86 197.626521561
87 196.743120984
88 195.874808867
89 194.999404116
90 194.131091999
91 193.264693225
92 192.401390797
93 191.53928998
94 190.677466672
95 189.820229134
96 188.958835329
97 188.100336932
98 187.249086546
99 186.412695217
100 185.587243533
101 184.782646295
102 183.978080271
103 183.1822064
104 182.39058764
105 181.625836059
106 180.843711707
107 180.052092947
108 179.287341366
109 178.52281123
110 177.767563743
111 177.023336197
112 176.283618496
113 175.552933835
114 174.82613205
115 174.083573381
116 173.342186803
117 172.611502143
118 171.885728966
119 171.160054422
120 170.447157899
121 169.733990104
122 169.025306368
123 168.321962507
124 167.618956186
125 166.917611754
126 166.220459013
127 165.526029103
128 164.83335709
129 164.147117714
130 163.462711952
131 162.789304858
132 162.118793114
133 161.448800343
134 160.779546412
135 160.114543101
136 159.457053451
137 158.800770931
138 158.15035456
139 157.497150689
140 156.849790526
141 156.205304989
142 155.56359239
143 154.926090612
144 154.287287788
145 153.651805162
146 153.012764692
147 152.375786683
148 151.738822047
149 151.105247963
150 150.475217955
151 149.84018257
152 149.211392091
153 148.586725132
154 147.965550534
155 147.349593758
156 146.725154202
157 146.110583245
158 145.488594303
159 144.870758389
160 144.255830439
161 143.641265027
162 143.032789527
163 142.425459278
164 141.818282984
165 141.221983315
166 140.60641426
167 140.00269004
168 139.402370165
169 138.804100814
170 138.207192306
171 137.611559706
172 137.016288555
173 136.422014191
174 135.835118425
175 135.252872562
176 134.670897993
177 134.091650541
178 133.513005831
179 132.938173228
180 132.365505249
181 131.793202389
182 131.224652797
183 130.657936594
184 130.092734874
185 129.53050734
186 128.96833975
187 128.406291891
188 127.846967015
189 127.287746395
190 126.7286139
191 126.172589263
192 125.621632895
193 125.068770424
194 124.525860556
195 123.987579132
196 123.44707548
197 122.907811338
198 122.361417145
199 121.822766376
200 121.285992676
201 120.750778241
202 120.217391016
203 119.685182166
204 119.151794941
205 118.619825475
206 118.087959997
207 117.556657528
208 117.02748622
209 116.501634092
210 115.977442926
211 115.455541912
212 114.937091148
213 114.418979483
214 113.901700091
215 113.384604672
216 112.867725528
217 112.352673871
218 111.843916391
219 111.33575702
220 110.827616868
221 110.319498436
222 109.811831189
223 109.30461415
224 108.798486026
225 108.293046574
226 107.789112674
227 107.286398108
228 106.783932955
229 106.281218389
230 105.781362064
231 105.282334365
232 104.783880944
233 104.286112618
234 103.788897119
235 103.295332527
236 102.802581841
237 102.309855429
238 101.817799104
239 101.326277422
240 100.835170673
241 100.347647839
242 99.8602300529
243 99.373113069
244 98.8890198
245 98.4051091706
246 97.9218561242
247 97.4389798809
248 96.9631884916
249 96.4889521548
250 96.0149068527
251 95.5415388892
252 95.0690111773
253 94.5970270397
254 94.1275145827
255 93.6586915684
256 93.1910353814
257 92.7243424103
258 92.2640875962
259 91.7960373636
260 91.3334977559
261 90.8745768767
262 90.4131934661
263 89.9505306446
264 89.4904359324
265 89.0313343434
266 88.5735949493
267 88.1166374904
268 87.6598917659
269 87.2048068583
270 86.7502711365
271 86.2958107693
272 85.8417152337
273 85.3884245379
274 84.9364465032
275 84.4866784128
276 84.0382948325
277 83.5904058919
278 83.1430653224
279 82.6970271737
280 82.2523116476
281 81.8081578721
282 81.3647596611
283 80.9222756578
284 80.48013425
285 80.038191864
286 79.5975934855
287 79.1614066794
288 78.7254261081
289 78.2900898112
290 77.8559903537
291 77.4241353473
292 76.9932557572
293 76.5626466667
294 76.1328650194
295 75.7035931171
296 75.2765406806
297 74.8478709348
298 74.4208184983
299 73.9949028163
300 73.5692386227
301 73.1437213865
302 72.7206227111
303 72.2977757958
304 71.876456159
305 71.4555680587
306 71.0349230705
307 70.6142970217
308 70.1947252885
309 69.7754855094
310 69.3561464146
311 68.9369066354
312 68.5183092268
313 68.1018480739
314 67.6864163229
315 67.2715775315
316 66.8608373138
317 66.4510370598
318 66.0424648148
319 65.63421714
320 65.226363687
321 64.8185945157
322 64.4125433434
323 64.0072807606
324 63.6027665688
325 63.1987543244
326 62.795113759
327 62.3922099373
328 61.9907663372
329 61.589586969
330 61.1887467112
331 60.7891421209
332 60.3902258138
333 59.9920440654
334 59.5940664997
335 59.196429754
336 58.7990616163
337 58.4029396817
338 58.0075586671
339 57.6123662684
340 57.218294924
341 56.8246278591
342 56.4330156504
343 56.0422340547
344 55.6517559778
345 55.2618370504
346 54.8737511386
347 54.4861216728
348 54.0992846444
349 53.7132078301
350 53.3307526043
351 52.9484654889
352 52.5669959379
353 52.185685487
354 51.8051802251
355 51.4247684827
356 51.0453357706
357 50.6691730462
358 50.2948272912
359 49.9214767619
360 49.5496870796
361 49.1826230915
362 48.8063331919
363 48.4349486734
364 48.0638718525
365 47.6930029554
366 47.3222107543
367 46.9521517328
368 46.582823252
369 46.2138612802
370 45.8454268329
371 45.4789830872
372 45.1146250613
373 44.7510605607
374 44.3877003125
375 44.0263587893
376 43.665364736
377 43.3048243743
378 42.9445225296
379 42.5857765976
380 42.2277504507
381 41.871483495
382 41.5169523316
383 41.1628589147
384 40.809290088
385 40.4572664379
386 40.1057796635
387 39.7543415146
388 39.4035930902
389 39.0532141606
390 38.7061869992
391 38.3605002894
392 38.0165571683
393 37.6728841511
394 37.3301832772
395 36.9894344889
396 36.6497108394
397 36.3100906413
398 35.9718409815
399 35.6341221781
400 35.2975829765
401 34.9642820021
402 34.6313828266
403 34.2984972049
404 33.9667756371
405 33.635149635
406 33.3043198563
407 32.9745619326
408 32.6451309666
409 32.3164253516
410 31.9877930573
411 31.6602076517
412 31.3322444395
413 31.0036121452
414 30.6760267396
415 30.3501721386
416 30.0256521554
417 29.7011854895
418 29.37763914
419 29.0554037463
420 28.7335484435
421 28.4125559872
422 28.0917511527
423 27.7723172027
424 27.4536113125
425 27.1367147948
426 26.8198809075
427 26.5043873228
428 26.1889672482
429 25.8741712266
430 25.5627169368
431 25.2513777739
432 24.9404553797
433 24.63136629
434 24.3240590399
435 24.018679433
436 23.7134517043
437 23.4088267413
438 23.1044535655
439 22.8009146522
440 22.4995208296
441 22.1985529363
442 21.8979494826
443 21.597382916
444 21.2969806671
445 20.9974901432
446 20.6980544148
447 20.3988442437
448 20.0999234019
449 19.8018921557
450 19.5041141373
451 19.2069210927
452 18.9106194605
453 18.6147993508
454 18.3192344308
455 18.0247792828
456 17.7314007101
457 17.4380507742
458 17.1447022952
459 16.8521235831
460 16.5621601762
461 16.2722897363
462 15.9833965822
463 15.6949418867
464 15.4066976185
465 15.1187153014
466 14.831037011
467 14.5443525136
468 14.2578834451
469 13.9742200557
470 13.693085903
471 13.4127123311
472 13.1331904312
473 12.8545730851
474 12.5762748846
475 12.2984783456
476 12.0216729178
477 11.7460630401
478 11.471308759
479 11.1970869661
480 10.9253455308
481 10.6538850382
482 10.3835851735
483 10.114594304
484 9.84588644323
485 9.57755590335
486 9.31075533085
487 9.04465835055
488 8.77901658104
489 8.51362358414
490 8.24828507487
491 7.98559587946
492 7.72368433002
493 7.46394940606
494 7.2069553262
495 6.9518849756
496 6.69781835324
497 6.44663108005
498 6.19772821847
499 5.95171177312
500 5.70876878594
501 5.46680298568
502 5.2278009422
503 4.98905988361
504 4.75135996978
505 4.51385239002
506 4.27794335404
507 4.04385535914
508 3.81179817366
509 3.58027937022
510 3.34909271367
511 3.12044587507
512 2.89247148241
513 2.66465810292
514 2.43895984258
515 2.21916159529
516 1.99987819035
517 1.78282797176
518 1.5688782373
519 1.3565333386
520 1.14520835286
521 0.960443169411
522 0.775763231151
523 0.592116537412
524 0.41477267574
525 0.252958087467
526 0.0942032509753
527 0.0
