1 791.454912854
2 679.420867068
3 615.647533081
4 576.683965733
5 548.882203002
6 521.538568404
7 497.867586197
8 480.541790383
9 467.184861177
10 454.517075457
11 441.857432574
12 430.177306419
13 419.203982585
14 409.850492134
15 401.213673242
16 392.957034067
17 384.704093665
18 376.856029354
19 369.117226185
20 361.956449572
21 355.235815093
22 348.77684775
23 342.427336686
24 336.231814363
25 330.270515657
26 324.827145839
27 319.767235463
28 314.90350688
29 310.059524837
30 305.30940309
31 300.696641416
32 296.618761126
33 293.481000061
34 290.459359702
35 287.467961037
36 284.720493014
37 282.318137492
38 280.019274463
39 277.759245455
40 275.507650838
41 273.274262513
42 271.05791767
43 268.900499326
44 266.850280948
45 264.8993861
46 263.17629708
47 261.531758566
48 259.973342673
49 258.496372289
50 257.023824069
51 255.581121144
52 254.129689857
53 252.703502191
54 251.318290338
55 249.940595235
56 248.56329554
57 247.20448995
58 245.855738846
59 244.515126278
60 243.25283794
61 241.991821931
62 240.743126923
63 239.49949071
64 238.272619064
65 237.071330317
66 235.8751395
67 234.69928616
68 233.525670243
69 232.362057015
70 231.211961691
71 230.080535595
72 228.990956593
73 227.901148933
74 226.818235875
75 225.743327588
76 224.669689743
77 223.599761584
78 222.535252811
79 221.480449338
80 220.433877927
81 219.390281264
82 218.356492531
83 217.323894347
84 216.295632307
85 215.277177158
86 214.271587011
87 213.271599043
88 212.273886383
89 211.275169343
90 210.278479107
91 209.294264614
92 208.315388041
93 207.316671001
94 206.345155126
95 205.381956292
96 204.433665929
97 203.496898342
98 202.57417753
99 201.658493345
100 200.743500878
101 199.829333682
102 198.93362207
103 198.038599627
104 197.145352633
105 196.255003341
106 195.368893279
107 194.486581894
108 193.604342687
109 192.729472361
110 191.852570923
111 190.987711361
112 190.128684208
113 189.271016395
114 188.413644466
115 187.570253626
116 186.734077262
117 185.903793598
118 185.074230173
119 184.247433731
120 183.424433422
121 182.602819012
122 181.797669195
123 180.979582733
124 180.155061521
125 179.344120488
126 178.538970672
127 177.73323519
128 176.92887309
129 176.126533532
130 175.325202122
131 174.524705201
132 173.728512038
133 172.932747942
134 172.14656812
135 171.364515871
136 170.583133269
137 169.802149149
138 169.022617119
139 168.243815333
140 167.469803904
141 166.697116048
142 165.926743729
143 165.156891961
144 164.388878933
145 163.625504906
146 162.864025906
147 162.103730716
148 161.347982528
149 160.592391182
150 159.837376251
151 159.084402268
152 158.333235488
153 157.586863551
154 156.843363317
155 156.104253266
156 155.365205246
157 154.626763555
158 153.890852314
159 153.158582283
160 152.430261684
161 151.703348861
162 150.977110749
163 150.251203549
164 149.526568517
165 148.804035814
166 148.079400783
167 147.357689156
168 146.641544064
169 145.93088525
170 145.220838586
171 144.5113243
172 143.804074709
173 143.097627341
174 142.394631427
175 141.694637851
176 140.995580014
177 140.300180981
178 139.600604382
179 138.905205349
180 138.215065022
181 137.52527289
182 136.839834974
183 136.155808993
184 135.471812936
185 134.787978026
186 134.105155265
187 133.423043327
188 132.741167997
189 132.065142922
190 131.390366637
191 130.715697731
192 130.042345264
193 129.369812217
194 128.700302499
195 128.032283368
196 127.365621831
197 126.700764132
198 126.037132299
199 125.374163409
200 124.711742222
201 124.05008863
202 123.38897741
203 122.728041077
204 122.067990951
205 121.410677259
206 120.753830069
207 120.09731955
208 119.440942591
209 118.792841011
210 118.145589089
211 117.499175401
212 116.852968961
213 116.206991739
214 115.563290156
215 114.919786485
216 114.27631315
217 113.634902234
218 112.993806251
219 112.352878672
220 111.714182931
221 111.076352494
222 110.43884025
223 109.804749227
224 109.169628287
225 108.535541672
226 107.902956426
227 107.275438037
228 106.648124613
229 106.02019482
230 105.396678191
231 104.775911001
232 104.155517374
233 103.541317831
234 102.928768528
235 102.317271778
236 101.705846796
237 101.095095169
238 100.486995881
239 99.8791911445
240 99.2715394114
241 98.6650584867
242 98.0589978427
243 97.4529875113
244 96.8475745818
245 96.2435178214
246 95.6399763305
247 95.0427883963
248 94.4458485083
249 93.8500409582
250 93.2548968997
251 92.6639446748
252 92.0733249382
253 91.4827270001
254 90.8922977911
255 90.3044496705
256 89.7178651013
257 89.135075626
258 88.5451451976
259 87.9627299324
260 87.3817570714
261 86.8008828321
262 86.2202285535
263 85.644425346
264 85.0691617605
265 84.4939970157
266 83.9202029883
267 83.3464524971
268 82.7751315084
269 82.2055859602
270 81.6376763107
271 81.0720950799
272 80.5072177893
273 79.9434054062
274 79.3797858699
275 78.8188398883
276 78.2597804873
277 77.7007359954
278 77.1422761461
279 76.5848282693
280 76.0274719393
281 75.4722457529
282 74.9200279181
283 74.3683756239
284 73.8169381572
285 73.2672113888
286 72.7180711882
287 72.1693593717
288 71.6210439879
289 71.0730366612
290 70.5278635584
291 69.9838826068
292 69.4423850468
293 68.9024874056
294 68.3627629221
295 67.8242620758
296 67.2862465245
297 66.7487852145
298 66.2130177923
299 65.6811317914
300 65.149451509
301 64.6197650882
302 64.0901172607
303 63.5612532822
304 63.033354733
305 62.5063849436
306 61.9824037051
307 61.4584598883
308 60.9353026319
309 60.4124035969
310 59.8941565243
311 59.3792310633
312 58.8647059593
313 58.3528190689
314 57.8415475711
315 57.330407723
316 56.8217738413
317 56.3135568295
318 55.805937146
319 55.2996718771
320 54.7946394656
321 54.2905943004
322 53.7889882898
323 53.2886782989
324 52.7885547679
325 52.2886612469
326 51.7907805775
327 51.2906336195
328 50.7927529502
329 50.2957536392
330 49.7993220943
331 49.3055650284
332 48.8144627486
333 48.3234098729
334 47.8333591028
335 47.343777792
336 46.8550006596
337 46.3665934619
338 45.8789277147
339 45.3916143036
340 44.9049789343
341 44.4193517755
342 43.9370398371
343 43.4564569811
344 42.9761607384
345 42.496928231
346 42.0180573668
347 41.5410242254
348 41.064081243
349 40.5872158931
350 40.1137140561
351 39.640470831
352 39.1676685692
353 38.6984283224
354 38.2294948401
355 37.7625390286
356 37.29665983
357 36.8326688236
358 36.369848103
359 35.9075286784
360 35.4459744516
361 34.9847359258
362 34.5238723783
363 34.0632162434
364 33.6045753229
365 33.1467431675
366 32.6900671964
367 32.2338610403
368 31.7784606019
369 31.3237954432
370 30.8725300059
371 30.422281127
372 29.9725040145
373 29.5230023334
374 29.0748766526
375 28.6283342751
376 28.1818633563
377 27.7357687824
378 27.2903139514
379 26.8451023949
380 26.4002463615
381 25.9558558828
382 25.5127606212
383 25.0722657167
384 24.6335292208
385 24.1974469772
386 23.7619882244
387 23.32992713
388 22.8988057943
389 22.4721967302
390 22.0480092249
391 21.6260166294
392 21.2044324203
393 20.7832321433
394 20.3635384476
395 19.9493063944
396 19.5398342091
397 19.1305067478
398 18.7225718874
399 18.3146788295
400 17.907314253
401 17.5004314136
402 17.0954876362
403 16.6910731585
404 16.2883460466
405 15.8861618356
406 15.4843660772
407 15.0827276834
408 14.6854886112
409 14.2906652817
410 13.8961050598
411 13.5039758209
412 13.1164732907
413 12.7296351045
414 12.3440705791
415 11.9597877695
416 11.575928431
417 11.1977622195
418 10.8200334176
419 10.4426046854
420 10.0703655852
421 9.69838836415
422 9.32928459148
423 8.96475664787
424 8.60242831361
425 8.24028280977
426 7.88192515016
427 7.52544996868
428 7.16897623982
429 6.8126416396
430 6.45685289069
431 6.10442248187
432 5.75229762172
433 5.40127808197
434 5.05096294487
435 4.70345491305
436 4.3579836238
437 4.01322953457
438 3.66872768106
439 3.33055088168
440 3.00583920937
441 2.68421466603
442 2.37772301156
443 2.07279719129
444 1.76850276575
445 1.47030181727
446 1.18109683444
447 0.898757163256
448 0.661118413992
449 0.428426475455
450 0.202988031508
451 0.0
