1 821.503253492
2 607.926135979
3 462.94371011
4 385.923153266
5 352.137554291
6 341.354598532
7 331.300547725
8 322.597918545
9 314.045147065
10 307.231168626
11 301.680785762
12 296.635838822
13 291.9503138
14 287.597774242
15 283.755052454
16 280.059019176
17 276.497721023
18 272.99823068
19 269.720145936
20 266.859251203
21 264.104873268
22 261.402977141
23 259.013888904
24 256.820298995
25 254.632509259
26 252.509109425
27 250.41196126
28 248.31898969
29 246.252016123
30 244.215966491
31 242.298377073
32 240.391841086
33 238.630483071
34 236.873386756
35 235.215710898
36 233.632484257
37 232.085993952
38 230.674440304
39 229.301578055
40 227.930420772
41 226.587915932
42 225.282142547
43 223.98137557
44 222.697434091
45 221.443728568
46 220.197193413
47 218.951047779
48 217.733479505
49 216.539243252
50 215.346110837
51 214.209092837
52 213.08455239
53 211.966681777
54 210.849106144
55 209.732761293
56 208.671565622
57 207.662882053
58 206.638744809
59 205.603078152
60 204.596382343
61 203.612438042
62 202.610325092
63 201.603629284
64 200.620658581
65 199.660425599
66 198.709513872
67 197.790662315
68 196.90465854
69 196.007281285
70 195.12127751
71 194.237107186
72 193.351103411
73 192.473453028
74 191.649396708
75 190.824085325
76 190.000029005
77 189.19239537
78 188.404773713
79 187.636410408
80 186.870365061
81 186.114456277
82 185.376146505
83 184.640900711
84 183.908363312
85 183.175103623
86 182.442566225
87 181.715517291
88 181.000002553
89 180.287939996
90 179.584675663
91 178.89287649
92 178.210846481
93 177.529363282
94 176.851428044
95 176.177657568
96 175.50923668
97 174.844221855
98 174.180328744
99 173.518222639
100 172.858216182
101 172.197939073
102 171.547219553
103 170.904745792
104 170.261562173
105 169.621017552
106 168.990960663
107 168.371498877
108 167.739627699
109 167.120165913
110 166.507455813
111 165.906109421
112 165.298666593
113 164.700110308
114 164.108581601
115 163.520567227
116 162.937073113
117 162.354688621
118 161.774643798
119 161.198736054
120 160.625509186
121 160.056598794
122 159.490653609
123 158.932448273
124 158.371339978
125 157.821306561
126 157.267538349
127 156.717504932
128 156.175250553
129 155.629921655
130 155.091983739
131 154.554831774
132 154.01929665
133 153.484018913
134 152.966106413
135 152.444999344
136 151.929298576
137 151.414317224
138 150.908184594
139 150.39685212
140 149.896025653
141 149.400096894
142 148.909018612
143 148.418229137
144 147.928802236
145 147.448422603
146 146.971193159
147 146.489813763
148 146.005319684
149 145.526476935
150 145.048247095
151 144.569817517
152 144.092588074
153 143.620233629
154 143.149992714
155 142.680864094
156 142.21435472
157 141.735302113
158 141.268792739
159 140.802691313
160 140.340377491
161 139.887053007
162 139.426780784
163 138.967214918
164 138.50419658
165 138.056776297
166 137.610930034
167 137.16868821
168 136.737009895
169 136.29578672
170 135.85340514
171 135.422057281
172 134.996138023
173 134.564476539
174 134.143591417
175 133.712243558
176 133.289205032
177 132.871736403
178 132.452912884
179 132.035444255
180 131.61886089
181 131.203873651
182 130.790242451
183 130.389242373
184 129.973982713
185 129.569885801
186 129.162469543
187 128.757976916
188 128.360774518
189 127.954314153
190 127.552489382
191 127.149114529
192 126.748705758
193 126.348303107
194 125.952577436
195 125.558855554
196 125.165255589
197 124.771850066
198 124.379031566
199 123.987483693
200 123.597658906
201 123.20783739
202 122.81809334
203 122.429968721
204 122.042167068
205 121.655235514
206 121.27086338
207 120.887357689
208 120.503877279
209 120.125635259
210 119.748572969
211 119.359972486
212 118.977207344
213 118.59726532
214 118.222399293
215 117.848547127
216 117.475999952
217 117.104200274
218 116.736490631
219 116.378592655
220 116.003381418
221 115.634921198
222 115.269145205
223 114.90387891
224 114.538735251
225 114.173686346
226 113.81054814
227 113.449481075
228 113.080071772
229 112.716933566
230 112.35408217
231 111.994509075
232 111.636216469
233 111.278159009
234 110.920469646
235 110.563307202
236 110.20811843
237 109.853095554
238 109.49928897
239 109.146817347
240 108.794549461
241 108.442481759
242 108.090902344
243 107.74009666
244 107.390447068
245 107.043331174
246 106.697584744
247 106.353606334
248 106.008233038
249 105.664326136
250 105.320558901
251 104.976794933
252 104.633258384
253 104.292795394
254 103.953758681
255 103.616355699
256 103.279138957
257 102.942460602
258 102.605465883
259 102.269974459
260 101.938102216
261 101.606243905
262 101.277402741
263 100.949423403
264 100.614762572
265 100.283843323
266 99.9530961768
267 99.6243771
268 99.2991080754
269 98.9645206541
270 98.63567949
271 98.3075899019
272 97.9805597058
273 97.6579806992
274 97.3298879427
275 97.0046189181
276 96.6796661362
277 96.3544835143
278 96.0295307324
279 95.7052876825
280 95.3816096496
281 95.059030643
282 94.7401008621
283 94.4214575522
284 94.1050523349
285 93.7886471271
286 93.4728216263
287 93.1580065713
288 92.8445174618
289 92.5312937182
290 92.2202527818
291 91.91085303
292 91.6002631326
293 91.2910137895
294 90.9821903952
295 90.6738826389
296 90.3662850874
297 90.0589064071
298 89.7520549488
299 89.4453772019
300 89.1394226095
301 88.8335365479
302 88.5280879356
303 88.2229320681
304 87.918006514
305 87.6142485532
306 87.3108262135
307 87.0077697084
308 86.7048369189
309 86.4030139522
310 86.1016762222
311 85.800020558
312 85.5005661331
313 85.2020528287
314 84.904377608
315 84.6071303338
316 84.3100663078
317 84.0134634406
318 83.719988856
319 83.4233859888
320 83.1295534211
321 82.8363004715
322 82.5431383309
323 82.2499058562
324 81.9567437156
325 81.664753742
326 81.3732130072
327 81.0821118595
328 80.7913584344
329 80.5037996335
330 80.2100025945
331 79.9213509408
332 79.6342184776
333 79.3472382306
334 79.0613238607
335 78.7778255691
336 78.4952263877
337 78.2139407902
338 77.9344010491
339 77.6562300555
340 77.3781916087
341 77.1006687674
342 76.8233052417
343 76.546193457
344 76.2699395977
345 75.9946795332
346 75.719786856
347 75.4451940762
348 75.1708599311
349 74.8966835894
350 74.6234480994
351 74.3505527215
352 74.077992394
353 73.8058469823
354 73.5337179707
355 73.2622946418
356 72.9916737668
357 72.7210793453
358 72.4507842636
359 72.181206539
360 71.9118989572
361 71.6427103804
362 71.3736808113
363 71.1050806823
364 70.836573605
365 70.5682892005
366 70.3000583036
367 70.0325399081
368 69.7659836286
369 69.5001405631
370 69.2343215968
371 68.9687504198
372 68.7032467278
373 68.4382444741
374 68.1734796452
375 67.9090031622
376 67.6445917477
377 67.3808499614
378 67.117143628
379 66.8534504824
380 66.590288696
381 66.3273426453
382 66.0644015192
383 65.8014973199
384 65.539276424
385 65.2771869976
386 65.0166594211
387 64.7566122295
388 64.4968946462
389 64.2379679206
390 63.9791168202
391 63.7202969809
392 63.4617626164
393 63.2038661144
394 62.9460310642
395 62.6891951102
396 62.4325750351
397 62.1768738238
398 61.9213264781
399 61.6672149525
400 61.4133848397
401 61.1600625931
402 60.9066743254
403 60.6533520788
404 60.4004533992
405 60.1478951105
406 59.8962766552
407 59.6449348062
408 59.3936975996
409 59.1426263847
410 58.8916079405
411 58.6415794296
412 58.3916551129
413 58.1422228966
414 57.8933376037
415 57.6445535793
416 57.3960750115
417 57.1477908947
418 56.8996643643
419 56.6518684748
420 56.4046159895
421 56.1574432434
422 55.9103346565
423 55.663806237
424 55.4166334908
425 55.1698384706
426 54.9233471067
427 54.6768720897
428 54.4304515674
429 54.1840794163
430 53.9378540985
431 53.6922069247
432 53.4467823123
433 53.2014580109
434 52.9562383056
435 52.7113554616
436 52.4671417257
437 52.2231729964
438 51.9803030732
439 51.7384040704
440 51.4976230994
441 51.2570234653
442 51.0172040194
443 50.7775674771
444 50.5384015391
445 50.2992613145
446 50.0611518858
447 49.8232597953
448 49.5863608672
449 49.3496176847
450 49.1130409037
451 48.8768329447
452 48.6408166984
453 48.403552708
454 48.1680544171
455 47.9330702819
456 47.6985966745
457 47.4648857978
458 47.2316710331
459 46.9984565086
460 46.7653371325
461 46.5328765212
462 46.3009842836
463 46.0701771203
464 45.8394929982
465 45.609034786
466 45.379134573
467 45.1498450454
468 44.9205952972
469 44.6915536122
470 44.4633484242
471 44.2354499519
472 44.0077142749
473 43.7808764382
474 43.5541509618
475 43.3276085718
476 43.1017494553
477 42.8761116439
478 42.6511701041
479 42.4278082761
480 42.2047685094
481 41.9818822257
482 41.7590781215
483 41.53645198
484 41.3138324869
485 41.0913425917
486 40.868899141
487 40.6466484812
488 40.4250867685
489 40.2041566742
490 39.9833500555
491 39.7627588152
492 39.542293462
493 39.3219560674
494 39.1019838831
495 38.8821314564
496 38.6628265797
497 38.4440890306
498 38.2253935559
499 38.0067903966
500 37.7884936233
501 37.5703511531
502 37.3523492467
503 37.1350625857
504 36.9184656041
505 36.7019663797
506 36.4857855293
507 36.2701338445
508 36.0546618098
509 35.8392885409
510 35.623927262
511 35.4086688331
512 35.1934261567
513 34.9783605852
514 34.7638072483
515 34.5498471915
516 34.3361614868
517 34.1230811432
518 33.9100765022
519 33.6973080139
520 33.4850767703
521 33.2736218226
522 33.0610884625
523 32.8496335147
524 32.6382910135
525 32.4269573473
526 32.2166311519
527 32.0069914712
528 31.7974660025
529 31.588229897
530 31.3790357724
531 31.1699268908
532 30.9608467335
533 30.7517867033
534 30.5427828856
535 30.3337976427
536 30.125154429
537 29.9171364044
538 29.7102880446
539 29.5036886252
540 29.2971054457
541 29.0905238525
542 28.8845529099
543 28.678664261
544 28.4727770405
545 28.2685539591
546 28.0647974274
547 27.8613005195
548 27.6593843685
549 27.4582670326
550 27.2583012201
551 27.0594851868
552 26.8609621491
553 26.662662268
554 26.4647145892
555 26.2671621416
556 26.0699874613
557 25.8728231345
558 25.6758823404
559 25.4790810381
560 25.2823542877
561 25.0856549225
562 24.8894488751
563 24.6939531521
564 24.4990526246
565 24.3047614269
566 24.1105752621
567 23.9165035623
568 23.7226278713
569 23.5288681229
570 23.3358851925
571 23.1430519942
572 22.9509007141
573 22.7587916618
574 22.5666940552
575 22.3754615336
576 22.1842669372
577 21.9934249391
578 21.8026229088
579 21.6128038799
580 21.423083498
581 21.2338780429
582 21.0448539246
583 20.8561116681
584 20.6679629177
585 20.4798732924
586 20.2918426987
587 20.1042003605
588 19.9171552236
589 19.7314817367
590 19.5461171538
591 19.3613901608
592 19.1773546251
593 18.9936571754
594 18.8102682006
595 18.6273238512
596 18.4447112588
597 18.262443425
598 18.0802954444
599 17.9002069063
600 17.7203767791
601 17.5411503616
602 17.3620224416
603 17.1830347819
604 17.0043322842
605 16.8258804232
606 16.6476357186
607 16.4693973315
608 16.2915708607
609 16.1138263293
610 15.9361436687
611 15.7595113914
612 15.5831666981
613 15.4077008312
614 15.2323055423
615 15.0571950743
616 14.8824952191
617 14.7078851393
618 14.5341254465
619 14.3606304598
620 14.1872409471
621 14.0141113883
622 13.8413077761
623 13.6689475247
624 13.496755661
625 13.3258423858
626 13.1555508122
627 12.9856547299
628 12.8157878224
629 12.6460480915
630 12.4766499393
631 12.3074601512
632 12.13840415
633 11.969490967
634 11.8015176992
635 11.6336210407
636 11.4670052112
637 11.3021568632
638 11.1375243103
639 10.9730348547
640 10.8085694472
641 10.644170175
642 10.4799623044
643 10.3158810977
644 10.1526344108
645 9.99037430131
646 9.82815894875
647 9.66599654922
648 9.50384050982
649 9.34253105247
650 9.18133640607
651 9.02155396227
652 8.86204197248
653 8.70416446459
654 8.54649999162
655 8.38899761746
656 8.23255476214
657 8.0762978293
658 7.92070042199
659 7.76554949814
660 7.61128893089
661 7.45714310157
662 7.30320305872
663 7.14937497049
664 6.99626139138
665 6.84318700121
666 6.69058820575
667 6.53902609396
668 6.38775098006
669 6.23814935804
670 6.08915097345
671 5.94032990392
672 5.7922223871
673 5.64669142787
674 5.50171267039
675 5.359656316
676 5.21818717068
677 5.07738248508
678 4.93858043294
679 4.80018951804
680 4.66220011609
681 4.525429497
682 4.38965767175
683 4.25408177219
684 4.11851861712
685 3.98336931995
686 3.84843249478
687 3.71375796289
688 3.57967823152
689 3.44738431119
690 3.3151352594
691 3.18360021018
692 3.05220472527
693 2.92140550067
694 2.79305703052
695 2.66522615061
696 2.53749981347
697 2.41369946059
698 2.29019021394
699 2.16691514485
700 2.04374534096
701 1.92084546116
702 1.79856072136
703 1.67680702454
704 1.555969767
705 1.43596398212
706 1.3167845353
707 1.20006194581
708 1.08400212716
709 0.973074885982
710 0.864829692265
711 0.762071398814
712 0.664079634887
713 0.567092863627
714 0.471340386553
715 0.376011735907
716 0.283982084033
717 0.193553243793
718 0.106506410342
719 0.0390404804456
720 0.0
