1 438.1665122
2 364.010138484
3 307.456712712
4 263.042329445
5 235.822143034
6 217.127516876
7 206.82319445
8 196.767954424
9 188.677236608
10 181.072298473
11 174.923158616
12 169.814912714
13 164.877112931
14 160.2489656
15 155.667903165
16 151.629433287
17 147.821110186
18 144.627189066
19 141.581568588
20 139.037750008
21 136.583519358
22 134.077591351
23 131.868395105
24 129.667460493
25 127.633864898
26 125.670105189
27 123.818940024
28 122.016395761
29 120.251518396
30 118.558486358
31 116.915184881
32 115.284152294
33 113.758356547
34 112.28362112
35 110.934680398
36 109.592376583
37 108.264408689
38 106.941464828
39 105.649365906
40 104.476277029
41 103.313539171
42 102.20961755
43 101.116201955
44 100.023161789
45 98.9719893836
46 97.9493791983
47 96.9779866668
48 96.0092237628
49 95.0584372874
50 94.1221272451
51 93.1938790061
52 92.2704166163
53 91.3713580031
54 90.4771182529
55 89.5868657196
56 88.7111049542
57 87.836333393
58 87.0000576393
59 86.1678822535
60 85.348661288
61 84.5446726718
62 83.7967672426
63 83.0434275787
64 82.3002006574
65 81.5960218661
66 80.8901744108
67 80.1844390852
68 79.4829375567
69 78.8025676227
70 78.1313030773
71 77.4739662844
72 76.8417070563
73 76.2136736484
74 75.5563368556
75 74.9240776275
76 74.301832125
77 73.6827074883
78 73.0797125987
79 72.5044504187
80 71.9360880171
81 71.3703433673
82 70.8111338701
83 70.2534344764
84 69.6984183951
85 69.1443209973
86 68.6062755099
87 68.0573450461
88 67.520195382
89 66.995075008
90 66.4845847561
91 65.9734122514
92 65.4650648382
93 64.9655029444
94 64.4705660486
95 63.9782566736
96 63.4876815072
97 63.0102215922
98 62.5364709955
99 62.0728092455
100 61.6132276299
101 61.1551624329
102 60.7028294628
103 60.2535904025
104 59.811139933
105 59.3860209085
106 58.9680986467
107 58.5505392991
108 58.1449414018
109 57.7401824035
110 57.344996969
111 56.9497322688
112 56.562721815
113 56.178052321
114 55.7985638802
115 55.4192413582
116 55.0426709025
117 54.6754861451
118 54.3101032548
119 53.9465900995
120 53.5848307193
121 53.2248076521
122 52.8704334165
123 52.5174121428
124 52.1656546464
125 51.8160952038
126 51.4688715457
127 51.1260348384
128 50.7878522577
129 50.450363673
130 50.1143255233
131 49.7785914856
132 49.4468870576
133 49.1173469053
134 48.7882148024
135 48.4603342552
136 48.1338593948
137 47.8079394495
138 47.4837659119
139 47.160200635
140 46.8389345198
141 46.5208638401
142 46.2065225451
143 45.8940752385
144 45.5833256779
145 45.2728865144
146 44.9651023254
147 44.6568893713
148 44.3531169673
149 44.0499848641
150 43.7480021299
151 43.4494593521
152 43.1520101087
153 42.8562326737
154 42.5648261051
155 42.2748199498
156 41.9901222458
157 41.7070299872
158 41.4252275164
159 41.145478924
160 40.8685540618
161 40.5949683091
162 40.3216530471
163 40.0494125492
164 39.7780246615
165 39.5066864236
166 39.2358506702
167 38.9652906919
168 38.6949652604
169 38.4247831056
170 38.1581853727
171 37.8880032179
172 37.6228037695
173 37.359549689
174 37.097099455
175 36.8363874557
176 36.57919407
177 36.322252487
178 36.0659126753
179 35.8103910322
180 35.5553602997
181 35.3010224122
182 35.0468364808
183 34.7944877809
184 34.5460529632
185 34.2987016042
186 34.0525281752
187 33.8072253651
188 33.5637677932
189 33.3230541613
190 33.0838064597
191 32.8447329642
192 32.6059907708
193 32.36930858
194 32.1341745016
195 31.8990992876
196 31.6643139024
197 31.4302292254
198 31.1963161032
199 30.9641310566
200 30.7325414368
201 30.502760485
202 30.2742229745
203 30.0466322203
204 29.8203644321
205 29.5941685932
206 29.368842705
207 29.1451701216
208 28.9273980499
209 28.7110375494
210 28.4947107848
211 28.2785427279
212 28.0627554719
213 27.8479627495
214 27.6343479628
215 27.4208968283
216 27.2079760433
217 26.9966356217
218 26.7860930143
219 26.5778613039
220 26.3708535798
221 26.1661077507
222 25.9625321734
223 25.7630064935
224 25.5635071775
225 25.3647341012
226 25.1682417278
227 24.9723884195
228 24.7775130554
229 24.5843555726
230 24.392120419
231 24.2013513011
232 24.0109969301
233 23.8209553156
234 23.6312634536
235 23.4417156736
236 23.2530500036
237 23.0652543822
238 22.8779372808
239 22.6910596244
240 22.5042090851
241 22.3176960658
242 22.1315928144
243 21.9455969689
244 21.7597760203
245 21.5755006145
246 21.3921118423
247 21.208814301
248 21.0270092315
249 20.8472550056
250 20.6685367547
251 20.4904015965
252 20.3124814123
253 20.1346039129
254 19.9569513986
255 19.7794246643
256 19.6022211359
257 19.4266635317
258 19.2513024497
259 19.0763384935
260 18.9016866858
261 18.7270658626
262 18.5525309808
263 18.3788296465
264 18.206268274
265 18.0344710623
266 17.864068376
267 17.6941826895
268 17.5247065348
269 17.3562908585
270 17.1880330954
271 17.0200575877
272 16.8522942397
273 16.6850559584
274 16.5179104409
275 16.3512931526
276 16.1862264863
277 16.0223718545
278 15.858851147
279 15.6972834647
280 15.5362482667
281 15.3755103803
282 15.215938495
283 15.0565472795
284 14.8972511341
285 14.73824853
286 14.5793118124
287 14.420520874
288 14.2619788417
289 14.1035659925
290 13.9464166304
291 13.7893775806
292 13.6335077403
293 13.4781397621
294 13.3259055901
295 13.1749063305
296 13.0249968118
297 12.8761124529
298 12.7275128693
299 12.5792737394
300 12.4316224984
301 12.2854231671
302 12.1407846278
303 11.9967132967
304 11.8527145125
305 11.7095264872
306 11.5663631468
307 11.4237858213
308 11.2817591362
309 11.1415173372
310 11.0013309937
311 10.8626113981
312 10.7244521762
313 10.5867169751
314 10.4493595222
315 10.3124745337
316 10.1773912747
317 10.0426589016
318 9.90820338622
319 9.77415337072
320 9.64080696482
321 9.5076433413
322 9.37530167395
323 9.24326697899
324 9.11238528036
325 8.98157179328
326 8.85176202411
327 8.7231518607
328 8.5945542683
329 8.46618110689
330 8.33873047196
331 8.21264841196
332 8.08757746519
333 7.96269526406
334 7.83827895199
335 7.71389281584
336 7.58993059254
337 7.46600098744
338 7.34215467853
339 7.21891583469
340 7.09506952578
341 6.97327334144
342 6.85411392007
343 6.73505853803
344 6.61764902315
345 6.50030656369
346 6.38330453201
347 6.26632825587
348 6.15071548575
349 6.03680088403
350 5.9230440189
351 5.81070647512
352 5.7000433002
353 5.58969407874
354 5.47977274364
355 5.37062266866
356 5.26176750083
357 5.15355212752
358 5.04720814803
359 4.9416594275
360 4.83635530888
361 4.73192245535
362 4.62815522761
363 4.52521204532
364 4.42296565301
365 4.32107283399
366 4.21952890188
367 4.11908425544
368 4.01998259751
369 3.92240252532
370 3.82495604757
371 3.72843713385
372 3.63226265045
373 3.53648519258
374 3.44097536074
375 3.34595343164
376 3.25266140483
377 3.1594521717
378 3.06776652966
379 2.97781860672
380 2.88840718085
381 2.80009670077
382 2.71212616217
383 2.62455449593
384 2.5370000748
385 2.44975827304
386 2.36631735203
387 2.28318820564
388 2.20152672954
389 2.11989253465
390 2.03848442832
391 1.95769651507
392 1.87731691806
393 1.79742252079
394 1.71874715623
395 1.6405431757
396 1.56272782346
397 1.48570407532
398 1.40878791447
399 1.3350962857
400 1.26293077727
401 1.19096095738
402 1.12061736011
403 1.05117153567
404 0.98177916684
405 0.913470422827
406 0.845424209038
407 0.777668779693
408 0.712077935303
409 0.648959698373
410 0.586156570107
411 0.525196817494
412 0.464773699904
413 0.406528297919
414 0.355218458019
415 0.306170306101
416 0.258860938104
417 0.212023954146
418 0.165657798513
419 0.120571316156
420 0.0763357727828
421 0.0339380954005
422 0.0
