1 859.735841905
2 765.405956911
3 708.651218985
4 668.827151758
5 631.814623478
6 603.208634841
7 578.430196009
8 553.823085919
9 532.889978123
10 513.965456419
11 498.38519087
12 484.881774719
13 471.322026808
14 457.806188511
15 446.564082848
16 436.030811315
17 426.423342302
18 417.374502978
19 408.733929509
20 400.640083114
21 393.89868355
22 388.113000226
23 382.360892341
24 377.050088545
25 371.780156718
26 366.814482898
27 361.959592098
28 357.125209249
29 352.357234169
30 347.814725805
31 343.630431795
32 339.682993609
33 336.088675021
34 332.542261626
35 329.2180127
36 326.631257369
37 324.052806151
38 321.615252618
39 319.245964408
40 316.949281971
41 314.723891396
42 312.697227769
43 310.736065589
44 308.859608618
45 307.028148077
46 305.20564769
47 303.416852274
48 301.693177837
49 300.050505378
50 298.44274538
51 296.897716883
52 295.363457567
53 293.83458987
54 292.309750767
55 290.794428134
56 289.289622595
57 287.790743777
58 286.316768215
59 284.851913095
60 283.388949664
61 281.958313193
62 280.528805063
63 279.10328855
64 277.679189166
65 276.276391095
66 274.883717665
67 273.493384087
68 272.11303349
69 270.737541674
70 269.375936922
71 268.038102277
72 266.705058793
73 265.394037465
74 264.087872286
75 262.782072641
76 261.494291368
77 260.226530708
78 258.965564839
79 257.722180625
80 256.509007856
81 255.276374782
82 254.045819065
83 252.843253857
84 251.641685466
85 250.446610994
86 249.252456099
87 248.054124803
88 246.863414742
89 245.677645168
90 244.514561681
91 243.376226357
92 242.256167375
93 241.124868484
94 239.994082273
95 238.863926046
96 237.747666426
97 236.616508889
98 235.500249269
99 234.403440956
100 233.309274643
101 232.212571189
102 231.118404877
103 230.027139062
104 228.944957745
105 227.87342808
106 226.806555503
107 225.740356251
108 224.679640161
109 223.615596275
110 222.564404241
111 221.523450145
112 220.487528586
113 219.462010168
114 218.463837834
115 217.444235053
116 216.446062718
117 215.449561768
118 214.455762298
119 213.477967609
120 212.502707665
121 211.527879658
122 210.566419374
123 209.609895806
124 208.654583143
125 207.704036761
126 206.754448144
127 205.825545821
128 204.90201094
129 203.978583088
130 203.055048206
131 202.135767789
132 201.225311042
133 200.320981934
134 199.420606334
135 198.523761708
136 197.643213886
137 196.738884779
138 195.852752047
139 194.96941481
140 194.083282078
141 193.200441404
142 192.325957236
143 191.442075137
144 190.561949624
145 189.685500586
146 188.815206115
147 187.946408105
148 187.095351351
149 186.239944856
150 185.386035689
151 184.534048361
152 183.684069967
153 182.839664296
154 181.9993325
155 181.147003427
156 180.330443297
157 179.513841665
158 178.697281536
159 177.887331827
160 177.078460853
161 176.276593196
162 175.476200419
163 174.673917471
164 173.873524694
165 173.075883548
166 172.278429495
167 171.481504332
168 170.685485972
169 169.891112076
170 169.097999256
171 168.308365831
172 167.519180278
173 166.731076048
174 165.943283202
175 165.169353983
176 164.39683905
177 163.625611583
178 162.856440609
179 162.091258846
180 161.330636478
181 160.572166912
182 159.815098146
183 159.061197763
184 158.309431691
185 157.55885581
186 156.816709699
187 156.062809316
188 155.320387867
189 154.578031064
190 153.836196458
191 153.095009501
192 152.353528288
193 151.613484062
194 150.88620325
195 150.135585656
196 149.396775243
197 148.666931698
198 147.944504503
199 147.223810957
200 146.504549479
201 145.785792617
202 145.067152847
203 144.353796953
204 143.641836846
205 142.930037852
206 142.223500317
207 141.515580758
208 140.808145189
209 140.101801417
210 139.401435324
211 138.702325608
212 138.006547415
213 137.311786402
214 136.617526485
215 135.934498328
216 135.235268796
217 134.544308473
218 133.856746614
219 133.172304777
220 132.488125635
221 131.804145633
222 131.121376184
223 130.436475569
224 129.753706121
225 129.072369651
226 128.392191176
227 127.71325657
228 127.035114256
229 126.363491794
230 125.693915178
231 125.037023036
232 124.370495319
233 123.706884495
234 123.032640934
235 122.368344676
236 121.705063985
237 121.0458776
238 120.388300023
239 119.730938465
240 119.074822661
241 118.42140403
242 117.768600823
243 117.116120352
244 116.464394976
245 115.813356765
246 115.16421193
247 114.518011444
248 113.872239751
249 113.227366486
250 112.583074431
251 111.939184783
252 111.295583653
253 110.652988152
254 110.012186722
255 109.376097976
256 108.740730093
257 108.105809003
258 107.471189218
259 106.837160874
260 106.203175212
261 105.569388219
262 104.938357714
263 104.307983244
264 103.678345077
265 103.054567591
266 102.433349911
267 101.81325732
268 101.194993205
269 100.578531115
270 99.9631283686
271 99.3499617639
272 98.7385403134
273 98.1275381584
274 97.5166868367
275 96.9079719812
276 96.2993047048
277 95.6919096373
278 95.0862195547
279 94.480864593
280 93.8759302333
281 93.2728489234
282 92.6689270366
283 92.0658457266
284 91.4629624372
285 90.8612383113
286 90.2595629768
287 89.6596877739
288 89.0599656071
289 88.4654179634
290 87.8719955778
291 87.2789458793
292 86.687317033
293 86.0961780356
294 85.5072800287
295 84.9189873748
296 84.3318748756
297 83.7449057038
298 83.1584989855
299 82.5724698659
300 81.9890424838
301 81.4057412495
302 80.8243958749
303 80.24590141
304 79.6631375202
305 79.0833700073
306 78.5059324337
307 77.9303292437
308 77.3547429632
309 76.7812377761
310 76.2082906046
311 75.6409962262
312 75.0761020971
313 74.5143972828
314 73.9583163968
315 73.4050712926
316 72.8528438825
317 72.3030209149
318 71.7534829632
319 71.2064333076
320 70.6599662941
321 70.1139514259
322 69.5687318106
323 69.0237946502
324 68.4805245034
325 67.9376423714
326 67.3949467217
327 66.8558266669
328 66.3167694168
329 65.7781375968
330 65.2400924571
331 64.7042809034
332 64.1691122272
333 63.6339955145
334 63.1000428251
335 62.5668440706
336 62.0358294044
337 61.5062296091
338 60.9778650508
339 60.4476042115
340 59.9192396532
341 59.3917414131
342 58.865322575
343 58.34288158
344 57.8211347116
345 57.3010086041
346 56.7820675094
347 56.2635430442
348 55.7458109762
349 55.2297658614
350 54.7138827834
351 54.1989792543
352 53.684444897
353 53.1719002948
354 52.66177351
355 52.1530058742
356 51.6454928599
357 51.1395299242
358 50.6342269039
359 50.1291841247
360 49.6252954003
361 49.1228610078
362 48.6205617233
363 48.1182859229
364 47.6161673474
365 47.1156475971
366 46.6168073025
367 46.1205801603
368 45.6276174873
369 45.1351064112
370 44.64353741
371 44.1523727355
372 43.6635208804
373 43.1766646793
374 42.689888205
375 42.2046752239
376 41.7198092348
377 41.2359504258
378 40.753154041
379 40.2707411995
380 39.7902245719
381 39.3102846242
382 38.8341475019
383 38.3623682777
384 37.8923507698
385 37.4224885711
386 36.9529588247
387 36.4847681353
388 36.0189488124
389 35.5532595659
390 35.0888844131
391 34.6250266074
392 34.1614968349
393 33.6987350361
394 33.2370494717
395 32.7754551238
396 32.3139207251
397 31.8547693101
398 31.3967164543
399 30.9401746592
400 30.4847201371
401 30.0308007344
402 29.5769762298
403 29.1285273693
404 28.6805111687
405 28.2362630683
406 27.792557466
407 27.3519872219
408 26.9122078577
409 26.472819639
410 26.0367994813
411 25.6017276841
412 25.1688890721
413 24.7364974799
414 24.3042811328
415 23.8747939095
416 23.4454348461
417 23.017712759
418 22.5916645028
419 22.1661290176
420 21.742446582
421 21.3192634383
422 20.896679489
423 20.4751617067
424 20.0558000671
425 19.6369340209
426 19.2191256608
427 18.8035483814
428 18.3901774431
429 17.9804083762
430 17.5725975462
431 17.165277884
432 16.7624533719
433 16.359900749
434 15.9581677473
435 15.5577769644
436 15.1585950422
437 14.7619182354
438 14.3664367911
439 13.9761334836
440 13.5875352055
441 13.2000656444
442 12.8126178157
443 12.4265262844
444 12.0429974747
445 11.6599211586
446 11.2776833418
447 10.896193152
448 10.5179336459
449 10.145261743
450 9.77452152943
451 9.40437995636
452 9.03658126763
453 8.67122645631
454 8.30711547058
455 7.94624386094
456 7.58640928761
457 7.22960387432
458 6.87280251913
459 6.51948320893
460 6.16629949861
461 5.82156765875
462 5.47711930487
463 5.13371231313
464 4.79823569422
465 4.46368303752
466 4.13311686885
467 3.80794119603
468 3.48769615095
469 3.16880090729
470 2.84990600723
471 2.53340537187
472 2.21799848928
473 1.90891990957
474 1.60685672971
475 1.31432445736
476 1.02587812431
477 0.748942458389
478 0.484300667648
479 0.225174156888
480 0.0
