1 569.894622739
2 478.466773169
3 404.257992855
4 362.333804099
5 321.94011625
6 300.955392173
7 289.708839002
8 282.275817664
9 275.682271362
10 270.065755974
11 264.844475559
12 260.14162134
13 255.649417634
14 251.210520988
15 247.132798988
16 243.246522791
17 239.574370564
18 236.033093631
19 232.900643073
20 230.142465308
21 227.455029491
22 224.932106957
23 222.546769718
24 220.281878454
25 218.055633175
26 215.881203158
27 213.798593596
28 211.752661112
29 209.74743609
30 207.905701424
31 206.064104263
32 204.299484879
33 202.588854312
34 200.907051773
35 199.336434786
36 197.711293232
37 196.140676245
38 194.646756406
39 193.219255353
40 191.758349379
41 190.361940078
42 189.060213531
43 187.771145805
44 186.520843258
45 185.21249876
46 183.981564852
47 182.762142343
48 181.565517457
49 180.389728419
50 179.232551244
51 178.073450119
52 176.916272944
53 175.833718337
54 174.751643017
55 173.670148463
56 172.613708036
57 171.597089122
58 170.58661478
59 169.584311018
60 168.594851105
61 167.610579885
62 166.635835898
63 165.687169724
64 164.752700347
65 163.822611394
66 162.902842892
67 162.018626656
68 161.136875981
69 160.257517428
70 159.379399662
71 158.502777495
72 157.627290136
73 156.75955745
74 155.91911218
75 155.080075298
76 154.244867686
77 153.410495477
78 152.581434835
79 151.756942911
80 150.953335168
81 150.157642424
82 149.37687556
83 148.597346847
84 147.838175881
85 147.09015562
86 146.353758105
87 145.623052959
88 144.899928326
89 144.183372737
90 143.486792969
91 142.788180055
92 142.092656185
93 141.396076417
94 140.702128732
95 140.023425546
96 139.356552836
97 138.698593071
98 138.049954391
99 137.409591707
100 136.758328512
101 136.113834014
102 135.470596122
103 134.828994372
104 134.188631687
105 133.54866876
106 132.909955047
107 132.274812945
108 131.642178423
109 131.017160464
110 130.406067043
111 129.780209385
112 129.169115964
113 128.56453072
114 127.960967714
115 127.357688807
116 126.758559288
117 126.166004021
118 125.574214972
119 124.988650889
120 124.407018694
121 123.823739639
122 123.237432838
123 122.665621677
124 122.101571332
125 121.545158993
126 120.989560468
127 120.436739033
128 119.88561994
129 119.335973457
130 118.786643706
131 118.255311939
132 117.713694718
133 117.178668514
134 116.644146862
135 116.117785147
136 115.596383901
137 115.072330126
138 114.55724205
139 114.047254902
140 113.54095279
141 113.041905371
142 112.546188577
143 112.054253398
144 111.562708837
145 111.075328572
146 110.590134406
147 110.108355738
148 109.627508963
149 109.148113844
150 108.679050977
151 108.211884185
152 107.744846896
153 107.284420788
154 106.824193288
155 106.364638847
156 105.905544896
157 105.447168778
158 104.99200533
159 104.53800993
160 104.085606403
161 103.64114151
162 103.19036426
163 102.740074958
164 102.291933487
165 101.839730654
166 101.395265762
167 100.953351926
168 100.512552888
169 100.072148958
170 99.6320568388
171 99.196599177
172 98.7638718748
173 98.325291139
174 97.8996592168
175 97.4779246192
176 97.0543637096
177 96.6309099457
178 96.208899654
179 95.7924325989
180 95.3783208294
181 94.964291849
182 94.5527683732
183 94.1428281637
184 93.7348685182
185 93.3283566562
186 92.9229409941
187 92.5188135377
188 92.1151842113
189 91.7140977357
190 91.3159517881
191 90.9192454004
192 90.5247735804
193 90.1310793475
194 89.7400246505
195 89.3494591468
196 88.9607967141
197 88.5721486637
198 88.1839395631
199 87.7985151892
200 87.4135855498
201 87.0290244113
202 86.6449201387
203 86.2617075638
204 85.8801142273
205 85.501685496
206 85.1240876736
207 84.746890843
208 84.3697807881
209 83.9933881813
210 83.6170327918
211 83.2407930024
212 82.8656463124
213 82.4913823515
214 82.1189715718
215 81.7524127898
216 81.3843651684
217 81.0178063865
218 80.6509572666
219 80.2863903371
220 79.9218446122
221 79.5575317689
222 79.1960451177
223 78.8348393069
224 78.4739746075
225 78.1132823579
226 77.7547098169
227 77.3964657285
228 77.0388349641
229 76.68373382
230 76.3310543097
231 75.9785441882
232 75.6272194523
233 75.276112543
234 74.9250879228
235 74.5741870223
236 74.2243341701
237 73.8752424274
238 73.5268231986
239 73.1783386116
240 72.8305326063
241 72.4847328875
242 72.1392653929
243 71.7878351395
244 71.441772213
245 71.096081352
246 70.7514016182
247 70.4068605752
248 70.0642931654
249 69.7229831842
250 69.3848834466
251 69.04244819
252 68.7011382088
253 68.3630384712
254 68.0252669653
255 67.6875599808
256 67.3499678966
257 67.0131513178
258 66.6775821431
259 66.3445658628
260 66.0120679206
261 65.6801721613
262 65.351802024
263 65.0199062648
264 64.691627487
265 64.3598697335
266 64.0315909558
267 63.7027753935
268 63.3761151356
269 63.0498326236
270 62.7241522697
271 62.3993070918
272 62.0745852644
273 61.7510712494
274 61.4275604347
275 61.1048938128
276 60.7826425334
277 60.4610106475
278 60.1395443779
279 59.8200279593
280 59.5023871523
281 59.1854218114
282 58.8691653056
283 58.5544839033
284 58.2414831823
285 57.9296868029
286 57.6190673272
287 57.3100194815
288 57.0019251108
289 56.6949204753
290 56.3881500904
291 56.0821440018
292 55.7766819576
293 55.4713732524
294 55.1670780046
295 54.8630643193
296 54.5596272689
297 54.2575990058
298 53.9560292356
299 53.6565005561
300 53.3574073908
301 53.0586136551
302 52.7599462996
303 52.4625748259
304 52.1661341248
305 51.8718673698
306 51.5783645875
307 51.2859694214
308 50.9941434576
309 50.7026473974
310 50.4112211611
311 50.1199267167
312 49.8287094785
313 49.5380200348
314 49.2492679616
315 48.9616042986
316 48.6744638855
317 48.3873548727
318 48.1006945968
319 47.8146007159
320 47.5293643324
321 47.2441460784
322 46.9601445285
323 46.6762753234
324 46.3937881972
325 46.1115512156
326 45.8298037682
327 45.5503591513
328 45.2714450983
329 44.9928794874
330 44.7151851041
331 44.4377289106
332 44.1600345273
333 43.883263936
334 43.6070857423
335 43.3311732168
336 43.0554471242
337 42.7812246661
338 42.5072582086
339 42.2337442232
340 41.9611389667
341 41.6919091086
342 41.4214312627
343 41.1522014046
344 40.8837260039
345 40.6162426654
346 40.3503131182
347 40.0847447905
348 39.8197217808
349 39.5551258205
350 39.2906774734
351 39.027017905
352 38.7636361006
353 38.5010305033
354 38.2389090329
355 37.9769036657
356 37.7150693322
357 37.4540599514
358 37.1932362784
359 36.9330768921
360 36.6739018215
361 36.4157352177
362 36.1581188307
363 35.900584594
364 35.6438326513
365 35.3877858619
366 35.133012891
367 34.8769661015
368 34.6216866541
369 34.3685112532
370 34.1159702471
371 33.8635728291
372 33.6120682729
373 33.3611900557
374 33.1103947638
375 32.8598319071
376 32.6092847539
377 32.3594099687
378 32.1104371756
379 31.8625915635
380 31.6148190503
381 31.3674965677
382 31.1223175606
383 30.8771958864
384 30.6324752743
385 30.3896256273
386 30.1476970389
387 29.9066299922
388 29.6659483447
389 29.4268603447
390 29.1881410788
391 28.9508424425
392 28.7146501933
393 28.4784916273
394 28.2423387784
395 28.0062807827
396 27.7706290335
397 27.5351959292
398 27.3005345759
399 27.06946607
400 26.8391861033
401 26.6115888887
402 26.3839989905
403 26.1573674158
404 25.9307581665
405 25.7041668588
406 25.4780733907
407 25.2523267186
408 25.0268059902
409 24.8017274371
410 24.5769304516
411 24.3522965577
412 24.1287607158
413 23.9053042398
414 23.6821673125
415 23.4596003952
416 23.2373542513
417 23.0151663199
418 22.7943826125
419 22.5736667516
420 22.3536570319
421 22.1343016281
422 21.9150600839
423 21.6966537343
424 21.4782622985
425 21.2609180981
426 21.0442437533
427 20.8277351656
428 20.611729187
429 20.3957638303
430 20.1798378877
431 19.964043409
432 19.7483681
433 19.533115174
434 19.3183945351
435 19.106232415
436 18.8942742516
437 18.682343749
438 18.4705037572
439 18.2586792223
440 18.0476201346
441 17.8367028843
442 17.6259573158
443 17.4159104894
444 17.206017619
445 16.996156957
446 16.7873770031
447 16.5808269214
448 16.3747874944
449 16.1687637078
450 15.9627404669
451 15.7578031871
452 15.5530531872
453 15.349019689
454 15.1450362909
455 14.9410919831
456 14.7372523935
457 14.5341813306
458 14.3328647596
459 14.1321479593
460 13.9323239044
461 13.7345758563
462 13.5378316316
463 13.3417537802
464 13.1472420951
465 12.9530406637
466 12.7588624144
467 12.5650936298
468 12.3719268398
469 12.1793090796
470 11.9867523514
471 11.7945236575
472 11.60299415
473 11.4117266989
474 11.2206127731
475 11.0301310298
476 10.8397983993
477 10.6511180269
478 10.4628556334
479 10.2750009448
480 10.0875252673
481 9.90009606126
482 9.71365614861
483 9.52721701707
484 9.34081865498
485 9.1548731365
486 8.96916366264
487 8.78348467134
488 8.59788413328
489 8.41306370126
490 8.22842677228
491 8.0443793919
492 7.86091155386
493 7.67814990454
494 7.49623523428
495 7.31523566196
496 7.1343934204
497 6.95700101613
498 6.78060390035
499 6.60516146425
500 6.43052291701
501 6.25610255118
502 6.08297787329
503 5.91036667006
504 5.73854430565
505 5.56675039025
506 5.39562128259
507 5.22502434063
508 5.05676547801
509 4.88956672957
510 4.72330792544
511 4.56098184601
512 4.39873087069
513 4.23654283719
514 4.07604838668
515 3.91560216938
516 3.75517234771
517 3.59555358138
518 3.43950677224
519 3.28469881374
520 3.13103185013
521 2.97760586875
522 2.82438298421
523 2.6750924711
524 2.52739807915
525 2.37985658226
526 2.2340987685
527 2.09133279012
528 1.94953363107
529 1.81283706582
530 1.67705427279
531 1.54310663617
532 1.40971822038
533 1.27644820593
534 1.14412728594
535 1.01289096186
536 0.882519190625
537 0.752274030488
538 0.622135938035
539 0.504192137706
540 0.392306774603
541 0.281830622505
542 0.172017929602
543 0.074632331673
544 0.0
