1 422.262308144
2 281.44284863
3 222.882081335
4 206.091753476
5 195.414444952
6 188.561251395
7 183.616618861
8 178.838737879
9 174.782511994
10 170.84047196
11 167.449187487
12 164.265152718
13 161.216708905
14 158.197758089
15 155.802738657
16 153.445243946
17 151.113715334
18 149.066694597
19 147.084619269
20 145.169152994
21 143.291151944
22 141.428010945
23 139.621226027
24 137.828041654
25 136.246902317
26 134.706966135
27 133.265123476
28 131.92093476
29 130.577774163
30 129.261767033
31 127.956546247
32 126.735482356
33 125.531164066
34 124.340937519
35 123.168775266
36 122.109626057
37 121.060386581
38 120.024149347
39 118.997707301
40 117.974654551
41 116.978916278
42 116.004517886
43 115.032876983
44 114.086165571
45 113.197231109
46 112.311291756
47 111.428077613
48 110.563479878
49 109.734380278
50 108.91454849
51 108.08544889
52 107.302750974
53 106.536079944
54 105.780187325
55 105.024294975
56 104.274219229
57 103.519063999
58 102.792937671
59 102.085349806
60 101.384340804
61 100.693732311
62 100.012894061
63 99.3222800916
64 98.6415341183
65 97.9819317198
66 97.3093112
67 96.6458424161
68 95.9867646141
69 95.3300227529
70 94.6847407578
71 94.0615167079
72 93.4389840897
73 92.8322986874
74 92.2336480097
75 91.6408265521
76 91.0623558644
77 90.4695344068
78 89.8952658946
79 89.3251592689
80 88.7676107956
81 88.2054085664
82 87.6512086499
83 87.0977441194
84 86.5499689978
85 86.0063783635
86 85.4675359502
87 84.9333935631
88 84.4000663344
89 83.8689367398
90 83.3441014862
91 82.8286146624
92 82.3149963618
93 81.8036113732
94 81.3008083103
95 80.798716824
96 80.2991706127
97 79.7999669223
98 79.3027904251
99 78.8035867348
100 78.3138654401
101 77.8258911961
102 77.3438125642
103 76.8621871467
104 76.3806593256
105 75.9057707621
106 75.435353146
107 74.9697409911
108 74.5138627341
109 74.0607258351
110 73.6091524802
111 73.1575906304
112 72.7085724264
113 72.2601052551
114 71.8166539496
115 71.3752296682
116 70.9348566689
117 70.4934323876
118 70.0534848902
119 69.6152144113
120 69.1802242677
121 68.7452819922
122 68.3123674976
123 67.8813460637
124 67.4524510191
125 67.0268228048
126 66.604642854
127 66.1824847028
128 65.7653248109
129 65.3496389875
130 64.9365563395
131 64.5249278904
132 64.1140412861
133 63.707780209
134 63.3032861146
135 62.9041393555
136 62.5035438601
137 62.1070497476
138 61.7122014038
139 61.3215602491
140 60.9328988137
141 60.5447367747
142 60.1638697762
143 59.7831169888
144 59.4025477762
145 59.0225051218
146 58.6462755715
147 58.2708844011
148 57.8984670104
149 57.5305534846
150 57.1627176522
151 56.7969099592
152 56.4345868297
153 56.0725966063
154 55.7114443483
155 55.3510960254
156 54.9907864824
157 54.6328487349
158 54.2764660609
159 53.9205384458
160 53.5669513317
161 53.2141117503
162 52.8633524947
163 52.5126963216
164 52.1711652166
165 51.8322677215
166 51.4938159833
167 51.1560127143
168 50.8188630723
169 50.4822531684
170 50.1460030598
171 49.8109320044
172 49.4767276837
173 49.1437196694
174 48.815100572
175 48.4909126521
176 48.1671262547
177 47.8441164999
178 47.5225088176
179 47.2014150513
180 46.8818310304
181 46.5630154049
182 46.2443626112
183 45.9259353821
184 45.6078143252
185 45.2897817838
186 44.971902776
187 44.6557300289
188 44.3422473538
189 44.0288740983
190 43.7155727262
191 43.4030515933
192 43.0916056238
193 42.7840256531
194 42.4723232859
195 42.1646001204
196 41.8575810251
197 41.5529961509
198 41.2485982658
199 40.9447281313
200 40.6411337644
201 40.3377848163
202 40.0362625306
203 39.7349882012
204 39.4348565545
205 39.1353956568
206 38.8364681193
207 38.5381401279
208 38.240881173
209 37.945129573
210 37.6494929498
211 37.3575045172
212 37.0657811351
213 36.7755431313
214 36.4861624526
215 36.19721604
216 35.9088260923
217 35.6206046098
218 35.3325514186
219 35.0453054929
220 34.7586461296
221 34.4731703192
222 34.1879526358
223 33.903992939
224 33.6215730796
225 33.3417735441
226 33.0633544676
227 32.7853598355
228 32.5081794749
229 32.2311802267
230 31.9544276449
231 31.6779738001
232 31.4024793046
233 31.1274603825
234 30.8557935176
235 30.5859053269
236 30.3168138628
237 30.0490428456
238 29.7846750716
239 29.5206561235
240 29.2567198215
241 28.9933684082
242 28.7304491921
243 28.4675496597
244 28.2057906806
245 27.9445230955
246 27.6833116995
247 27.422383727
248 27.1617566837
249 26.9026775506
250 26.6437469061
251 26.3854210386
252 26.1273980634
253 25.8694943702
254 25.6131121072
255 25.3597113558
256 25.1063278195
257 24.8547161633
258 24.6032053907
259 24.3521313005
260 24.101435174
261 23.8538058463
262 23.6062731329
263 23.3594457711
264 23.1153377442
265 22.8725363788
266 22.6302915319
267 22.3883327556
268 22.1464046877
269 21.9065797921
270 21.6676294215
271 21.4296246953
272 21.1916597289
273 20.9545610441
274 20.7175312022
275 20.4813952422
276 20.2456287623
277 20.010055086
278 19.7757946588
279 19.5416892698
280 19.3078017674
281 19.0740416944
282 18.8430382342
283 18.612136818
284 18.3815658485
285 18.1515316711
286 17.9227685732
287 17.6941166891
288 17.4659450892
289 17.2381733728
290 17.0107389291
291 16.7835166631
292 16.556538574
293 16.3296413376
294 16.1027989014
295 15.876850599
296 15.6510121294
297 15.4253485337
298 15.2053665078
299 14.9854416965
300 14.7655958656
301 14.5469098524
302 14.3298494369
303 14.1136236331
304 13.9005301948
305 13.6874397296
306 13.4743795005
307 13.2619094149
308 13.049782846
309 12.8379955472
310 12.6263044056
311 12.4152723733
312 12.2050466988
313 11.9958879144
314 11.7874094769
315 11.5799924037
316 11.3728216611
317 11.1662188474
318 10.9609517926
319 10.7560203225
320 10.55183528
321 10.3484265703
322 10.1482770962
323 9.94877820826
324 9.75007941477
325 9.55309552453
326 9.35635988714
327 9.16048885745
328 8.96609236287
329 8.77373335888
330 8.58147548339
331 8.39026556015
332 8.20013042734
333 8.01013809252
334 7.82152061813
335 7.63366573102
336 7.4471509931
337 7.26188824249
338 7.07694588444
339 6.89209358971
340 6.70812818931
341 6.52494475309
342 6.3425006371
343 6.16266998654
344 5.98558627939
345 5.8096312502
346 5.63631478855
347 5.46384381283
348 5.29347461757
349 5.12314740723
350 4.95471147503
351 4.78821394359
352 4.62343174264
353 4.46210594286
354 4.30129659286
355 4.1432790229
356 3.98539540697
357 3.82820716845
358 3.67233494458
359 3.52022235265
360 3.36964721075
361 3.21966051237
362 3.07046713421
363 2.92320840244
364 2.77596970699
365 2.62898666605
366 2.48320655001
367 2.34309970832
368 2.20531543367
369 2.06894511136
370 1.93322730046
371 1.8023443143
372 1.67206861268
373 1.54314586818
374 1.41673386007
375 1.29177854864
376 1.1670404527
377 1.04248723355
378 0.919828420357
379 0.797216179836
380 0.677213601042
381 0.563148128976
382 0.451049441262
383 0.346554771213
384 0.24404515028
385 0.159155687889
386 0.0921083669375
387 0.0369403621874
388 0.0
