1 668.254362892
2 597.497305073
3 545.06105792
4 505.490957829
5 480.276925863
6 454.560954498
7 432.035843463
8 412.955643968
9 398.284743454
10 384.691846708
11 372.867056318
12 361.763647765
13 354.319860039
14 347.16586238
15 340.18478257
16 333.502066725
17 326.62551437
18 320.069473168
19 314.015753894
20 308.598622591
21 303.189343656
22 298.302687955
23 293.657506279
24 289.600871055
25 285.958546337
26 282.489741358
27 279.22777721
28 276.038358876
29 273.057968662
30 270.075998882
31 267.118577983
32 264.522576423
33 261.887622291
34 259.439069032
35 257.079935931
36 254.8802479
37 252.696249295
38 250.580213228
39 248.422116859
40 246.306080792
41 244.237154994
42 242.231225561
43 240.248349601
44 238.348026563
45 236.579550703
46 234.86166059
47 233.272586258
48 231.690898944
49 230.151024594
50 228.615400541
51 227.102710916
52 225.620979168
53 224.187782877
54 222.773857676
55 221.360314607
56 219.960349487
57 218.551894251
58 217.175011082
59 215.834788697
60 214.497862578
61 213.16851177
62 211.851116601
63 210.572712189
64 209.272665163
65 208.016192815
66 206.80178173
67 205.5664443
68 204.370652291
69 203.228610923
70 202.103606992
71 200.983729407
72 199.889969
73 198.803216735
74 197.720165695
75 196.648286676
76 195.578842822
77 194.519027208
78 193.471101327
79 192.439436844
80 191.425846424
81 190.407107934
82 189.400312972
83 188.412569148
84 187.447622496
85 186.494303498
86 185.554655191
87 184.623747247
88 183.700154791
89 182.7873773
90 181.877069743
91 180.971741575
92 180.068222278
93 179.166409918
94 178.286006583
95 177.396687957
96 176.51497488
97 175.633873559
98 174.752817185
99 173.875076486
100 173.001222382
101 172.138362348
102 171.267198771
103 170.412534658
104 169.570885
105 168.721532637
106 167.889354242
107 167.060336374
108 166.233337541
109 165.406997036
110 164.590645078
111 163.781745964
112 162.977192033
113 162.177276996
114 161.384865408
115 160.597212457
116 159.811020593
117 159.027518788
118 158.247688966
119 157.472704827
120 156.7101236
121 155.953476124
122 155.200272896
123 154.460859951
124 153.724910637
125 152.9923273
126 152.259746035
127 151.530678942
128 150.805556225
129 150.082487722
130 149.362513621
131 148.647085947
132 147.941642047
133 147.226584575
134 146.521140675
135 145.817625043
136 145.116943089
137 144.417643586
138 143.718479083
139 143.02103977
140 142.326085311
141 141.638761112
142 140.952556191
143 140.269734802
144 139.591688461
145 138.914637655
146 138.243108604
147 137.575365612
148 136.907846969
149 136.250799876
150 135.593613838
151 134.936566745
152 134.281914783
153 133.628617945
154 132.978267922
155 132.329616933
156 131.681175883
157 131.032800707
158 130.385741132
159 129.739862289
160 129.098576383
161 128.459126452
162 127.82237522
163 127.187983179
164 126.561411796
165 125.925122562
166 125.298018637
167 124.67333131
168 124.049889617
169 123.426524846
170 122.806682247
171 122.18772646
172 121.573801
173 120.954845213
174 120.343790594
175 119.741668899
176 119.142215046
177 118.536765622
178 117.936685318
179 117.336769289
180 116.738278279
181 116.139995652
182 115.542103415
183 114.945370368
184 114.355400157
185 113.766973224
186 113.18058352
187 112.594959623
188 112.015295611
189 111.437005348
190 110.858893704
191 110.282858758
192 109.708895749
193 109.139131509
194 108.569486555
195 108.001004033
196 107.43331084
197 106.867757112
198 106.30495814
199 105.745326338
200 105.185882152
201 104.627105651
202 104.07018793
203 103.515980324
204 102.961823816
205 102.409527266
206 101.853642843
207 101.301346292
208 100.760695412
209 100.212325515
210 99.6659384297
211 99.1221689642
212 98.5705484511
213 98.0306586885
214 97.4917556687
215 96.9531739507
216 96.420022742
217 95.8896131786
218 95.3627685878
219 94.8378573913
220 94.3136269315
221 93.7912238332
222 93.2724154861
223 92.7563393765
224 92.2414471278
225 91.7301926425
226 91.2204044423
227 90.7115367334
228 90.20648915
229 89.7023349487
230 89.1982263713
231 88.695588102
232 88.1938367351
233 87.6957337345
234 87.2001447098
235 86.7056006413
236 86.2118301126
237 85.7187349259
238 85.2296381761
239 84.7409812869
240 84.2534401831
241 83.7660339153
242 83.2800195124
243 82.7974165687
244 82.3170299972
245 81.8370757261
246 81.3575533279
247 80.8782461746
248 80.4002273118
249 79.9233477644
250 79.449229792
251 78.9756349135
252 78.5045579995
253 78.0380921944
254 77.5746202493
255 77.1123905926
256 76.6504088151
257 76.1888659211
258 75.7292509243
259 75.2704554924
260 74.8119513015
261 74.3534525141
262 73.8955114752
263 73.438011577
264 72.9811001336
265 72.5282963585
266 72.0756729534
267 71.6231094832
268 71.1708853331
269 70.7194191181
270 70.2692437889
271 69.8191470197
272 69.3697919807
273 68.9205469253
274 68.4713828247
275 68.0250132867
276 67.5805408425
277 67.1362867262
278 66.6928469637
279 66.2504595218
280 65.809591634
281 65.3690489256
282 64.9286988088
283 64.4896888955
284 64.051227637
285 63.6143848952
286 63.1784734382
287 62.7431533383
288 62.3096510581
289 61.8766528194
290 61.4439372219
291 61.0117203415
292 60.5795435653
293 60.1481102528
294 59.7180010893
295 59.2966429059
296 58.8754320041
297 58.4547917363
298 58.0350516327
299 57.6191817403
300 57.2040403663
301 56.7920242515
302 56.3810375976
303 55.9721029316
304 55.5632332764
305 55.1550211709
306 54.7470023328
307 54.3393544192
308 53.9337731672
309 53.5261252535
310 53.1202280251
311 52.716532137
312 52.3132855724
313 51.9101497657
314 51.5082455968
315 51.1066694119
316 50.7054284591
317 50.3046502866
318 49.9039563412
319 49.5090850469
320 49.1145163744
321 48.7230896083
322 48.3327685907
323 47.9424619024
324 47.5524111514
325 47.1637318045
326 46.7775114576
327 46.3915095998
328 46.0055483377
329 45.6199949238
330 45.2351152058
331 44.8510714203
332 44.4671092046
333 44.0837985704
334 43.702329682
335 43.3210958962
336 42.9404284991
337 42.5609058997
338 42.1820674466
339 41.8032683785
340 41.4251842726
341 41.0472039207
342 40.6695209642
343 40.2935340313
344 39.9179155736
345 39.5423910529
346 39.1669627815
347 38.7924582714
348 38.4202210898
349 38.0483617505
350 37.6774101749
351 37.3075760577
352 36.9388945048
353 36.5704008817
354 36.2034535966
355 35.838280712
356 35.4732212291
357 35.1083754106
358 34.7436702884
359 34.3813710633
360 34.0191967622
361 33.6576038508
362 33.2976682334
363 32.937883703
364 32.5782767023
365 32.2190777048
366 31.8614659935
367 31.5047477061
368 31.1488104809
369 30.7929728968
370 30.4387814933
371 30.0869474952
372 29.7368335114
373 29.3868213898
374 29.0378335349
375 28.6895197342
376 28.3444702507
377 28.0009193498
378 27.657505539
379 27.3155408123
380 26.9741250499
381 26.6335180041
382 26.2957473322
383 25.9580810848
384 25.6212413798
385 25.2851578925
386 24.9518177639
387 24.62139063
388 24.2910088118
389 23.9606869908
390 23.6305333183
391 23.3013348499
392 22.972741464
393 22.6485384528
394 22.32629753
395 22.0044268195
396 21.6832691841
397 21.3639122366
398 21.0451792211
399 20.7266632358
400 20.4082296096
401 20.0923189776
402 19.7781897697
403 19.4655417685
404 19.1531722256
405 18.8419090277
406 18.5314362521
407 18.2238461067
408 17.9163446133
409 17.6101321103
410 17.3042897141
411 16.9997373372
412 16.6991571322
413 16.3988182975
414 16.0992295062
415 15.8005934811
416 15.5038279916
417 15.2099164006
418 14.9161732713
419 14.6234969433
420 14.3314688223
421 14.0401594422
422 13.7488842306
423 13.4585923514
424 13.1689929615
425 12.8800345465
426 12.5937377428
427 12.3087615721
428 12.0240804008
429 11.7401603043
430 11.4570953492
431 11.1745903593
432 10.8963983892
433 10.6184949023
434 10.3408036451
435 10.0634910203
436 9.78701414345
437 9.51478914262
438 9.24264780511
439 8.97468316746
440 8.7096152839
441 8.44549970518
442 8.18197142355
443 7.92442399092
444 7.66960371514
445 7.41864991791
446 7.17017351406
447 6.92181640663
448 6.67584526286
449 6.43025368574
450 6.18625127678
451 5.94251843633
452 5.69922578786
453 5.45848156197
454 5.21946560449
455 4.98215958163
456 4.74920308274
457 4.51756289393
458 4.29322534298
459 4.06983955108
460 3.84679122536
461 3.62475232851
462 3.40554060812
463 3.18861148479
464 2.97362388805
465 2.76323128612
466 2.55288403949
467 2.34327148484
468 2.13782617531
469 1.93472329013
470 1.74100902927
471 1.54945582199
472 1.3596820456
473 1.17175343025
474 0.987540033455
475 0.810632334237
476 0.635041779827
477 0.467059198259
478 0.299912382034
479 0.134551352113
480 0.0
