1 416.777887999
2 341.272914164
3 290.364899171
4 258.726214077
5 240.207734506
6 224.165725008
7 211.725772777
8 199.678836216
9 190.329479079
10 182.53131828
11 176.144529013
12 170.252047039
13 165.375694956
14 161.08431191
15 157.073743909
16 153.57089621
17 150.368706874
18 147.321209133
19 144.507447448
20 141.724658559
21 139.007916867
22 136.312139972
23 133.75536112
24 131.514799397
25 129.344731746
26 127.203044191
27 125.097064252
28 123.002499934
29 121.084178106
30 119.332174072
31 117.641162286
32 116.048811824
33 114.460326622
34 113.052027046
35 111.676878256
36 110.317489283
37 109.029031534
38 107.77944809
39 106.541981935
40 105.311626473
41 104.099233293
42 102.89889608
43 101.757146288
44 100.762431813
45 99.7782977027
46 98.7932773126
47 97.8340118233
48 96.921050496
49 96.016284571
50 95.1129731008
51 94.2370975727
52 93.4073118341
53 92.5974282131
54 91.7951088482
55 91.0181320713
56 90.2470656187
57 89.4806442841
58 88.7174619674
59 87.9553430572
60 87.2004308934
61 86.4590235765
62 85.7346622315
63 85.0044611352
64 84.2847065703
65 83.6274458845
66 82.9742767492
67 82.3193262488
68 81.6695306529
69 81.0209835641
70 80.3752997528
71 79.7436385365
72 79.1259114327
73 78.5206474954
74 77.9199363445
75 77.3258553701
76 76.7385242238
77 76.1612468199
78 75.5936352067
79 75.0286138303
80 74.4708676819
81 73.9156167581
82 73.3723978676
83 72.831848864
84 72.2966400886
85 71.7534211981
86 71.2195467063
87 70.6875677973
88 70.1721010735
89 69.6567880639
90 69.1449117444
91 68.6347459651
92 68.1279727081
93 67.6242360859
94 67.1266601422
95 66.6297428616
96 66.1338984173
97 65.6430309977
98 65.1548509847
99 64.6830556878
100 64.2257842069
101 63.7697423075
102 63.3137131496
103 62.8619233897
104 62.4109103069
105 61.960426418
106 61.5118382616
107 61.0726176893
108 60.6336791852
109 60.1987903263
110 59.7734933144
111 59.3442420491
112 58.9189450373
113 58.4981241125
114 58.081446056
115 57.6727609438
116 57.2678517977
117 56.863066819
118 56.4584959242
119 56.0502169402
120 55.6453077941
121 55.2438169237
122 54.8423850054
123 54.4424934826
124 54.0513247151
125 53.6632907812
126 53.2783749434
127 52.8984560253
128 52.5259870511
129 52.1544129027
130 51.783255767
131 51.4180434687
132 51.0561219257
133 50.6970142964
134 50.3393859148
135 49.9848506465
136 49.6311504218
137 49.2788940449
138 48.9299984862
139 48.5837431328
140 48.2405722256
141 47.8976215394
142 47.55946515
143 47.2226068069
144 46.8863936958
145 46.5520504272
146 46.2202112031
147 45.8893194489
148 45.5621202211
149 45.2363562564
150 44.9112590778
151 44.5877662436
152 44.267586626
153 43.9495405989
154 43.6279063037
155 43.3098602766
156 42.991949367
157 42.6758194942
158 42.3599709427
159 42.0468837734
160 41.7348834697
161 41.4339924984
162 41.1337287222
163 40.8379426776
164 40.5428830961
165 40.251435122
166 39.9599843905
167 39.6726989815
168 39.3859950893
169 39.1014600218
170 38.8212854636
171 38.544771363
172 38.2714065849
173 38.0007385573
174 37.7321408883
175 37.4656528386
176 37.2011978128
177 36.9368338824
178 36.6727013135
179 36.4107308485
180 36.149238553
181 35.8924776485
182 35.6361705987
183 35.3816443697
184 35.1273324135
185 34.8731171525
186 34.6191167682
187 34.365551986
188 34.1122881419
189 33.8594915066
190 33.6075252955
191 33.3569899099
192 33.1071058895
193 32.8592508645
194 32.6132441522
195 32.367414414
196 32.1217234956
197 31.8783410802
198 31.6352478726
199 31.3937449466
200 31.1538534571
201 30.9143114285
202 30.6766871509
203 30.4402336461
204 30.2078407447
205 29.9717340887
206 29.7393411873
207 29.5074439098
208 29.2762593054
209 29.0451443544
210 28.814802967
211 28.5857065579
212 28.3566991586
213 28.1289289925
214 27.9030181262
215 27.6773765919
216 27.4518421624
217 27.2264480886
218 27.0019137763
219 26.7774764807
220 26.5562029893
221 26.3353216866
222 26.1147625584
223 25.8954532256
224 25.6765643397
225 25.4579599916
226 25.2394751664
227 25.0225165352
228 24.8060984702
229 24.5899383117
230 24.3751889877
231 24.1607656795
232 23.9470913639
233 23.7343012081
234 23.5221702591
235 23.311493058
236 23.1011505704
237 22.8908872268
238 22.6808156573
239 22.4711713146
240 22.2622556669
241 22.0566444727
242 21.8515781457
243 21.6465592717
244 21.4429726176
245 21.2394717914
246 21.0366256118
247 20.834804285
248 20.6332564737
249 20.4343049831
250 20.2386891747
251 20.0431380344
252 19.8481539931
253 19.6535034294
254 19.459284255
255 19.2672674326
256 19.0755663859
257 18.8854666049
258 18.696464052
259 18.5082197829
260 18.3203036301
261 18.1323963158
262 17.9447215774
263 17.7575695074
264 17.5707529304
265 17.3850552503
266 17.2009245371
267 17.0181073957
268 16.8375615165
269 16.6581269968
270 16.4795349577
271 16.3012180811
272 16.1229217069
273 15.9456383172
274 15.7688084486
275 15.5930306869
276 15.4181088846
277 15.2435619289
278 15.0693074076
279 14.8954943081
280 14.7238477225
281 14.5530925027
282 14.3824213146
283 14.2128152197
284 14.0444546877
285 13.8770144805
286 13.709747539
287 13.543456839
288 13.3772020722
289 13.2135468651
290 13.0504631218
291 12.8897321808
292 12.7293177594
293 12.5690208729
294 12.4086064516
295 12.2489480713
296 12.0898283838
297 11.9317412263
298 11.774517606
299 11.6183840659
300 11.4630647834
301 11.3091937735
302 11.1553273626
303 11.0020788211
304 10.8490943481
305 10.6976955295
306 10.5467175858
307 10.3958158073
308 10.2467818499
309 10.0979440907
310 9.9504014261
311 9.80480312705
312 9.65978164243
313 9.51694996771
314 9.37419212161
315 9.23148780399
316 9.08891364031
317 8.9490051822
318 8.80922396827
319 8.67064787086
320 8.53228150172
321 8.39410258043
322 8.25608124295
323 8.11894321425
324 7.9824907333
325 7.84635990931
326 7.71186972627
327 7.57826091188
328 7.44552472348
329 7.31325266938
330 7.1820488146
331 7.05213319192
332 6.92253616358
333 6.79409448196
334 6.66587799341
335 6.53779760082
336 6.41004244311
337 6.28268074769
338 6.15687240259
339 6.03172646701
340 5.90682476628
341 5.78203729893
342 5.6595974894
343 5.5375815313
344 5.41646844485
345 5.29544645648
346 5.17650410681
347 5.05768831248
348 4.93910706618
349 4.82090769655
350 4.70346435643
351 4.58671851176
352 4.47019114097
353 4.35531169313
354 4.24051831895
355 4.12828860319
356 4.01660672944
357 3.90634025849
358 3.79780020653
359 3.68952790106
360 3.58208771049
361 3.4759152052
362 3.37441539511
363 3.27320615565
364 3.17438680796
365 3.07726532482
366 2.98190384114
367 2.88672634829
368 2.7932654346
369 2.70214007223
370 2.61255117877
371 2.52304091231
372 2.43398074434
373 2.3483007101
374 2.26305053606
375 2.17799152823
376 2.09397298851
377 2.01091103729
378 1.92864855611
379 1.84657619259
380 1.76509532059
381 1.68505176806
382 1.60523019165
383 1.5267989199
384 1.44864529039
385 1.37111606606
386 1.29550246345
387 1.22033407631
388 1.14556094802
389 1.07104513847
390 0.997910379698
391 0.924785611926
392 0.852609125061
393 0.781166348828
394 0.710127587164
395 0.639525389551
396 0.569942608773
397 0.50980596862
398 0.450478594439
399 0.391562236284
400 0.334117782525
401 0.278300618922
402 0.228615983844
403 0.180192433295
404 0.136051877213
405 0.0946634178504
406 0.0552199262777
407 0.0181836619944
408 0.0
