1 597.415426666
2 527.746931083
3 481.166968901
4 443.8854914
5 420.500184054
6 400.066085418
7 382.158065785
8 364.678980464
9 348.235105222
10 334.953142556
11 323.289419181
12 312.783593859
13 303.607591843
14 295.420839461
15 287.942493403
16 280.724999879
17 274.749434243
18 268.9667381
19 263.513493878
20 258.141962365
21 252.836179524
22 247.680273989
23 243.386164441
24 239.416313498
25 236.088286679
26 232.922186199
27 229.653881571
28 226.781808101
29 224.530782278
30 222.327869249
31 220.128001812
32 218.052511836
33 215.982283101
34 213.977030608
35 212.076388633
36 210.229005813
37 208.425618821
38 206.626204193
39 204.878740082
40 203.135098154
41 201.4253648
42 199.762541751
43 198.171313303
44 196.613984289
45 195.129921654
46 193.662304239
47 192.201906557
48 190.80199773
49 189.418804584
50 188.046855459
51 186.741802894
52 185.436960508
53 184.141339711
54 182.870719915
55 181.606653469
56 180.345421343
57 179.16308689
58 178.018201008
59 176.897664095
60 175.806662404
61 174.730141571
62 173.666799296
63 172.614171073
64 171.56484386
65 170.535307069
66 169.516489795
67 168.491167801
68 167.471535759
69 166.454329286
70 165.476651983
71 164.503736026
72 163.539181194
73 162.575628259
74 161.627722575
75 160.689404207
76 159.765194888
77 158.886539215
78 158.002574512
79 157.123918838
80 156.248817535
81 155.390514724
82 154.517469768
83 153.642368464
84 152.792217098
85 151.933599709
86 151.087997263
87 150.272970246
88 149.45819994
89 148.656213884
90 147.846967103
91 147.040253042
92 146.237908044
93 145.442356803
94 144.647448588
95 143.857937854
96 143.072528951
97 142.295966613
98 141.522191112
99 140.750170937
100 139.992204696
101 139.239293966
102 138.491287711
103 137.746121702
104 136.996775665
105 136.256365647
106 135.521514878
107 134.805471115
108 134.091645697
109 133.378248999
110 132.668543144
111 131.959040201
112 131.256001459
113 130.556223087
114 129.868197449
115 129.186450718
116 128.511093607
117 127.83995809
118 127.173262848
119 126.50773617
120 125.846963695
121 125.190620316
122 124.544140053
123 123.898184141
124 123.255500965
125 122.618973553
126 121.984773382
127 121.35291887
128 120.733856008
129 120.10449765
130 119.475478307
131 118.851016643
132 118.228376016
133 117.618635764
134 117.016157528
135 116.415181293
136 115.816154084
137 115.220291476
138 114.62606234
139 114.033925167
140 113.442489708
141 112.865344808
142 112.276651481
143 111.690596241
144 111.108514213
145 110.528034788
146 109.956219387
147 109.384528191
148 108.813902002
149 108.25281143
150 107.695479836
151 107.143546062
152 106.593850964
153 106.044877518
154 105.496427209
155 104.949003343
156 104.408895974
157 103.8565562
158 103.311335283
159 102.768348019
160 102.225668636
161 101.689124596
162 101.14390368
163 100.605309811
164 100.068504424
165 99.5328719496
166 98.9992075472
167 98.4666156552
168 97.9359310277
169 97.4055560897
170 96.87541081
171 96.3571884371
172 95.8407875168
173 95.3256117232
174 94.8111365508
175 94.2967226486
176 93.7826204841
177 93.2688160791
178 92.7570340824
179 92.2461007646
180 91.7352382206
181 91.2248332991
182 90.7185251492
183 90.2137313428
184 89.7107462022
185 89.2098227094
186 88.7094998429
187 88.2098908275
188 87.7106091404
189 87.2135929247
190 86.7176048906
191 86.2219705291
192 85.7271083619
193 85.2311203279
194 84.7354859664
195 84.2471329455
196 83.7606206027
197 83.2749089241
198 82.7903208474
199 82.3071911008
200 81.8244941691
201 81.3440353131
202 80.8685664518
203 80.3943064594
204 79.9278634504
205 79.4675167586
206 79.0080422245
207 78.5495601545
208 78.0914668203
209 77.6342032875
210 77.1771921037
211 76.7207137246
212 76.2650343695
213 75.816250532
214 75.3688307214
215 74.9222192815
216 74.476423862
217 74.032993635
218 73.5900056396
219 73.147332427
220 72.7050886956
221 72.2644020177
222 71.8252113275
223 71.3867088591
224 70.9522606409
225 70.518513594
226 70.0851751672
227 69.6525924772
228 69.2213541836
229 68.7911160627
230 68.3608916139
231 67.9320874149
232 67.5038764737
233 67.0760951014
234 66.6489457928
235 66.2221687709
236 65.7956976863
237 65.3720828636
238 64.9497153481
239 64.5298771949
240 64.1100902872
241 63.6913720627
242 63.2733867373
243 62.8560723875
244 62.4392750766
245 62.0246982219
246 61.6105272695
247 61.1963614643
248 60.7834393947
249 60.3739507579
250 59.964570055
251 59.5553138266
252 59.1476941905
253 58.7403745632
254 58.3342852953
255 57.9282449708
256 57.5234963039
257 57.1192899273
258 56.7151676542
259 56.3119119724
260 55.9105908908
261 55.5094621462
262 55.1087206437
263 54.708011316
264 54.3081484457
265 53.9087526775
266 53.509768245
267 53.1108184862
268 52.7150395389
269 52.3193641498
270 51.9251524664
271 51.5325824245
272 51.1403717837
273 50.7483468607
274 50.3576284395
275 49.9690693065
276 49.5809806663
277 49.193280119
278 48.805828413
279 48.4210643867
280 48.0373102878
281 47.6556571275
282 47.2744005185
283 46.893365619
284 46.5133856029
285 46.1335978535
286 45.7550197686
287 45.376908557
288 45.0002178557
289 44.6236765224
290 44.2475685706
291 43.872358981
292 43.4974295894
293 43.1227997896
294 42.7481941144
295 42.378826544
296 42.0132595363
297 41.644775802
298 41.2792087943
299 40.9141234268
300 40.5502590096
301 40.1875855861
302 39.8249461587
303 39.4640869909
304 39.1035924424
305 38.7461800344
306 38.3889550631
307 38.0323702999
308 37.6764084529
309 37.3216646353
310 36.9670839332
311 36.6134582518
312 36.2620296217
313 35.9122133087
314 35.5650113135
315 35.2184206175
316 34.8751009196
317 34.5322515405
318 34.1894783468
319 33.8471893378
320 33.5051910899
321 33.1651575655
322 32.8255837479
323 32.4889530158
324 32.1525789049
325 31.8162369634
326 31.4808061668
327 31.1464791097
328 30.8125495464
329 30.4787924543
330 30.1474003598
331 29.8161617557
332 29.4892007391
333 29.162499291
334 28.8365630256
335 28.5115613047
336 28.186692954
337 27.8624900725
338 27.5384153093
339 27.2166283433
340 26.8965623128
341 26.5774881848
342 26.2588617853
343 25.9407628453
344 25.6232150454
345 25.3059282971
346 24.9921779743
347 24.6786178085
348 24.3665385953
349 24.0546437237
350 23.7455858771
351 23.4366265193
352 23.1281882022
353 22.8205272841
354 22.5129041402
355 22.2056715312
356 21.8993506748
357 21.5931744316
358 21.288353046
359 20.9849870646
360 20.6820054343
361 20.3806382256
362 20.0827165598
363 19.7863166028
364 19.4921986748
365 19.2005300684
366 18.9091579269
367 18.6180202879
368 18.3271256794
369 18.0364991882
370 17.7458893104
371 17.4554962057
372 17.1677775737
373 16.8805056959
374 16.59493646
375 16.310106742
376 16.0280945362
377 15.7466722955
378 15.4676955999
379 15.1889950111
380 14.9104551771
381 14.6336723914
382 14.3569755897
383 14.0836145985
384 13.8106324603
385 13.5393786346
386 13.2687878192
387 12.9993496017
388 12.7300937746
389 12.4611777979
390 12.192596704
391 11.9242115507
392 11.6561603352
393 11.3902600928
394 11.1257631764
395 10.8619924614
396 10.5985369706
397 10.3350972788
398 10.0718501141
399 9.80886644307
400 9.54641809852
401 9.2859691028
402 9.02568932098
403 8.76573729427
404 8.5067565213
405 8.25020007574
406 7.99624371786
407 7.74684053528
408 7.49767240944
409 7.24877099931
410 7.00427289691
411 6.76065665461
412 6.51793939174
413 6.27722258252
414 6.04253091071
415 5.80951051378
416 5.57750286181
417 5.3483580152
418 5.12188261213
419 4.8962932671
420 4.67096661736
421 4.44917682752
422 4.22770076104
423 4.00692516661
424 3.79176809204
425 3.57808210222
426 3.36725468628
427 3.16255078853
428 2.9608804412
429 2.76132722424
430 2.56343911907
431 2.37049902965
432 2.17762341462
433 1.98983828186
434 1.8029894595
435 1.61827553756
436 1.43980268958
437 1.26290097029
438 1.09380779471
439 0.925266047125
440 0.760347108188
441 0.599089658992
442 0.442327043094
443 0.290943458105
444 0.144265871358
445 0.0
