1 458.206647614
2 306.265106745
3 245.706649145
4 224.855387665
5 213.739558359
6 204.224673451
7 197.640288368
8 192.747865104
9 188.943597939
10 185.629810322
11 182.444758702
12 179.27194197
13 176.247210859
14 173.322145401
15 170.772808574
16 168.360886239
17 166.024095686
18 164.124399158
19 162.390472535
20 160.741501493
21 159.134710827
22 157.565044955
23 155.995843594
24 154.442611042
25 152.900968895
26 151.347736343
27 149.868242712
28 148.396746139
29 146.929944207
30 145.557001921
31 144.187112731
32 142.824203044
33 141.473162824
34 140.140765864
35 138.818424086
36 137.535254314
37 136.280666838
38 135.040054209
39 133.828723581
40 132.63669303
41 131.44496195
42 130.284314463
43 129.127142892
44 127.98750991
45 126.952383555
46 125.871030916
47 124.840812034
48 123.862866217
49 122.891172834
50 121.913227017
51 120.942487845
52 119.9800025
53 119.036304347
54 118.102873214
55 117.184424251
56 116.268275865
57 115.366650992
58 114.465637184
59 113.56471277
60 112.692276434
61 111.792380641
62 110.919944305
63 110.059099938
64 109.213613768
65 108.372677733
66 107.540412537
67 106.701053225
68 105.912799959
69 105.09350478
70 104.311798993
71 103.566724261
72 102.828584398
73 102.100394436
74 101.390154454
75 100.682309942
76 99.9796093028
77 99.2969082141
78 98.6057314301
79 97.9164451083
80 97.2317642419
81 96.5490631532
82 95.875848715
83 95.2335977202
84 94.5913947493
85 93.9519299221
86 93.3223865072
87 92.6946688865
88 92.0651254717
89 91.4584998044
90 90.8524747589
91 90.2504484359
92 89.6476407604
93 89.0466575763
94 88.4593356803
95 87.872677967
96 87.2853560711
97 86.7068874871
98 86.1180205846
99 85.5358088799
100 84.9548850133
101 84.389000467
102 83.8245057917
103 83.2634858999
104 82.717229987
105 82.1718358203
106 81.6319295491
107 81.1042992898
108 80.5811843954
109 80.0723452018
110 79.5680649349
111 79.0683120047
112 78.5799029447
113 78.0962967821
114 77.6163372104
115 77.1424085577
116 76.6655231785
117 76.1954252426
118 75.7279796543
119 75.2620142453
120 74.7976109979
121 74.3335256862
122 73.8779727798
123 73.4260477851
124 72.9768416649
125 72.5349431346
126 72.093046894
127 71.6511483637
128 71.210250009
129 70.7724998324
130 70.3348396247
131 69.8972547101
132 69.4633861009
133 69.0333864804
134 68.6038993196
135 68.179220523
136 67.7552183024
137 67.3315931924
138 66.9081312988
139 66.4849230962
140 66.0618587498
141 65.6415921783
142 65.2216957372
143 64.8030562668
144 64.3851448662
145 63.9685453679
146 63.5530293898
147 63.1388307814
148 62.7256267261
149 62.3148018262
150 61.903985265
151 61.5071553724
152 61.1151764628
153 60.7257325537
154 60.3371642547
155 59.9490714023
156 59.5635649556
157 59.1795433778
158 58.7961607683
159 58.4149272883
160 58.0342937737
161 57.6549098455
162 57.2793295356
163 56.901601197
164 56.5256081906
165 56.1505265392
166 55.7773832949
167 55.406232368
168 55.0353106598
169 54.6676133627
170 54.3000444457
171 53.9325461059
172 53.5660099005
173 53.1995660825
174 52.8331363988
175 52.4689648719
176 52.1048110869
177 51.7407153228
178 51.3785131483
179 51.0178816592
180 50.6598793194
181 50.3034899124
182 49.9497882753
183 49.5967963105
184 49.2441624761
185 48.8933638412
186 48.5463067868
187 48.2000927467
188 47.8540629356
189 47.5094312189
190 47.1699534561
191 46.83606075
192 46.5038289047
193 46.1724754236
194 45.8425690701
195 45.5138282282
196 45.1893516661
197 44.8665557732
198 44.5437670958
199 44.2210828757
200 43.8984146179
201 43.5757303979
202 43.2537682559
203 42.9383961811
204 42.6239804619
205 42.3100047878
206 41.9977674388
207 41.6857124979
208 41.37619642
209 41.0669133365
210 40.7614933706
211 40.4561092595
212 40.1527260553
213 39.8496142621
214 39.5505833393
215 39.2519619565
216 38.9535757193
217 38.6552209101
218 38.3571725194
219 38.0591988803
220 37.7614306874
221 37.464836903
222 37.1697539796
223 36.8769914864
224 36.5862871655
225 36.2962837562
226 36.0087371921
227 35.7221189199
228 35.4360536624
229 35.1503889651
230 34.865569429
231 34.5812598035
232 34.2980749599
233 34.0156035686
234 33.7332722735
235 33.4533684312
236 33.1756059002
237 32.8988996825
238 32.6242276497
239 32.3498590544
240 32.077670919
241 31.8090292265
242 31.5362772636
243 31.2676812885
244 30.998641942
245 30.7303410574
246 30.4611671098
247 30.194695027
248 29.9282441266
249 29.662046719
250 29.3958677328
251 29.1299058521
252 28.8645479689
253 28.5993049617
254 28.3355345059
255 28.0720074046
256 27.8085579537
257 27.5456615275
258 27.2833135127
259 27.0221575992
260 26.7620829326
261 26.5027575278
262 26.2437611349
263 25.9850688508
264 25.7269111942
265 25.4694804235
266 25.2151946098
267 24.9614766082
268 24.7093966145
269 24.4588921681
270 24.2092793835
271 23.9637570607
272 23.71535892
273 23.4704797748
274 23.2257930351
275 22.9813777465
276 22.7373494335
277 22.4957291398
278 22.2547019877
279 22.0150249169
280 21.776027238
281 21.5376683003
282 21.3002947203
283 21.0640148624
284 20.8293819149
285 20.5950466476
286 20.3608932368
287 20.1269148318
288 19.8936485964
289 19.6612516476
290 19.4299436547
291 19.1989050025
292 18.9684701301
293 18.7381875056
294 18.5085174327
295 18.279036696
296 18.0497817427
297 17.8208750899
298 17.5928554296
299 17.3653936265
300 17.1380658537
301 16.9117091572
302 16.6872781318
303 16.4630453517
304 16.2394009443
305 16.0164424343
306 15.7937001104
307 15.572582285
308 15.3535817079
309 15.1355411406
310 14.9193586499
311 14.7049776384
312 14.4909614106
313 14.2782552112
314 14.065942823
315 13.8538418192
316 13.6420213799
317 13.430729708
318 13.219807628
319 13.0096825005
320 12.8012562978
321 12.5950485039
322 12.3892688156
323 12.1837266013
324 11.9782198625
325 11.7743387204
326 11.5705577804
327 11.367074167
328 11.1636713287
329 10.960505964
330 10.7580563766
331 10.5566740786
332 10.3565802441
333 10.156829127
334 9.95708298678
335 9.75804624697
336 9.55906288296
337 9.36105069234
338 9.16314273933
339 8.96692800091
340 8.77157850809
341 8.57632494297
342 8.38118399266
343 8.18696961519
344 7.99372337265
345 7.80055722589
346 7.61287262171
347 7.42578072217
348 7.23915602106
349 7.05258115443
350 6.86695143253
351 6.68163626458
352 6.49681515557
353 6.31223683161
354 6.1294919953
355 5.94803415321
356 5.76741627078
357 5.58740069755
358 5.40791571448
359 5.22859522413
360 5.05093962649
361 4.8753554916
362 4.70052758333
363 4.52658700973
364 4.35283226431
365 4.18017233765
366 4.00983504932
367 3.84048440396
368 3.67346325238
369 3.50740894585
370 3.34232022026
371 3.17761534791
372 3.01371420124
373 2.85207704583
374 2.69068702318
375 2.52935338495
376 2.36802706479
377 2.20762677769
378 2.04882355545
379 1.89088053164
380 1.73756359944
381 1.58490626371
382 1.4329397061
383 1.28112741178
384 1.13487552972
385 0.989112293986
386 0.844399173666
387 0.710210140682
388 0.576948877448
389 0.447158527236
390 0.325037691443
391 0.216772184529
392 0.136170539045
393 0.0620985243981
394 0.0
