1 525.306040345
2 314.294875915
3 262.091854067
4 226.835178658
5 194.811251123
6 184.800691729
7 177.628235782
8 170.764584175
9 165.112420986
10 160.261388808
11 155.850621102
12 151.837555725
13 148.052994031
14 144.517665024
15 141.132070593
16 137.979005796
17 134.921579023
18 132.338075785
19 129.871709819
20 127.436182531
21 125.067340944
22 122.804027179
23 120.790966048
24 118.896237565
25 117.067968992
26 115.255118143
27 113.592484213
28 111.973355587
29 110.39510202
30 108.855630196
31 107.418807888
32 106.143024106
33 104.865114648
34 103.619334051
35 102.370365855
36 101.15168189
37 99.9721157585
38 98.8586353642
39 97.7959408856
40 96.8076513939
41 95.8490887754
42 94.9043217008
43 93.9633496797
44 93.0765776416
45 92.1595136267
46 91.323442351
47 90.5250359151
48 89.7279799685
49 88.9396354181
50 88.1667726835
51 87.394293137
52 86.6268620211
53 85.8769138733
54 85.1475229139
55 84.4496554659
56 83.7752284049
57 83.1029230505
58 82.4393568038
59 81.7659978124
60 81.1024315657
61 80.4566887525
62 79.8118900504
63 79.1917699905
64 78.5806922028
65 77.9753700821
66 77.3707727237
67 76.7867683709
68 76.214924815
69 75.6529640995
70 75.0871578577
71 74.5274179732
72 73.9680191354
73 73.4154189678
74 72.8647089443
75 72.3321108823
76 71.8030214735
77 71.282523982
78 70.7661869532
79 70.2562507406
80 69.7524762118
81 69.2681051599
82 68.7982055232
83 68.3304357539
84 67.86949086
85 67.4197673648
86 66.9801417705
87 66.557457682
88 66.1370753787
89 65.7202943815
90 65.3057739543
91 64.8979042913
92 64.4958440393
93 64.0970924466
94 63.702387224
95 63.3106146779
96 62.9219066526
97 62.5339012346
98 62.1619661151
99 61.7950739523
100 61.4333158168
101 61.0664236539
102 60.716839049
103 60.370508676
104 60.0267339241
105 59.6851184706
106 59.3452971107
107 59.0070584308
108 58.672138287
109 58.3417684419
110 58.0156236881
111 57.6899578876
112 57.3686951183
113 57.048438097
114 56.7282199343
115 56.4126595291
116 56.1018135986
117 55.793680489
118 55.4855524174
119 55.1800168525
120 54.8750804697
121 54.5739911476
122 54.270954861
123 53.9702215234
124 53.6720804293
125 53.3807235873
126 53.0906095159
127 52.8018930019
128 52.5209865307
129 52.2408274762
130 51.9639615516
131 51.6859315452
132 51.4085896952
133 51.1327346728
134 50.8578913529
135 50.5830968311
136 50.312791225
137 50.0444707448
138 49.7743588819
139 49.5077433696
140 49.2429082097
141 48.9802277249
142 48.715392565
143 48.4527466367
144 48.1929697981
145 47.9314138597
146 47.6716370212
147 47.4162357467
148 47.1616695612
149 46.9093812951
150 46.659238291
151 46.409656256
152 46.161886138
153 45.9141557279
154 45.6696771866
155 45.4279733638
156 45.1867667155
157 44.9483509359
158 44.7131573465
159 44.4845900481
160 44.2567862592
161 44.030100412
162 43.8052207288
163 43.5807360897
164 43.3562655391
165 43.1322380733
166 42.9086946098
167 42.6848528902
168 42.4613094267
169 42.2381401427
170 42.0152341026
171 41.7929081469
172 41.5708221104
173 41.353484786
174 41.1376395895
175 40.9224879669
176 40.7080103684
177 40.4978597979
178 40.2883584776
179 40.0796571824
180 39.8714764154
181 39.6636878394
182 39.4580192198
183 39.2533704741
184 39.0494309552
185 38.8461713508
186 38.6431373494
187 38.4419386217
188 38.2415040832
189 38.0411942565
190 37.8417549998
191 37.6429514916
192 37.4454068249
193 37.2483275198
194 37.0540140504
195 36.860435537
196 36.6672382669
197 36.4747852897
198 36.2835238133
199 36.0974742398
200 35.9058429934
201 35.7179270962
202 35.5318775227
203 35.3462882561
204 35.1614160717
205 34.9787247465
206 34.7962297617
207 34.6140974539
208 34.433160111
209 34.2523724066
210 34.0722143437
211 33.8925541129
212 33.7129573452
213 33.5335653237
214 33.3542985343
215 33.1756754258
216 32.9972332835
217 32.8199913283
218 32.6431855649
219 32.4664929799
220 32.2904751337
221 32.114619231
222 31.9391992453
223 31.7638200003
224 31.5884790925
225 31.4136596022
226 31.2390684259
227 31.064776412
228 30.8918935556
229 30.7190288889
230 30.5463593264
231 30.3741501837
232 30.2027834784
233 30.0319124373
234 29.8627495703
235 29.6942610254
236 29.5294875233
237 29.3592991993
238 29.1919463143
239 29.0256786895
240 28.8621428743
241 28.6998245256
242 28.5385387682
243 28.3774070559
244 28.2170001875
245 28.0574838157
246 27.9006452587
247 27.7438490245
248 27.5889067248
249 27.4340463588
250 27.2792227985
251 27.1248332848
252 26.9716984215
253 26.8190989569
254 26.6667358654
255 26.5149943883
256 26.3639010063
257 26.2132386875
258 26.0630129163
259 25.9128613457
260 25.7632789177
261 25.6137639037
262 25.46458859
263 25.3156456397
264 25.1693547554
265 25.023378633
266 24.8788532428
267 24.7348013033
268 24.5911442762
269 24.4494106708
270 24.3085937795
271 24.1680781681
272 24.0280980446
273 23.8891021622
274 23.7510792243
275 23.6131251768
276 23.4757034114
277 23.3392971545
278 23.2033649943
279 23.0675266465
280 22.9320285756
281 22.7982018857
282 22.6655284307
283 22.5329551902
284 22.4005372331
285 22.2684188535
286 22.1370953507
287 22.0063902821
288 21.8763422128
289 21.7465720575
290 21.6168811883
291 21.4875465832
292 21.3589115189
293 21.2307635191
294 21.1028430745
295 20.9750272638
296 20.8477969496
297 20.7207066912
298 20.5939195072
299 20.4673853127
300 20.3409383704
301 20.2147798137
302 20.0886307332
303 19.9635527056
304 19.8385170375
305 19.7140326897
306 19.5899161018
307 19.4661038582
308 19.342899405
309 19.219884453
310 19.0969219216
311 18.9745607615
312 18.8522715441
313 18.7304143181
314 18.6089133638
315 18.4882549458
316 18.3676462053
317 18.2479350777
318 18.1283734771
319 18.0092950618
320 17.8902439418
321 17.7711957165
322 17.6527378125
323 17.5350762229
324 17.4177323348
325 17.300762857
326 17.1838114051
327 17.067586527
328 16.9503816652
329 16.8339938225
330 16.7188301848
331 16.6037412981
332 16.4889914236
333 16.3742542927
334 16.2596285538
335 16.1456301368
336 16.0317480588
337 15.9183760167
338 15.8054378517
339 15.692640103
340 15.5798925106
341 15.4673064494
342 15.3554487765
343 15.2436040799
344 15.131821659
345 15.020414503
346 14.9094580126
347 14.7989707248
348 14.6896763222
349 14.5803922711
350 14.4714173579
351 14.3625019006
352 14.2540266051
353 14.1460325362
354 14.0381321909
355 13.9303318611
356 13.823255266
357 13.7162261813
358 13.6093615776
359 13.5027310454
360 13.3961432864
361 13.2897650502
362 13.1841688823
363 13.0795193414
364 12.9751354276
365 12.8712345799
366 12.7675717709
367 12.6639843923
368 12.5606324478
369 12.4577409127
370 12.3551521438
371 12.2528323019
372 12.1506073608
373 12.0487370015
374 11.947072296
375 11.8456252665
376 11.7448290268
377 11.64354134
378 11.5425888442
379 11.4418150086
380 11.3418039068
381 11.2418752467
382 11.1421590991
383 11.0426291269
384 10.944333473
385 10.8469045421
386 10.7500064766
387 10.6538360998
388 10.5585285567
389 10.4634192496
390 10.368389174
391 10.2736849044
392 10.1790816539
393 10.0847979929
394 9.9908604397
395 9.89745180553
396 9.80413253695
397 9.7112141388
398 9.61838285544
399 9.52652782952
400 9.43470532964
401 9.34301991456
402 9.25205133883
403 9.16132652454
404 9.0714763794
405 8.98163629818
406 8.89182067935
407 8.80209928883
408 8.71247484711
409 8.6228946299
410 8.53366908771
411 8.4445260031
412 8.35560966732
413 8.26727312458
414 8.17944695354
415 8.09217909551
416 8.00507616822
417 7.91800368021
418 7.83123419876
419 7.74458100933
420 7.65798784039
421 7.57179147604
422 7.48602792399
423 7.40067835272
424 7.31540144923
425 7.23019047681
426 7.14498348189
427 7.06026975731
428 6.97559674741
429 6.89107806576
430 6.80697929891
431 6.72324451963
432 6.63991436153
433 6.55667755147
434 6.47346213135
435 6.39107902916
436 6.30887501161
437 6.22694204791
438 6.14532707543
439 6.06404301877
440 5.98278361948
441 5.90178879774
442 5.82097761794
443 5.74023717911
444 5.65983539972
445 5.57976143895
446 5.50038852903
447 5.42105600174
448 5.34257371018
449 5.26439257279
450 5.18637599675
451 5.10928855522
452 5.03299228063
453 4.9585141723
454 4.88413268353
455 4.81005405314
456 4.73619125915
457 4.66329137891
458 4.59071471339
459 4.51849376455
460 4.44660841954
461 4.37486942796
462 4.30344660023
463 4.23206924027
464 4.16124585311
465 4.09083269559
466 4.02053986801
467 3.95106555568
468 3.88192958084
469 3.81287188157
470 3.74395549036
471 3.67507801329
472 3.60624840797
473 3.53749517441
474 3.46878176876
475 3.40044864167
476 3.33227941648
477 3.26425111096
478 3.19712681129
479 3.13005862419
480 3.06347119791
481 2.99696381735
482 2.9306340708
483 2.86476872715
484 2.79913849885
485 2.73427193868
486 2.66953267349
487 2.60493436355
488 2.54046970262
489 2.47623505052
490 2.41236377383
491 2.34854016465
492 2.28490143288
493 2.22136738303
494 2.15878582139
495 2.09647852522
496 2.034696159
497 1.9732161357
498 1.91217079594
499 1.85120126856
500 1.79059170394
501 1.7303888453
502 1.67239199678
503 1.61461393021
504 1.55728567146
505 1.50058835041
506 1.44459763069
507 1.38936459535
508 1.33441526885
509 1.28078819548
510 1.22752176705
511 1.17464559932
512 1.12183133541
513 1.07032692036
514 1.01901249237
515 0.9679043079
516 0.918128610482
517 0.868667421082
518 0.821290714219
519 0.774558110226
520 0.728651584583
521 0.684397130474
522 0.640848351221
523 0.598142473796
524 0.555691599662
525 0.513805510514
526 0.472694659651
527 0.432768242461
528 0.393445477664
529 0.355087842179
530 0.318841391377
531 0.282945396233
532 0.247296261296
533 0.213736597258
534 0.181122224696
535 0.149806089511
536 0.119815775487
537 0.090037721674
538 0.062346616299
539 0.036850219176
540 0.0213645939755
541 0.00705297658211
542 0.0
