1 708.879476305
2 639.08074608
3 599.092444182
4 565.487077333
5 536.471510383
6 512.134074877
7 491.3271303
8 471.653593203
9 454.659443517
10 442.130757147
11 430.474092707
12 419.48334543
13 409.827914062
14 400.31376005
15 390.95591483
16 382.343852944
17 374.681599086
18 367.037249233
19 359.929130776
20 353.353418278
21 347.015212817
22 340.995960753
23 335.539046553
24 330.567276276
25 325.415263116
26 321.00177426
27 316.835434577
28 313.010213049
29 309.200329021
30 305.474476431
31 301.818000392
32 298.195264402
33 294.872070783
34 291.768183271
35 288.664819843
36 285.677687283
37 282.96937093
38 280.322631098
39 277.753325807
40 275.477951438
41 273.251360457
42 271.02858651
43 268.836897402
44 266.793066386
45 264.783836082
46 262.971896613
47 261.175351732
48 259.408289289
49 257.671478886
50 255.92470075
51 254.247964724
52 252.599027846
53 250.954912294
54 249.305975416
55 247.683025596
56 246.095963012
57 244.611852889
58 243.132107373
59 241.681245476
60 240.250872677
61 238.841152075
62 237.439176483
63 236.056875351
64 234.673920429
65 233.301442204
66 231.932334215
67 230.574160231
68 229.219905678
69 227.915741947
70 226.637375867
71 225.389238699
72 224.143655155
73 222.917258048
74 221.716636449
75 220.508335616
76 219.307714017
77 218.109057919
78 216.914032824
79 215.746897703
80 214.575001221
81 213.433679885
82 212.300789116
83 211.189810612
84 210.111316462
85 209.041355882
86 207.977920527
87 206.933568962
88 205.893169315
89 204.862203857
90 203.847878882
91 202.836519326
92 201.84707255
93 200.864678116
94 199.885983643
95 198.910161288
96 197.952008573
97 196.991936832
98 196.047973422
99 195.122269744
100 194.21047407
101 193.308649289
102 192.405200704
103 191.511153134
104 190.617396287
105 189.723707855
106 188.830083848
107 187.937142303
108 187.044325992
109 186.154884127
110 185.267961347
111 184.381788715
112 183.505276845
113 182.629665704
114 181.7607426
115 180.900814577
116 180.041273966
117 179.183065608
118 178.32885207
119 177.475306603
120 176.625462511
121 175.776846421
122 174.927002328
123 174.089661576
124 173.255480081
125 172.421447737
126 171.589733895
127 170.764076573
128 169.945380736
129 169.128405471
130 168.3167705
131 167.506622236
132 166.69730772
133 165.896274242
134 165.098340877
135 164.306674253
136 163.515455599
137 162.724413907
138 161.93772875
139 161.151206293
140 160.365192914
141 159.58080422
142 158.797301475
143 158.014414351
144 157.232356716
145 156.456890118
146 155.681820723
147 154.911048161
148 154.144397794
149 153.379017998
150 152.614466095
151 151.852527897
152 151.091843996
153 150.337827752
154 149.584725555
155 148.832881281
156 148.082849413
157 147.340191946
158 146.599612198
159 145.86316317
160 145.122845189
161 144.386517022
162 143.652958277
163 142.920300596
164 142.188335138
165 141.456377794
166 140.725810082
167 139.996460732
168 139.273883848
169 138.549120222
170 137.827008352
171 137.10639354
172 136.386236818
173 135.666327363
174 134.952926582
175 134.233857332
176 133.514881653
177 132.798988095
178 132.073593281
179 131.360801368
180 130.651534352
181 129.947523883
182 129.243716222
183 128.540013061
184 127.838735214
185 127.143014593
186 126.448744707
187 125.756851941
188 125.065603152
189 124.376295321
190 123.690202796
191 123.00432879
192 122.318768463
193 121.634102405
194 120.951678552
195 120.271186063
196 119.592842439
197 118.915596094
198 118.2413324
199 117.568197863
200 116.900246339
201 116.233580128
202 115.567582733
203 114.903059798
204 114.236388604
205 113.572955421
206 112.912345297
207 112.252168588
208 111.59267372
209 110.933697281
210 110.275361694
211 109.619135577
212 108.964901145
213 108.313934156
214 107.663357349
215 107.013416717
216 106.363545515
217 105.714604283
218 105.066868998
219 104.42217078
220 103.778102477
221 103.134056105
222 102.490014555
223 101.848366955
224 101.210513958
225 100.573163755
226 99.9400083222
227 99.3074354323
228 98.6753801271
229 98.043453039
230 97.4160422689
231 96.7886740147
232 96.1644899649
233 95.5407576474
234 94.9170667356
235 94.297866624
236 93.6799504614
237 93.0607503499
238 92.4445215836
239 91.8296453453
240 91.2151845104
241 90.6013876836
242 89.9897230103
243 89.378325101
244 88.7676880062
245 88.1574539819
246 87.5496014343
247 86.9423644016
248 86.3358452823
249 85.7297102382
250 85.1238850465
251 84.5185701434
252 83.9148284894
253 83.3131151402
254 82.7116119507
255 82.113120891
256 81.5176901277
257 80.9229518926
258 80.3290696505
259 79.7354927518
260 79.1441136415
261 78.5532778591
262 77.964702484
263 77.3796628579
264 76.7949428379
265 76.2122066124
266 75.6300456637
267 75.0487406924
268 74.4698125425
269 73.8996908768
270 73.3309656604
271 72.763374568
272 72.1967858914
273 71.6303913056
274 71.0639996225
275 70.498143851
276 69.9337209021
277 69.3697769821
278 68.80616137
279 68.2429637204
280 67.6801419568
281 67.1180371405
282 66.5561955282
283 65.996285944
284 65.4384712649
285 64.8814852856
286 64.3261013458
287 63.7738486324
288 63.2223705803
289 62.6732288013
290 62.1238091253
291 61.578223922
292 61.03025997
293 60.4863753231
294 59.9398379768
295 59.3959533298
296 58.8536504794
297 58.3128859131
298 57.7731152275
299 57.2346261764
300 56.6977823787
301 56.1616408625
302 55.6287108989
303 55.0963742317
304 54.5652811541
305 54.03868175
306 53.5148186581
307 52.9922571327
308 52.4703458448
309 51.9491663663
310 51.4307196808
311 50.9217050688
312 50.4140954225
313 49.9069017083
314 49.3997710495
315 48.8927470993
316 48.3885447355
317 47.8848522072
318 47.3822542061
319 46.881070507
320 46.3811033049
321 45.8811830522
322 45.3826044599
323 44.8847661428
324 44.3870440598
325 43.8893829758
326 43.3938706644
327 42.8986618531
328 42.4045218195
329 41.9107248975
330 41.4171656327
331 40.9244892064
332 40.4319340827
333 39.9396210897
334 39.4485150341
335 38.9575314576
336 38.4678818623
337 37.9822083776
338 37.4967106235
339 37.0118436425
340 36.527066825
341 36.0457023631
342 35.5659734707
343 35.0884031397
344 34.6125794622
345 34.1370048956
346 33.6618475321
347 33.1874620535
348 32.7146633873
349 32.2422039144
350 31.7698471839
351 31.2976766181
352 30.8300343353
353 30.3626243989
354 29.8953114661
355 29.4317863827
356 28.9718872012
357 28.5125071059
358 28.0532549028
359 27.5982929516
360 27.1459287633
361 26.6950192492
362 26.2449679342
363 25.7951819067
364 25.3472799651
365 24.9009238587
366 24.4561017748
367 24.0125269396
368 23.5696646633
369 23.1283504746
370 22.6934770278
371 22.2595292572
372 21.8295409045
373 21.3998424614
374 20.970652577
375 20.5427533545
376 20.1205750076
377 19.7002615596
378 19.2802813384
379 18.8613137992
380 18.4426663925
381 18.0240950007
382 17.6056398718
383 17.1879785866
384 16.7711149543
385 16.3549339661
386 15.9388338956
387 15.523723142
388 15.1095191721
389 14.6980559468
390 14.2868836481
391 13.8758203809
392 13.4666185262
393 13.0609826547
394 12.6608808892
395 12.2637606399
396 11.8681633581
397 11.4730422756
398 11.0788723706
399 10.6855909737
400 10.2931992406
401 9.90387609284
402 9.51574192461
403 9.12815146183
404 8.74465578384
405 8.36404724576
406 7.98399028116
407 7.60615581028
408 7.23073540435
409 6.86733465957
410 6.50470883437
411 6.14331697009
412 5.78310125575
413 5.4251133545
414 5.06817106223
415 4.71289048092
416 4.35887439195
417 4.00743669652
418 3.65610931839
419 3.30693091215
420 2.96119382803
421 2.62243859636
422 2.28626601148
423 1.95817332848
424 1.63347785293
425 1.30955320478
426 1.00591222997
427 0.708242473447
428 0.43459693467
429 0.185237033792
430 0.0
