1 737.802306501
2 562.595318639
3 507.042534227
4 448.299381413
5 411.8329847
6 377.265862338
7 347.999689581
8 321.123636249
9 298.436808339
10 292.196371121
11 287.602679387
12 283.05635113
13 278.547497916
14 274.503957501
15 270.695748268
16 267.349655154
17 264.311983147
18 261.372106792
19 258.516478722
20 255.74029331
21 253.123882157
22 250.621351227
23 248.147726218
24 245.848923199
25 243.554585168
26 241.312056723
27 239.221232879
28 237.149334697
29 235.236767235
30 233.330957424
31 231.505206804
32 229.718718775
33 227.980384923
34 226.268305033
35 224.566709209
36 222.917615728
37 221.433468507
38 219.957628236
39 218.54387417
40 217.190816263
41 215.87272514
42 214.568140873
43 213.250049751
44 211.952189982
45 210.65659953
46 209.387196193
47 208.131275231
48 206.909021303
49 205.699383534
50 204.500069743
51 203.303040015
52 202.122770715
53 200.959351798
54 199.817881651
55 198.69635766
56 197.604411471
57 196.513256071
58 195.427416519
59 194.343327156
60 193.273291451
61 192.205301191
62 191.150167151
63 190.10435455
64 189.070744535
65 188.060909765
66 187.05377999
67 186.057535912
68 185.058460071
69 184.062215993
70 183.066003436
71 182.06968299
72 181.073438912
73 180.077226355
74 179.08862162
75 178.103414179
76 177.159410203
77 176.207869829
78 175.263865853
79 174.337496131
80 173.41344145
81 172.499793382
82 171.597574267
83 170.699230857
84 169.816605513
85 168.942722809
86 168.069723058
87 167.23612422
88 166.446117184
89 165.668208381
90 164.895936758
91 164.137518543
92 163.369739219
93 162.611321004
94 161.856636489
95 161.101960022
96 160.350683425
97 159.61169929
98 158.879668688
99 158.151874846
100 157.432623187
101 156.704829344
102 155.98187728
103 155.278026742
104 154.579543304
105 153.882398087
106 153.18391465
107 152.504909183
108 151.828563352
109 151.152411365
110 150.479896831
111 149.811183642
112 149.139598176
113 148.477540548
114 147.820192414
115 147.168066762
116 146.518157613
117 145.874610486
118 145.232492805
119 144.591645283
120 143.959879501
121 143.321145175
122 142.689288496
123 142.059811876
124 141.433166247
125 140.81752244
126 140.185829344
127 139.568845441
128 138.946333682
129 138.333186386
130 137.726723102
131 137.123467866
132 136.529721825
133 135.927937727
134 135.339644968
135 134.760425851
136 134.173969064
137 133.591855117
138 133.015640707
139 132.441791486
140 131.868019652
141 131.298830113
142 130.736719236
143 130.175236611
144 129.6198961
145 129.069912956
146 128.525117459
147 127.989249432
148 127.449345221
149 126.910318745
150 126.384138302
151 125.861099273
152 125.334293684
153 124.808113241
154 124.285661862
155 123.766933891
156 123.24920905
157 122.732502865
158 122.210452161
159 121.696180292
160 121.182364764
161 120.668819226
162 120.160017333
163 119.65511773
164 119.159796195
165 118.665308678
166 118.171715415
167 117.67965187
168 117.19453511
169 116.70996096
170 116.228747086
171 115.747619414
172 115.270077252
173 114.794813465
174 114.322458431
175 113.850267395
176 113.378378788
177 112.909224751
178 112.440591972
179 111.974407562
180 111.508649129
181 111.04409298
182 110.580102311
183 110.116659972
184 109.654186215
185 109.192005596
186 108.729912098
187 108.272217754
188 107.808029606
189 107.347586285
190 106.888793426
191 106.434546273
192 105.976574139
193 105.522326986
194 105.069248576
195 104.621619956
196 104.175080644
197 103.729871705
198 103.287732915
199 102.852447974
200 102.40157946
201 101.956767152
202 101.530039948
203 101.094515871
204 100.657618202
205 100.224402248
206 99.7953669208
207 99.3680819611
208 98.9408667871
209 98.5146080701
210 98.0904726335
211 97.6683612161
212 97.2466063301
213 96.826342683
214 96.4061160488
215 95.9860847245
216 95.5670816721
217 95.1489575513
218 94.7316899902
219 94.3193583917
220 93.9052162968
221 93.493182463
222 93.0812014737
223 92.669390313
224 92.2577146598
225 91.850781552
226 91.4360496319
227 91.0254762762
228 90.6161906856
229 90.2082461358
230 89.800774183
231 89.3965879947
232 88.9958003147
233 88.5960313794
234 88.199176843
235 87.8030349086
236 87.410437628
237 87.0182199486
238 86.6260074614
239 86.2358670446
240 85.8466155655
241 85.4586846679
242 85.0709515515
243 84.6841220717
244 84.2998469455
245 83.9160791525
246 83.5338542147
247 83.1518458286
248 82.7710891953
249 82.3906598721
250 82.0119179545
251 81.6335351729
252 81.2555378424
253 80.8784574004
254 80.5141352096
255 80.1437458902
256 79.7695149307
257 79.4016705027
258 79.0362277068
259 78.6683832788
260 78.3050539175
261 77.9434893962
262 77.5820801568
263 77.2209426851
264 76.8600243517
265 76.5002686778
266 76.142124608
267 75.7842916826
268 75.4273334773
269 75.0727871675
270 74.7219850014
271 74.3724706036
272 74.0236364108
273 73.6653521492
274 73.314549983
275 72.9650355853
276 72.6174310634
277 72.2698360799
278 71.9228277343
279 71.57733184
280 71.2331031714
281 70.8895142906
282 70.5484483284
283 70.2080884785
284 69.8699551024
285 69.5322000322
286 69.1945093814
287 68.8575486099
288 68.5210344458
289 68.1857575602
290 67.8507252016
291 67.5159762832
292 67.1822307695
293 66.8501991384
294 66.5201232913
295 66.1908757352
296 65.8619394967
297 65.5338791125
298 65.2065613597
299 64.8793235698
300 64.5525009271
301 64.2262294608
302 63.9016780548
303 63.5772447014
304 63.2529591471
305 62.9295963901
306 62.6064398998
307 62.2833597595
308 61.9620317953
309 61.6418558004
310 61.3222888657
311 61.0061953788
312 60.6907571262
313 60.3782138145
314 60.063850159
315 59.7496361861
316 59.4355820025
317 59.1219550736
318 58.8090924296
319 58.4963891847
320 58.1838302044
321 57.8713743263
322 57.5605186999
323 57.2499730134
324 56.9401622794
325 56.6300362929
326 56.3202255589
327 56.0108590956
328 55.7020183242
329 55.3947011019
330 55.0876238149
331 54.7809571144
332 54.4745165375
333 54.1682716249
334 53.8621963665
335 53.5561355279
336 53.2505165373
337 52.945081815
338 52.6397629713
339 52.3346935986
340 52.0312918791
341 51.7269546244
342 51.4257755429
343 51.1251933023
344 50.8250440353
345 50.5265336766
346 50.2283065544
347 49.930435062
348 49.6331922447
349 49.3364960975
350 49.0403254824
351 48.7441972776
352 48.448793947
353 48.1543702408
354 47.8603626133
355 47.5665283856
356 47.2735273568
357 46.9814604945
358 46.6906954399
359 46.4014058042
360 46.1122204427
361 45.8234061166
362 45.5361024862
363 45.2489737638
364 44.9636285411
365 44.6784929457
366 44.3952384738
367 44.1123102599
368 43.8293838502
369 43.5469604531
370 43.2656572967
371 42.9845984109
372 42.705345654
373 42.4262287417
374 42.1473798399
375 41.8685802048
376 41.5903999818
377 41.3123784546
378 41.0345161783
379 40.7568284681
380 40.4798455995
381 40.2030864023
382 39.9264505188
383 39.6513096068
384 39.3765843684
385 39.1022468043
386 38.8293463627
387 38.5578628866
388 38.2866726211
389 38.015697196
390 37.7449758748
391 37.47579546
392 37.2071346755
393 36.9384756791
394 36.6703003639
395 36.4023467819
396 36.1348696875
397 35.8677894146
398 35.6007488734
399 35.3338594919
400 35.0670464556
401 34.8010012609
402 34.5366247609
403 34.2732570618
404 34.0115595357
405 33.7511065696
406 33.4909642769
407 33.2311947541
408 32.9716870932
409 32.7133183986
410 32.4551478662
411 32.1978059727
412 31.9407158424
413 31.6836340279
414 31.4268633095
415 31.1701016006
416 30.9148512919
417 30.6606938327
418 30.4080001275
419 30.1563295953
420 29.9047415494
421 29.6531946922
422 29.4031057628
423 29.1551353959
424 28.9082594158
425 28.662610149
426 28.4176632836
427 28.1745337171
428 27.9319123083
429 27.6894191436
430 27.4473864151
431 27.2066891833
432 26.9664939599
433 26.7263587931
434 26.4862606592
435 26.2463208711
436 26.0065976655
437 25.7668872731
438 25.5272522195
439 25.2898017025
440 25.052829048
441 24.8172697914
442 24.5821389949
443 24.3471829949
444 24.1122680871
445 23.8781462391
446 23.6446692542
447 23.4113249947
448 23.178033613
449 22.9452884067
450 22.7129651574
451 22.4810865106
452 22.2496907943
453 22.0201387974
454 21.791081652
455 21.5621759881
456 21.3341549284
457 21.1064471896
458 20.8794244026
459 20.6525212559
460 20.4260071532
461 20.199649567
462 19.9741731504
463 19.7487018241
464 19.5267615378
465 19.3053555671
466 19.0842814446
467 18.8637014284
468 18.6433459521
469 18.4236562504
470 18.2066951419
471 17.990336629
472 17.7743785815
473 17.5594695484
474 17.3459115613
475 17.1323989532
476 16.9200070782
477 16.7079328721
478 16.4970287157
479 16.2863464608
480 16.0757555142
481 15.8659868515
482 15.6562216591
483 15.4474489335
484 15.2390190523
485 15.0307401821
486 14.8227977304
487 14.6151773346
488 14.4080760195
489 14.2011269365
490 13.9943774831
491 13.7877108158
492 13.581960399
493 13.3773336553
494 13.1746001242
495 12.9724437321
496 12.7705467969
497 12.5686671656
498 12.3679170069
499 12.1680560263
500 11.9690031357
501 11.7700707738
502 11.5721621995
503 11.3764660433
504 11.1817909657
505 10.9872590468
506 10.7934664537
507 10.5997126743
508 10.4060517718
509 10.2136435665
510 10.0213720533
511 9.83001509743
512 9.63867174468
513 9.44868449348
514 9.25919481424
515 9.07048829359
516 8.88299412435
517 8.69553092478
518 8.50905099692
519 8.32314988196
520 8.13779448341
521 7.95344028097
522 7.77053032348
523 7.58765304834
524 7.4049516867
525 7.22267600227
526 7.04077511838
527 6.85902009404
528 6.67869983013
529 6.49881959317
530 6.31932178565
531 6.14008496644
532 5.96209891971
533 5.78461628045
534 5.60717915816
535 5.43082997866
536 5.2546849876
537 5.07925742183
538 4.90901107955
539 4.73906016375
540 4.570325876
541 4.40190137745
542 4.23522246406
543 4.06870537191
544 3.90340089115
545 3.73986276475
546 3.579079049
547 3.42183010536
548 3.26511511164
549 3.11178549808
550 2.95990837182
551 2.80817936796
552 2.65677256519
553 2.50662310051
554 2.35726488238
555 2.20807134831
556 2.06029587126
557 1.91279709537
558 1.76617348347
559 1.61977054117
560 1.4762224288
561 1.33505469681
562 1.19636214756
563 1.05785747606
564 0.920067302567
565 0.784725512736
566 0.6511955848
567 0.519018865597
568 0.38937587608
569 0.275625846423
570 0.172919436403
571 0.073466848043
572 0.0
