1 948.204517051
2 788.699639288
3 668.501832235
4 567.860395407
5 491.667864501
6 438.899954186
7 406.02872456
8 382.535578639
9 359.621136664
10 350.880567373
11 344.972135141
12 339.8011652
13 334.735690706
14 330.554801781
15 326.63671902
16 322.799902169
17 319.053976868
18 315.583543611
19 312.138463457
20 309.224284562
21 306.516445088
22 303.992642272
23 301.566814661
24 299.367832878
25 297.282021309
26 295.248544823
27 293.218965486
28 291.222638322
29 289.283121395
30 287.403098537
31 285.600003323
32 283.803171841
33 282.026338445
34 280.259033489
35 278.542250249
36 276.926154697
37 275.347445344
38 273.791743034
39 272.306233264
40 270.765058621
41 269.27954885
42 267.785582472
43 266.300072702
44 264.853135015
45 263.457518317
46 262.127410911
47 260.819102324
48 259.533136244
49 258.272238198
50 257.067176171
51 255.865445517
52 254.68928361
53 253.51503874
54 252.37007732
55 251.19583245
56 250.054092822
57 248.947939406
58 247.846126299
59 246.753806474
60 245.671587032
61 244.601166639
62 243.563969673
63 242.518138821
64 241.488302864
65 240.464980384
66 239.431541701
67 238.430796618
68 237.40096066
69 236.397163678
70 235.428103939
71 234.472572451
72 233.519520463
73 232.570528706
74 231.626495902
75 230.687255205
76 229.749872533
77 228.837677412
78 227.931765927
79 227.020407982
80 226.113621458
81 225.207626816
82 224.30546972
83 223.40694116
84 222.517757443
85 221.62994399
86 220.746869478
87 219.864246905
88 218.98644289
89 218.119960681
90 217.27070299
91 216.406550795
92 215.555396022
93 214.712144253
94 213.899524842
95 213.056273073
96 212.230818932
97 211.408953979
98 210.595706239
99 209.800974371
100 209.011774921
101 208.224286542
102 207.439191851
103 206.663269933
104 205.891113601
105 205.126953383
106 204.366756457
107 203.606957864
108 202.84892203
109 202.091111865
110 201.334065945
111 200.582979182
112 199.843907307
113 199.094818159
114 198.347760004
115 197.620314282
116 196.883518519
117 196.14986675
118 195.418616157
119 194.691602674
120 193.96840095
121 193.26050451
122 192.551097725
123 191.860503196
124 191.171353734
125 190.472316825
126 189.781722296
127 189.092572833
128 188.406238525
129 187.721309987
130 187.041266887
131 186.3623832
132 185.685440445
133 185.015064494
134 184.355816625
135 183.669482317
136 182.999106366
137 182.337257586
138 181.678579706
139 181.031566877
140 180.375082962
141 179.708128078
142 179.056450693
143 178.406785791
144 177.763093581
145 177.121696754
146 176.485781265
147 175.85075651
148 175.221624047
149 174.593689103
150 173.96864966
151 173.352602956
152 172.733448577
153 172.117401873
154 171.503518679
155 170.892652296
156 170.282351434
157 169.67455713
158 169.070353951
159 168.466574797
160 167.86360263
161 167.261470634
162 166.658498467
163 166.057175511
164 165.457736483
165 164.858478045
166 164.25931151
167 163.664581902
168 163.067265954
169 162.472536347
170 161.880278411
171 161.299736644
172 160.704081416
173 160.133508532
174 159.555562999
175 158.977078278
176 158.399598564
177 157.822801056
178 157.234072751
179 156.66316937
180 156.093358578
181 155.524366218
182 154.957128084
183 154.390640796
184 153.827119893
185 153.265577983
186 152.704311975
187 152.144458172
188 151.586237579
189 151.02914304
190 150.474189476
191 149.92262559
192 149.371118832
193 148.822315384
194 148.273801858
195 147.727752463
196 147.181888803
197 146.636631885
198 146.092431889
199 145.548294632
200 145.005095608
201 144.462900109
202 143.922418912
203 143.382311885
204 142.843255586
205 142.304837116
206 141.766854574
207 141.230252245
208 140.69253458
209 140.155932251
210 139.622869357
211 139.092898422
212 138.559835528
213 138.030559571
214 137.505497188
215 136.982273381
216 136.459985256
217 135.938153595
218 135.417572352
219 134.897385755
220 134.378333457
221 133.859340591
222 133.340467366
223 132.824112016
224 132.309152841
225 131.79538092
226 131.283354108
227 130.774437664
228 130.25983674
229 129.748387794
230 129.238601794
231 128.729010964
232 128.223510541
233 127.716091186
234 127.217507347
235 126.712351612
236 126.207916537
237 125.70484881
238 125.20141738
239 124.699344225
240 124.197280415
241 123.696281307
242 123.196014405
243 122.697035782
244 122.198846584
245 121.700751718
246 121.202772819
247 120.705513249
248 120.206534626
249 119.708980126
250 119.212472848
251 118.717701311
252 118.221662477
253 117.72689094
254 117.232794822
255 116.740287951
256 116.247922344
257 115.758412007
258 115.271549171
259 114.784714758
260 114.297888666
261 113.813022615
262 113.332480704
263 112.852552503
264 112.373414723
265 111.894284281
266 111.415578859
267 110.937062221
268 110.461114406
269 109.986685696
270 109.512726568
271 109.038297858
272 108.565448623
273 108.092746656
274 107.620464629
275 107.148674036
276 106.677571061
277 106.206577118
278 105.736084138
279 105.266240085
280 104.796524307
281 104.329679003
282 103.865145563
283 103.403322259
284 102.938788819
285 102.478764049
286 102.017900462
287 101.558389553
288 101.099223325
289 100.64036969
290 100.181744217
291 99.7265302658
292 99.2729393223
293 98.819982845
294 98.3675557124
295 97.9178451583
296 97.4758416129
297 97.0277653299
298 96.5821533888
299 96.1371534701
300 95.689448023
301 95.2474444777
302 94.8027509292
303 94.3580721501
304 93.913643873
305 93.4693642913
306 93.0251012421
307 92.5814875874
308 92.1385948028
309 91.6978721875
310 91.2572729954
311 90.8178820329
312 90.378535951
313 89.9404702869
314 89.5041867653
315 89.0725174061
316 88.6427699446
317 88.2130747965
318 87.7849080709
319 87.3567655026
320 86.929239306
321 86.5017516144
322 86.074438686
323 85.6493655731
324 85.2255678141
325 84.8020803556
326 84.3786159647
327 83.9555058825
328 83.5327167575
329 83.1107145608
330 82.6892312456
331 82.2681919235
332 81.8473396289
333 81.4265748581
334 81.0060008727
335 80.5855955655
336 80.165693875
337 79.74660984
338 79.3277356328
339 78.9091631805
340 78.4917073698
341 78.074658244
342 77.6589629684
343 77.2439441007
344 76.8302610587
345 76.4168727279
346 76.0033783796
347 75.5907799716
348 75.1795788368
349 74.7698267839
350 74.3604107159
351 73.9511901384
352 73.5422515242
353 73.1336381864
354 72.7253768322
355 72.3186360431
356 71.9178566992
357 71.5069043382
358 71.1010741263
359 70.6954689707
360 70.290203596
361 69.8877391172
362 69.4858629494
363 69.084721216
364 68.6841604903
365 68.2840913314
366 67.8848918714
367 67.4870344462
368 67.0892882574
369 66.6917514091
370 66.2943474093
371 65.8969696916
372 65.4996609827
373 65.1030924052
374 64.7070107098
375 64.3117523925
376 63.9176466468
377 63.5236287611
378 63.1308849213
379 62.7386529403
380 62.3473125061
381 61.9575536316
382 61.5687462019
383 61.1803165709
384 60.7926152922
385 60.4051116165
386 60.0176248311
387 59.631218622
388 59.2450711235
389 58.8589272912
390 58.4730845444
391 58.0886481158
392 57.7044862431
393 57.3217978217
394 56.9399368318
395 56.5582735474
396 56.1769392705
397 55.7963979067
398 55.4162203324
399 55.0365264424
400 54.6573278219
401 54.2788905765
402 53.9007879754
403 53.5230270939
404 53.1454005641
405 52.7680415241
406 52.3914552579
407 52.0151682662
408 51.6392176118
409 51.2643838569
410 50.89067797
411 50.517147205
412 50.1442603095
413 49.7714520077
414 49.39876409
415 49.0266609617
416 48.6552779466
417 48.2848881285
418 47.9154566637
419 47.5463631739
420 47.1774175643
421 46.809095011
422 46.4437617768
423 46.0784398949
424 45.714998268
425 45.3515620286
426 44.9892600818
427 44.6262622046
428 44.2628259652
429 43.9000696224
430 43.538054637
431 43.1765399368
432 42.815374501
433 42.4546253842
434 42.0939582586
435 41.7335200302
436 41.3738577298
437 41.0142786451
438 40.6548885943
439 40.2962246094
440 39.9383576216
441 39.580694153
442 39.2231884184
443 38.866138823
444 38.5102955882
445 38.1546155166
446 37.7998376852
447 37.4451788057
448 37.0910053626
449 36.7373659641
450 36.3853506752
451 36.0339600666
452 35.683883464
453 35.3352948339
454 34.9868123711
455 34.6385971062
456 34.2929141411
457 33.9474973853
458 33.6022149273
459 33.2575054873
460 32.9128396838
461 32.5682819357
462 32.2241462889
463 31.8807009777
464 31.5375289567
465 31.1949591904
466 30.8551691236
467 30.5157329489
468 30.1765697304
469 29.838682033
470 29.5016603079
471 29.1654092309
472 28.8293848211
473 28.4938335215
474 28.1585762936
475 27.8234795118
476 27.4914599442
477 27.1594840425
478 26.827603837
479 26.4959764701
480 26.1644466999
481 25.8339915976
482 25.5039348047
483 25.1741347962
484 24.844378834
485 24.5156690178
486 24.1873325623
487 23.8591667507
488 23.5311473087
489 23.2035135128
490 22.8771195385
491 22.5508996718
492 22.2251749205
493 21.8998893764
494 21.5768905446
495 21.2552641197
496 20.9343770081
497 20.6140460657
498 20.2940080768
499 19.9756769115
500 19.6583768605
501 19.3411190581
502 19.0241479249
503 18.7076124432
504 18.3911319013
505 18.0754213303
506 17.7602388202
507 17.4479438104
508 17.1366895691
509 16.8257672904
510 16.5149909198
511 16.2049213689
512 15.8949208512
513 15.5856747322
514 15.2777637842
515 14.9712577963
516 14.664809366
517 14.3614822788
518 14.0583778607
519 13.7572022742
520 13.4576213722
521 13.1581740358
522 12.8588325783
523 12.5596084188
524 12.2635285493
525 11.9696326958
526 11.6770662019
527 11.3849534317
528 11.0931387499
529 10.8015711904
530 10.5124773683
531 10.2261621469
532 9.94169048667
533 9.65871285517
534 9.37799683466
535 9.0984193237
536 8.81898628484
537 8.54063351741
538 8.26562304179
539 7.99113856277
540 7.71746062226
541 7.44499553274
542 7.1729761624
543 6.90444051232
544 6.63611484757
545 6.36803647605
546 6.10459105704
547 5.8420371539
548 5.58255514733
549 5.32377078421
550 5.06673923013
551 4.81028734087
552 4.5541237064
553 4.30096835281
554 4.04950501583
555 3.79941369563
556 3.55558656584
557 3.31575079275
558 3.07860666921
559 2.84445205628
560 2.61073107633
561 2.38138723444
562 2.15257137449
563 1.92454429114
564 1.69818288652
565 1.47221035625
566 1.24852748283
567 1.0440928427
568 0.839735172118
569 0.640311277683
570 0.453048266441
571 0.283711384543
572 0.11626629835
573 0.0
