1 806.982746186
2 686.286443023
3 590.056946671
4 511.701401169
5 447.88734256
6 387.936033004
7 349.772921151
8 330.82046257
9 315.995125341
10 301.515656682
11 295.026621243
12 289.870616756
13 285.864008715
14 282.154956222
15 278.925168303
16 275.944171246
17 273.242167608
18 270.580934879
19 268.028251633
20 265.735434031
21 263.450990932
22 261.386796007
23 259.350627367
24 257.375358382
25 255.442019088
26 253.612509392
27 251.789215123
28 249.969724336
29 248.238500081
30 246.544554055
31 244.897824389
32 243.272677479
33 241.65302885
34 240.057032812
35 238.471315277
36 236.873143629
37 235.296619439
38 233.801498908
39 232.326510896
40 230.867567443
41 229.431574492
42 228.026509669
43 226.667347703
44 225.334330099
45 224.045495121
46 222.713129242
47 221.424294264
48 220.14381292
49 218.919850547
50 217.718019188
51 216.55427468
52 215.391943893
53 214.239626079
54 213.088152062
55 211.989893117
56 210.892441429
57 209.818647788
58 208.755052468
59 207.681472129
60 206.617876809
61 205.579096916
62 204.580240273
63 203.559584671
64 202.581366905
65 201.606111426
66 200.640993585
67 199.696132575
68 198.734055004
69 197.772295541
70 196.824780172
71 195.879519832
72 194.942932143
73 194.017621415
74 193.105303384
75 192.18539073
76 191.275159896
77 190.368266991
78 189.477050201
79 188.582731765
80 187.695594613
81 186.810361414
82 185.932829385
83 185.057293723
84 184.186843871
85 183.327762604
86 182.458872532
87 181.602058705
88 180.749376011
89 179.904885626
90 179.070404028
91 178.24347768
92 177.419879173
93 176.593851499
94 175.777957043
95 174.963011035
96 174.149137489
97 173.337955176
98 172.539762616
99 171.749787136
100 170.965393292
101 170.202998583
102 169.452473283
103 168.70544281
104 167.965124665
105 167.226444496
106 166.490453731
107 165.767266195
108 165.042963241
109 164.319775705
110 163.597585483
111 162.874581576
112 162.152391355
113 161.443417123
114 160.720229587
115 160.018836498
116 159.316233913
117 158.614505914
118 157.922302684
119 157.232015758
120 156.543814432
121 155.86723962
122 155.187776094
123 154.519549006
124 153.865298685
125 153.188949733
126 152.520722646
127 151.859964468
128 151.203483128
129 150.547900355
130 149.896618281
131 149.24584171
132 148.597106811
133 147.949298864
134 147.307879343
135 146.659144444
136 146.01493037
137 145.370973239
138 144.729722957
139 144.093246094
140 143.457518444
141 142.823787546
142 142.191428719
143 141.560942992
144 140.942320619
145 140.319614028
146 139.704148531
147 139.091278526
148 138.476423602
149 137.863553597
150 137.2502053
151 136.638493582
152 136.027383781
153 135.41665518
154 134.807796631
155 134.200397577
156 133.596179078
157 132.992507514
158 132.390168331
159 131.790396633
160 131.195020482
161 130.599886763
162 130.007031411
163 129.411173418
164 128.817741414
165 128.225151641
166 127.639408478
167 127.056475391
168 126.483621947
169 125.905903154
170 125.333421312
171 124.759313092
172 124.185497334
173 123.616844896
174 123.040189512
175 122.467725274
176 121.899703151
177 121.325708883
178 120.757056445
179 120.184108279
180 119.625725461
181 119.0489674
182 118.49147793
183 117.915879894
184 117.35001982
185 116.793501544
186 116.235988891
187 115.679626489
188 115.124271829
189 114.569390228
190 114.012249297
191 113.46344374
192 112.916661676
193 112.370105194
194 111.824437484
195 111.279442352
196 110.735100408
197 110.191777199
198 109.649620022
199 109.107916496
200 108.566900002
201 108.026767969
202 107.485751475
203 106.951668524
204 106.418977397
205 105.88745506
206 105.356559549
207 104.825869073
208 104.296705454
209 103.768490545
210 103.240404538
211 102.712931717
212 102.185642147
213 101.659176724
214 101.135299311
215 100.612464375
216 100.089734639
217 99.570020029
218 99.0548966695
219 98.5444295895
220 98.0340419716
221 97.5237066723
222 97.0138709115
223 96.5045623083
224 95.9971339992
225 95.490712304
226 94.9871753824
227 94.4811509619
228 93.9778253504
229 93.4754603528
230 92.9737660775
231 92.4744449898
232 91.9766440055
233 91.4793042249
234 90.982272059
235 90.4858002371
236 89.9920856222
237 89.4988280882
238 89.0063986077
239 88.5140468854
240 88.021820769
241 87.5296701046
242 87.0414133035
243 86.5554624292
244 86.0704160772
245 85.5901723482
246 85.1103786995
247 84.630523371
248 84.1534064497
249 83.6764667406
250 83.1993498192
251 82.7232409653
252 82.2480755685
253 81.7739185113
254 81.3033266776
255 80.8328672059
256 80.3633316769
257 79.8943167023
258 79.4287863721
259 78.9641208466
260 78.5005714393
261 78.0378217027
262 77.5753127897
263 77.1146676176
264 76.6542285646
265 76.1940626958
266 75.7354570187
267 75.2775479424
268 74.8203714453
269 74.3653419795
270 73.9049029265
271 73.4477264294
272 72.9917784253
273 72.5373682351
274 72.0873652059
275 71.6375509042
276 71.1881637551
277 70.7389969308
278 70.2902891404
279 69.8423168328
280 69.3944957461
281 68.9469445738
282 68.4994314525
283 68.0554525175
284 67.6119812192
285 67.1693658405
286 66.7278441564
287 66.2864397794
288 65.8452498729
289 65.4042636531
290 64.9662044779
291 64.5288609949
292 64.091845955
293 63.6555774393
294 63.2195451627
295 62.7835847306
296 62.3481743467
297 61.9127802327
298 61.4786132102
299 61.0470604162
300 60.6159745082
301 60.1850538242
302 59.755299007
303 59.3259426999
304 58.8973923094
305 58.4706074816
306 58.0468890401
307 57.6235032845
308 57.200253644
309 56.7772038298
310 56.3542093273
311 55.9329846189
312 55.5084373343
313 55.087212626
314 54.666139377
315 54.2457578611
316 53.8257836351
317 53.4063421999
318 52.9873957895
319 52.5710566363
320 52.1551489449
321 51.7394937104
322 51.3250595217
323 50.9123070035
324 50.501172598
325 50.092302258
326 49.6854193099
327 49.2789740207
328 48.8726603117
329 48.4693678559
330 48.066437639
331 47.6640383384
332 47.261965982
333 46.8602368439
334 46.4591509449
335 46.0587569467
336 45.6600632552
337 45.2635863306
338 44.8700468676
339 44.4796273172
340 44.089498296
341 43.6994091883
342 43.3112723564
343 42.92318078
344 42.5353454249
345 42.1475933828
346 41.7600612166
347 41.3739441831
348 40.9878535065
349 40.6026767617
350 40.2182186809
351 39.8339847346
352 39.4503244074
353 39.0675163822
354 38.6852088593
355 38.303119762
356 37.921439358
357 37.5412064367
358 37.1624037796
359 36.7871497479
360 36.4140791653
361 36.0425844922
362 35.671097723
363 35.3009885119
364 34.9317728799
365 34.5639319421
366 34.1966274719
367 33.8294016912
368 33.4633703876
369 33.0974438252
370 32.7323607715
371 32.3677624324
372 32.0042655181
373 31.6414105738
374 31.2793440045
375 30.9176662775
376 30.5586719561
377 30.2023444645
378 29.8474429194
379 29.4936364829
380 29.1387349378
381 28.7845262076
382 28.4327661312
383 28.0812564023
384 27.7313728915
385 27.3819546774
386 27.0343580787
387 26.6877665579
388 26.3419065497
389 25.9961969662
390 25.6517337913
391 25.3074375881
392 24.9635370067
393 24.6200601654
394 24.2769428593
395 23.9343081565
396 23.5929823604
397 23.2519622887
398 22.9112741152
399 22.5712465549
400 22.2320159934
401 21.893376663
402 21.5552298295
403 21.2181948002
404 20.8820939677
405 20.5461273072
406 20.2104039409
407 19.8749265553
408 19.5406330335
409 19.2067065495
410 18.8764746776
411 18.5463292139
412 18.2207653624
413 17.8955287388
414 17.570421592
415 17.2454021042
416 16.920748537
417 16.5979315312
418 16.2761375218
419 15.9544670897
420 15.6333599223
421 15.3140674002
422 14.9954270987
423 14.677363558
424 14.3598617013
425 14.0436450145
426 13.7281241255
427 13.4144467802
428 13.1052797202
429 12.796360469
430 12.4877492394
431 12.1796236181
432 11.8716271262
433 11.5650867403
434 11.2588530907
435 10.9553600972
436 10.6545238032
437 10.357195168
438 10.0619985254
439 9.76792140073
440 9.47648472442
441 9.18801305304
442 8.90047674865
443 8.61472479832
444 8.32941165742
445 8.04465422139
446 7.76242147064
447 7.48114966997
448 7.20007162386
449 6.91987849648
450 6.64172752566
451 6.36758737799
452 6.09394662179
453 5.82218463168
454 5.56008389299
455 5.29905928804
456 5.03908618159
457 4.77966001225
458 4.52075470811
459 4.26240766028
460 4.00492479321
461 3.75019860831
462 3.49691527757
463 3.24439911765
464 2.99356578111
465 2.74653689399
466 2.50003130142
467 2.25563448978
468 2.01470485233
469 1.78411257907
470 1.55449267272
471 1.32518037696
472 1.09987161126
473 0.874713280957
474 0.655748142661
475 0.450846794403
476 0.256816154019
477 0.106404484206
478 0.0
