1 979.765979411
2 818.644882694
3 714.864081375
4 610.539632543
5 516.980566696
6 449.564355324
7 408.032860537
8 382.620762463
9 361.74008042
10 345.883987061
11 339.031778273
12 333.655950475
13 328.645932499
14 324.150178584
15 319.821675033
16 315.910917914
17 312.044954676
18 308.28771151
19 304.862037808
20 301.462772157
21 298.47804778
22 295.620630226
23 292.768199401
24 290.134772318
25 287.656090402
26 285.238989068
27 282.840600143
28 280.451825847
29 278.108167411
30 275.858466305
31 273.720548492
32 271.631092238
33 269.632060688
34 267.745011332
35 265.856289175
36 264.002028709
37 262.174791252
38 260.370219892
39 258.605521663
40 256.855421582
41 255.153612145
42 253.492105499
43 251.876371955
44 250.269737374
45 248.691240547
46 247.131276555
47 245.604375146
48 244.114420114
49 242.687447182
50 241.349075411
51 240.008173075
52 238.669801304
53 237.384228891
54 236.089771373
55 234.842232295
56 233.653397631
57 232.489278888
58 231.32562283
59 230.185713038
60 229.052441216
61 227.968721617
62 226.873759452
63 225.786426212
64 224.696783811
65 223.648952626
66 222.62000439
67 221.595173633
68 220.571128568
69 219.580379826
70 218.617683852
71 217.667832685
72 216.723074035
73 215.792883504
74 214.862867283
75 213.937957991
76 213.019097095
77 212.107011462
78 211.227654475
79 210.353601227
80 209.483833428
81 208.624655329
82 207.788522834
83 206.95406003
84 206.124680844
85 205.303102084
86 204.49181815
87 203.681559209
88 202.872195501
89 202.067108777
90 201.263006692
91 200.470142201
92 199.685604303
93 198.900773276
94 198.122081198
95 197.348700667
96 196.595343676
97 195.848679429
98 195.0951593
99 194.348495053
100 193.60191933
101 192.86420851
102 192.131388435
103 191.401963037
104 190.682293624
105 189.96888385
106 189.257841363
107 188.549120105
108 187.834575017
109 187.125745362
110 186.417024104
111 185.716445838
112 185.019232074
113 184.324826037
114 183.646152665
115 182.957883092
116 182.275925603
117 181.592825227
118 180.925156847
119 180.251612376
120 179.578743419
121 178.909971807
122 178.24901007
123 177.581341691
124 176.929374269
125 176.271113268
126 175.617284402
127 174.961780664
128 174.307951798
129 173.662461644
130 173.027433786
131 172.400428875
132 171.776860001
133 171.171221749
134 170.565617455
135 169.964278273
136 169.366778148
137 168.766164301
138 168.180751653
139 167.610914673
140 167.031024916
141 166.453809498
142 165.862356778
143 165.28514136
144 164.708163985
145 164.152570597
146 163.598514059
147 163.052801705
148 162.504187806
149 161.96013811
150 161.425132688
151 160.890274167
152 160.35663105
153 159.830872266
154 159.300751407
155 158.769754715
156 158.243321612
157 157.715903645
158 157.190034374
159 156.67421973
160 156.162189704
161 155.646375061
162 155.132917398
163 154.628230088
164 154.116289
165 153.598232945
166 153.097965756
167 152.58350286
168 152.076845862
169 151.572158552
170 151.070618306
171 150.574330846
172 150.076734856
173 149.582378739
174 149.095229616
175 148.616220456
176 148.136070535
177 147.648921412
178 147.175763388
179 146.703101308
180 146.231582146
181 145.760453385
182 145.289438008
183 144.81849473
184 144.34993595
185 143.888756627
186 143.416094547
187 142.949520113
188 142.484593903
189 142.019861096
190 141.555151155
191 141.090601652
192 140.633443092
193 140.176325616
194 139.721372875
195 139.267381365
196 138.813573956
197 138.361571837
198 137.9100244
199 137.470225308
200 137.035464982
201 136.601882683
202 136.169999853
203 135.742204576
204 135.309935895
205 134.880659912
206 134.452504884
207 134.024709608
208 133.597127269
209 133.169786732
210 132.742536839
211 132.315379669
212 131.890583475
213 131.466163543
214 131.041884902
215 130.619097987
216 130.197146319
217 129.775202616
218 129.353592959
219 128.932214439
220 128.51258352
221 128.093183449
222 127.673792562
223 127.255531196
224 126.838877557
225 126.426251176
226 126.014002816
227 125.604414265
228 125.198475666
229 124.79144772
230 124.384878491
231 123.983183535
232 123.581575731
233 123.177162699
234 122.777583649
235 122.37670098
236 121.976028245
237 121.57461329
238 121.173198409
239 120.775404722
240 120.378423996
241 119.983083828
242 119.588655342
243 119.194792406
244 118.801733106
245 118.409933919
246 118.018749469
247 117.627922335
248 117.237689742
249 116.847531992
250 116.459793885
251 116.072150891
252 115.684771005
253 115.297675557
254 114.906351463
255 114.521377949
256 114.137913289
257 113.756004083
258 113.375452163
259 112.995040672
260 112.616132616
261 112.238004548
262 111.860641714
263 111.483483174
264 111.107569579
265 110.731725002
266 110.355940724
267 109.980404179
268 109.606193093
269 109.232561535
270 108.862148166
271 108.496047956
272 108.121616116
273 107.753747677
274 107.387397972
275 107.02125254
276 106.65541017
277 106.290039258
278 105.92511248
279 105.560758348
280 105.196680511
281 104.834109137
282 104.472447261
283 104.110857538
284 103.749436059
285 103.388346967
286 103.028009105
287 102.667930865
288 102.307968687
289 101.948390641
290 101.589072354
291 101.230051198
292 100.871391496
293 100.513082218
294 100.157074452
295 99.7985170085
296 99.4414738448
297 99.0854225626
298 98.7295009041
299 98.3745460241
300 98.0196401905
301 97.6649520836
302 97.3106312663
303 96.9572321706
304 96.6051960039
305 96.256077827
306 95.901344147
307 95.5498399341
308 95.1993799783
309 94.849874941
310 94.5007638881
311 94.1517366206
312 93.8029718125
313 93.4554474031
314 93.1093090322
315 92.7638988167
316 92.4191725408
317 92.0746992997
318 91.732300773
319 91.3907221893
320 91.0513061535
321 90.7123032731
322 90.3735203136
323 90.035264544
324 89.698742174
325 89.3622584619
326 89.0264530425
327 88.690830005
328 88.3553740869
329 88.0199879061
330 87.6849497562
331 87.3512502981
332 87.0182611499
333 86.686006305
334 86.3556117212
335 86.025369153
336 85.6955064226
337 85.3672331133
338 85.0390787276
339 84.7124866746
340 84.3863064618
341 84.0608812955
342 83.7355386035
343 83.4134916573
344 83.0916527533
345 82.7706419956
346 82.450164864
347 82.1339453748
348 81.809678824
349 81.4894632061
350 81.1693824681
351 80.8507960965
352 80.532343852
353 80.2143406091
354 79.8964064317
355 79.5785543535
356 79.2608674161
357 78.9443901041
358 78.6281706148
359 78.3119887433
360 77.9961297917
361 77.680884074
362 77.3666789374
363 77.0525105758
364 76.7385462036
365 76.4248373893
366 76.1114993745
367 75.8000348307
368 75.489296897
369 75.1793346051
370 74.86956887
371 74.560756709
372 74.2519894531
373 73.9438873276
374 73.6363506469
375 73.3289486279
376 73.0225013574
377 72.7163759511
378 72.4107809782
379 72.1062511958
380 71.8007989884
381 71.4961590787
382 71.1916292962
383 70.8884684324
384 70.5873952196
385 70.286893509
386 69.9868253775
387 69.686922981
388 69.3880863829
389 69.0895346438
390 68.7912625413
391 68.4931263714
392 68.1950522965
393 67.8970397741
394 67.5991615216
395 67.3013312988
396 67.0035602819
397 66.7066682301
398 66.4115860714
399 66.1166035827
400 65.8217714179
401 65.5270978369
402 65.2326541582
403 64.9396118395
404 64.6468070905
405 64.3546291921
406 64.0641779427
407 63.7745298569
408 63.4852167669
409 63.197308246
410 62.9095688515
411 62.6221622415
412 62.335878636
413 62.0501426945
414 61.7651886436
415 61.4803833885
416 61.1970293065
417 60.9145414903
418 60.632106589
419 60.3500499172
420 60.0690013339
421 59.7885053501
422 59.5080584018
423 59.2279671726
424 58.9481796972
425 58.6686277139
426 58.3899971663
427 58.112117644
428 57.8343531705
429 57.5577209347
430 57.28121897
431 57.0054321817
432 56.7302180961
433 56.4562117459
434 56.1822746452
435 55.9087429055
436 55.635510736
437 55.3626021937
438 55.0897259263
439 54.8177122659
440 54.5465585888
441 54.2755418941
442 54.0045463655
443 53.7349655152
444 53.4663947161
445 53.1978330397
446 52.9292713718
447 52.6612905728
448 52.3935404469
449 52.126506624
450 51.8611903973
451 51.5967953027
452 51.3325688338
453 51.0685372843
454 50.8046402457
455 50.5407831212
456 50.277226693
457 50.0138914295
458 49.7505977261
459 49.4880746663
460 49.2263533154
461 48.9648546074
462 48.7045128826
463 48.444283672
464 48.1842756313
465 47.9245653898
466 47.6652194151
467 47.4060121926
468 47.1474111922
469 46.8889381881
470 46.6306909675
471 46.3726704311
472 46.1148698119
473 45.8572221185
474 45.5996379772
475 45.3426949753
476 45.0857702727
477 44.8291327973
478 44.573430615
479 44.3177905096
480 44.0625266924
481 43.8080087705
482 43.5538612755
483 43.299874051
484 43.0467196613
485 42.7943298994
486 42.542381947
487 42.2904900329
488 42.0387796102
489 41.787708233
490 41.5366753106
491 41.2858921391
492 41.0351262019
493 40.7848141431
494 40.5351295522
495 40.286716446
496 40.0385368376
497 39.7908422935
498 39.5440200569
499 39.298486672
500 39.0536632461
501 38.80927037
502 38.5656832339
503 38.3222221473
504 38.0796175123
505 37.8372357621
506 37.5952337202
507 37.3540105413
508 37.113135504
509 36.8723156768
510 36.6321994344
511 36.3923778804
512 36.1531775415
513 35.9153498899
514 35.6780081603
515 35.4410999167
516 35.2053794465
517 34.9697736175
518 34.7347162332
519 34.5004153618
520 34.2664344425
521 34.0328960653
522 33.7995874055
523 33.5663351366
524 33.3341051976
525 33.1019521812
526 32.8699648985
527 32.6380697763
528 32.4063382836
529 32.1750914117
530 31.9439033713
531 31.7128779479
532 31.4820437281
533 31.2512947918
534 31.0209904539
535 30.7913655828
536 30.5619229186
537 30.3325360652
538 30.1032334528
539 29.8745488162
540 29.6461757003
541 29.4189877578
542 29.1921915076
543 28.9655112109
544 28.7389529793
545 28.5126772856
546 28.2865236112
547 28.0615802584
548 27.8373164538
549 27.6130636997
550 27.3893405188
551 27.1657528324
552 26.9423174669
553 26.7191278971
554 26.4956925316
555 26.2730631049
556 26.0507070386
557 25.8288765676
558 25.6076044551
559 25.3871271981
560 25.1668100422
561 24.9466659714
562 24.7274840276
563 24.509796197
564 24.2926918558
565 24.0756067657
566 23.8587742954
567 23.643609115
568 23.4294333042
569 23.2152886079
570 23.0012301159
571 22.7873905941
572 22.5735993362
573 22.3608689252
574 22.1481986845
575 21.9363937108
576 21.7250531412
577 21.5139690647
578 21.3037788249
579 21.094583807
580 20.8854512221
581 20.6763831162
582 20.4673599666
583 20.2583475328
584 20.0502004263
585 19.8421443095
586 19.6341578733
587 19.4262912527
588 19.2184939441
589 19.0116238297
590 18.8055098689
591 18.5994459933
592 18.3936832496
593 18.1896155878
594 17.9861930717
595 17.7833679971
596 17.5816062142
597 17.3798496077
598 17.1782680241
599 16.9772897907
600 16.7767171283
601 16.5764579939
602 16.3766198285
603 16.1771792643
604 15.9800326293
605 15.783016413
606 15.5867465532
607 15.3906493409
608 15.1953472398
609 15.0005398948
610 14.8071830532
611 14.6141163071
612 14.4213986132
613 14.2292002645
614 14.0374963194
615 13.8458125762
616 13.6549111822
617 13.4649903067
618 13.2758918913
619 13.0871245954
620 12.8994861904
621 12.7127128702
622 12.5262990554
623 12.3401684424
624 12.1543481001
625 11.9689061929
626 11.7834706352
627 11.5986547058
628 11.4153927421
629 11.2335651626
630 11.0524803685
631 10.871691052
632 10.6918969943
633 10.5125520067
634 10.3334429845
635 10.1550145286
636 9.97709729071
637 9.79942661931
638 9.62272193029
639 9.44730834407
640 9.27258757816
641 9.09793991737
642 8.9237513876
643 8.74975331713
644 8.57584652556
645 8.40264600759
646 8.22953549782
647 8.06005002863
648 7.8915650274
649 7.7248688142
650 7.55823121742
651 7.39202317632
652 7.22616415738
653 7.06100162028
654 6.89766971894
655 6.73476029407
656 6.57224154487
657 6.40979696219
658 6.2485390355
659 6.08752460164
660 5.9268572622
661 5.76633845227
662 5.60643632724
663 5.44766800959
664 5.28903419231
665 5.1304779386
666 4.9736201626
667 4.81687671899
668 4.6619640327
669 4.50726137144
670 4.35260541165
671 4.19813183943
672 4.04461939281
673 3.89140071291
674 3.73972349525
675 3.58866899715
676 3.43872698394
677 3.28891572328
678 3.13955706857
679 2.99051751297
680 2.84303696226
681 2.69600535083
682 2.54898106461
683 2.40375415664
684 2.25923181842
685 2.11716056519
686 1.9759855241
687 1.83618564871
688 1.69798803099
689 1.56134038435
690 1.42706285941
691 1.29416518768
692 1.16518818351
693 1.03807173638
694 0.914653757667
695 0.791495320142
696 0.674739037246
697 0.559333823363
698 0.450114139671
699 0.341316723923
700 0.23777288981
701 0.149456233478
702 0.072781142567
703 0.0
