1 572.469165631
2 490.393990581
3 448.396261153
4 416.085356697
5 385.525755229
6 363.784334108
7 347.001668487
8 334.326177565
9 320.025939979
10 309.061149932
11 298.895447267
12 290.468203563
13 282.099038314
14 274.974068851
15 268.458547989
16 262.367998276
17 256.511103982
18 250.761692778
19 245.402422159
20 241.069766347
21 237.088444136
22 233.182295203
23 229.618821033
24 226.175274274
25 222.886832767
26 219.793874263
27 216.879617833
28 214.210864356
29 211.94573433
30 209.702905125
31 207.491240498
32 205.4363995
33 203.538511942
34 201.768132892
35 200.013982085
36 198.373678949
37 196.769478368
38 195.231342587
39 193.69423135
40 192.156095569
41 190.621539694
42 189.106295681
43 187.680667284
44 186.262747744
45 184.835417223
46 183.417497683
47 182.059472687
48 180.703778747
49 179.390036883
50 178.122094745
51 176.878584279
52 175.638544234
53 174.395033768
54 173.177377487
55 171.959977902
56 170.750794112
57 169.554294612
58 168.36346318
59 167.202460444
60 166.069819474
61 164.959115466
62 163.823819203
63 162.691178233
64 161.58142331
65 160.479463872
66 159.386812486
67 158.303243519
68 157.235887914
69 156.22224579
70 155.213979014
71 154.243953033
72 153.243982244
73 152.273956263
74 151.306245772
75 150.338715901
76 149.416600841
77 148.496872492
78 147.58181494
79 146.69171234
80 145.81330688
81 144.957722522
82 144.10521495
83 143.264276304
84 142.430022153
85 141.596733143
86 140.764939475
87 139.935710921
88 139.113272192
89 138.292795302
90 137.474797806
91 136.665080309
92 135.862682016
93 135.052964519
94 134.252865717
95 133.481204425
96 132.716685218
97 131.966645235
98 131.207992913
99 130.453218108
100 129.706349388
101 128.966798997
102 128.227840136
103 127.497900511
104 126.772149018
105 126.048201531
106 125.330084955
107 124.615861577
108 123.903974677
109 123.195410055
110 122.49258159
111 121.797105771
112 121.109268547
113 120.422797673
114 119.73666026
115 119.058229965
116 118.381125633
117 117.705429499
118 117.033324605
119 116.363398077
120 115.696137606
121 115.033129677
122 114.379823447
123 113.727116007
124 113.076729307
125 112.431200209
126 111.788613721
127 111.148716712
128 110.510056063
129 109.881362841
130 109.255580176
131 108.629867837
132 108.006869029
133 107.389415681
134 106.775372998
135 106.164260152
136 105.55356852
137 104.943910613
138 104.338834753
139 103.737432124
140 103.137995751
141 102.539238948
142 101.946735539
143 101.357269973
144 100.768487698
145 100.180677734
146 99.5933194509
147 99.0069236837
148 98.4263883632
149 97.8472498823
150 97.2700371894
151 96.6947116303
152 96.1207699639
153 95.5471102322
154 94.9743151228
155 94.4021844821
156 93.8384981274
157 93.2791216833
158 92.7224871831
159 92.1673750504
160 91.6152750707
161 91.0692254489
162 90.5247662318
163 89.9846570133
164 89.4457788881
165 88.9056696696
166 88.3700812724
167 87.8367007781
168 87.3040243324
169 86.7718937075
170 86.2423259005
171 85.7131721695
172 85.1860194201
173 84.6615106139
174 84.1389271678
175 83.6170516959
176 83.0969277283
177 82.579766665
178 82.0683820068
179 81.550658671
180 81.0334976076
181 80.5182116914
182 80.0033191544
183 79.4982294454
184 78.9954248147
185 78.4929339999
186 77.9927222403
187 77.493413101
188 76.996563643
189 76.5009756332
190 76.0056054363
191 75.5117755679
192 75.0193637705
193 74.5273392934
194 74.0372930573
195 73.5488511934
196 73.0607485046
197 72.574080199
198 72.0895336881
199 71.6061645901
200 71.1232627575
201 70.6428124099
202 70.1624264506
203 69.6826383951
204 69.2065362039
205 68.731126359
206 68.2566068636
207 67.7845227008
208 67.3131331217
209 66.8425862587
210 66.373598614
211 65.9059929195
212 65.4392166503
213 64.9725735789
214 64.5096627648
215 64.0479411919
216 63.5863414863
217 63.1297098707
218 62.6731238037
219 62.217624951
220 61.7621588164
221 61.3069087332
222 60.8523888181
223 60.3989039727
224 59.9469353638
225 59.4953623454
226 59.0440418023
227 58.593780386
228 58.1436172634
229 57.6975163464
230 57.2524808877
231 56.8077309555
232 56.3634930421
233 55.9204386965
234 55.4806694757
235 55.0423015066
236 54.6088991054
237 54.176388962
238 53.746808191
239 53.3207766967
240 52.8899354052
241 52.4626649688
242 52.0354117191
243 51.6093802248
244 51.1854820311
245 50.7617947102
246 50.3384955655
247 49.9152556365
248 49.4950867158
249 49.0773109865
250 48.6614500186
251 48.2462003353
252 47.83180536
253 47.4179190425
254 47.0071378138
255 46.5983534206
256 46.1898279426
257 45.7818133361
258 45.3754636631
259 44.9692479667
260 44.5659117682
261 44.1643643499
262 43.7647182006
263 43.3664019097
264 42.9688482762
265 42.5740276733
266 42.1806143105
267 41.7872048305
268 41.3950107239
269 41.0042969719
270 40.6137183303
271 40.2240973133
272 39.8364444296
273 39.4494328166
274 39.0639331493
275 38.6790694782
276 38.2962705436
277 37.9150807042
278 37.5345318333
279 37.157390525
280 36.7809313852
281 36.4068627117
282 36.0359619041
283 35.6676928414
284 35.3008731519
285 34.9346637531
286 34.5702134419
287 34.2093920583
288 33.8508868443
289 33.4932364924
290 33.1358029983
291 32.7800137493
292 32.4246228791
293 32.0694632277
294 31.7145774919
295 31.3603882496
296 31.0076158065
297 30.6549954177
298 30.3022229746
299 29.9508751008
300 29.6005100756
301 29.2504515153
302 28.9013874524
303 28.5530510382
304 28.2051202506
305 27.8572756238
306 27.5096531668
307 27.1641596102
308 26.8193078604
309 26.4798651658
310 26.1423570479
311 25.8082547472
312 25.474388527
313 25.1419072148
314 24.8105180989
315 24.4797450145
316 24.1500618404
317 23.8207185523
318 23.4932725826
319 23.1682312599
320 22.8444104049
321 22.5210944217
322 22.1984290707
323 21.8766659207
324 21.5570549612
325 21.2386574852
326 20.9235063761
327 20.6127327208
328 20.3035162576
329 19.9966171404
330 19.6914376124
331 19.3864594339
332 19.081930445
333 18.7794410652
334 18.4769725659
335 18.1746515571
336 17.8726576816
337 17.5717372533
338 17.271419064
339 16.9711453984
340 16.6719484664
341 16.3730507038
342 16.0755393483
343 15.7793544225
344 15.4831905355
345 15.1875641553
346 14.8970993842
347 14.6070896364
348 14.318408828
349 14.0297510017
350 13.7410943361
351 13.4544794203
352 13.1699463251
353 12.8880247714
354 12.6069212992
355 12.3260005406
356 12.0454166254
357 11.7682709119
358 11.4915088358
359 11.2153186703
360 10.9419772774
361 10.6705839908
362 10.3995514034
363 10.132012522
364 9.86630795908
365 9.60601372264
366 9.3495441001
367 9.09503823757
368 8.84150423625
369 8.58836614124
370 8.33542227579
371 8.08411107919
372 7.83537606463
373 7.58742189741
374 7.3402944614
375 7.09399046264
376 6.8493905759
377 6.60608295442
378 6.36655891253
379 6.12708938265
380 5.88786705704
381 5.64959341684
382 5.41282739112
383 5.17613242962
384 4.94005024473
385 4.70454585579
386 4.46918928175
387 4.23707441625
388 4.00523369924
389 3.77443316361
390 3.54379812844
391 3.31424796948
392 3.08555425003
393 2.8604623257
394 2.63665246563
395 2.41557550409
396 2.19627271905
397 1.98221858831
398 1.77098552397
399 1.56615040831
400 1.36387900054
401 1.16426166287
402 0.982357210379
403 0.803788767648
404 0.625622553606
405 0.45208547025
406 0.281831858887
407 0.126784482454
408 0.0
