1 537.022654866
2 376.463762859
3 323.575073995
4 280.98908545
5 254.954922639
6 236.303242782
7 224.538979896
8 214.906700675
9 207.269159265
10 200.767868309
11 194.847548131
12 189.827400242
13 185.834390124
14 181.867760957
15 178.011207777
16 174.406255394
17 171.15524685
18 167.97199732
19 164.830078152
20 162.009117732
21 159.388655024
22 156.814788716
23 154.350895344
24 152.074801475
25 149.915958681
26 147.777766483
27 145.722573814
28 143.781233351
29 141.907338873
30 140.284788317
31 138.686718589
32 137.139949805
33 135.619154389
34 134.139829246
35 132.623417164
36 131.153347255
37 129.74414765
38 128.339313108
39 127.03208716
40 125.745664719
41 124.512272453
42 123.29761826
43 122.095672219
44 120.899240227
45 119.772724383
46 118.665653344
47 117.582274055
48 116.510361396
49 115.465824804
50 114.454790652
51 113.426128202
52 112.41509405
53 111.443951863
54 110.476383647
55 109.520085458
56 108.578181884
57 107.641292511
58 106.727585119
59 105.829099584
60 104.933310037
61 104.059167056
62 103.202408863
63 102.349696582
64 101.506869119
65 100.679679973
66 99.8937876906
67 99.1132695813
68 98.33921937
69 97.5803164531
70 96.8227439058
71 96.0678900951
72 95.3134230468
73 94.5707686229
74 93.8721620952
75 93.1805282823
76 92.5063068077
77 91.847534542
78 91.1911419706
79 90.5368374483
80 89.8944579444
81 89.2548816555
82 88.6469620064
83 88.048133779
84 87.468310095
85 86.8898531292
86 86.3155983113
87 85.744733317
88 85.2032034073
89 84.6647733704
90 84.1326443762
91 83.6080990597
92 83.0759700655
93 82.5476634219
94 82.021752397
95 81.511363688
96 81.0086541274
97 80.511997872
98 80.0092883113
99 79.5139701743
100 79.026565591
101 78.5329838468
102 78.0477299362
103 77.5638240964
104 77.0808645971
105 76.6006438373
106 76.1211077575
107 75.6501231446
108 75.2035914909
109 74.7593950958
110 74.3214110947
111 73.8921044404
112 73.462196471
113 73.0375065089
114 72.6173720217
115 72.2064010541
116 71.7980069369
117 71.394036221
118 70.9856421038
119 70.5847441816
120 70.1862942618
121 69.7891940977
122 69.392688412
123 68.9972579375
124 68.6033971894
125 68.2123526064
126 67.8261865556
127 67.4427031645
128 67.0591658069
129 66.6816576088
130 66.3086060236
131 65.9389732664
132 65.5693929308
133 65.2069450549
134 64.8409245564
135 64.4809789002
136 64.121248956
137 63.7619169458
138 63.4035492078
139 63.0494963041
140 62.6999308314
141 62.3551648339
142 62.0154354301
143 61.6772143103
144 61.3409366639
145 61.0059245822
146 60.6714176795
147 60.3374137122
148 60.0115088645
149 59.687708775
150 59.3643302612
151 59.0423670241
152 58.7214347745
153 58.4029337036
154 58.0852447285
155 57.7679402083
156 57.4506571246
157 57.1358554229
158 56.8218574971
159 56.5087237627
160 56.194725837
161 55.8837414613
162 55.5733950505
163 55.2684261454
164 54.9720798611
165 54.6776232836
166 54.3855453283
167 54.0948685335
168 53.8049049527
169 53.515319536
170 53.2286454417
171 52.9454727904
172 52.6633938974
173 52.3804942188
174 52.1016136341
175 51.8244448153
176 51.5492010154
177 51.2747004751
178 51.0026479295
179 50.732181893
180 50.4632732677
181 50.1947425323
182 49.9276560397
183 49.6611278635
184 49.3967569855
185 49.1343397806
186 48.8725528552
187 48.6109043168
188 48.3503712163
189 48.094363102
190 47.8401067581
191 47.5859636538
192 47.334663993
193 47.0812617569
194 46.8298895603
195 46.5791003988
196 46.3288366768
197 46.0806081635
198 45.8372245
199 45.5865409222
200 45.3438469514
201 45.1015783301
202 44.8595483781
203 44.6185660436
204 44.3781623676
205 44.1382830759
206 43.898427456
207 43.663442082
208 43.4300308838
209 43.1985837337
210 42.9677720441
211 42.7374836125
212 42.5089789025
213 42.2824482062
214 42.0548747267
215 41.8283440303
216 41.6019084205
217 41.3757216337
218 41.1505030531
219 40.9264190992
220 40.7029468824
221 40.479531289
222 40.2575540938
223 40.0365251716
224 39.8173763459
225 39.5984740945
226 39.3809759305
227 39.1640109813
228 38.947206135
229 38.7319665561
230 38.5181993555
231 38.3129634766
232 38.1078557874
233 37.9040188117
234 37.7013135738
235 37.4997194247
236 37.2988377783
237 37.098228065
238 36.898546793
239 36.6989023481
240 36.4992781906
241 36.3000334197
242 36.1016088635
243 35.9056349148
244 35.7105367118
245 35.5156667624
246 35.3215159993
247 35.1289360992
248 34.9365599835
249 34.74583595
250 34.555453901
251 34.3654165477
252 34.1769959846
253 33.9886826123
254 33.8011121914
255 33.6154972942
256 33.4313498086
257 33.2479239485
258 33.0649177683
259 32.8822634011
260 32.6998865064
261 32.5177221263
262 32.337421002
263 32.1589823401
264 31.9818005169
265 31.8048314535
266 31.6282152956
267 31.4524211181
268 31.2769269481
269 31.1016951141
270 30.927401858
271 30.7546091028
272 30.5803158468
273 30.4086141922
274 30.2369596737
275 30.0664556649
276 29.896135901
277 29.7261709415
278 29.5563824366
279 29.3868704462
280 29.2187676553
281 29.0507655434
282 28.8850133242
283 28.7194307671
284 28.5546890538
285 28.3900591792
286 28.2270932558
287 28.0643418129
288 27.9016340275
289 27.7390175073
290 27.5774012492
291 27.4163200955
292 27.255405424
293 27.094499983
294 26.933641464
295 26.7732447943
296 26.6133566368
297 26.4535023591
298 26.2941516358
299 26.1356663309
300 25.9774286485
301 25.8195586015
302 25.6619786179
303 25.504746421
304 25.3489799771
305 25.1935082793
306 25.0384305335
307 24.8838787338
308 24.7296265762
309 24.5758521256
310 24.4221233296
311 24.268798473
312 24.115506723
313 23.9623800879
314 23.8097968465
315 23.6572522915
316 23.5041389931
317 23.3521932471
318 23.20070839
319 23.0503527124
320 22.9000484515
321 22.7498167663
322 22.6020605212
323 22.4546102553
324 22.3076743791
325 22.1611238384
326 22.0148706153
327 21.8693690164
328 21.7239670817
329 21.5792383342
330 21.4349828517
331 21.2910539865
332 21.1473827414
333 21.0057909751
334 20.8643602942
335 20.723873336
336 20.5834909965
337 20.4434529326
338 20.3034662527
339 20.1637983274
340 20.0246012859
341 19.8854328546
342 19.7470478958
343 19.6092319396
344 19.4733209154
345 19.3378728005
346 19.2026889204
347 19.0680578784
348 18.9335287793
349 18.7993238133
350 18.6656173671
351 18.5336704507
352 18.4033749351
353 18.2739709057
354 18.1450377367
355 18.0164337167
356 17.8880510803
357 17.7598579888
358 17.6317261898
359 17.5036229612
360 17.3759589325
361 17.2483118524
362 17.1221096513
363 16.9960238177
364 16.8699849203
365 16.7442111232
366 16.6193866741
367 16.4947949885
368 16.370836349
369 16.2470424788
370 16.1233168652
371 15.9998579185
372 15.8765088218
373 15.7534958682
374 15.630763246
375 15.5083059558
376 15.3866303444
377 15.2656644801
378 15.1447179314
379 15.0238043292
380 14.9029000652
381 14.782237283
382 14.6616924899
383 14.5412120877
384 14.4209124646
385 14.3006860203
386 14.1805924703
387 14.0605869432
388 13.9410424311
389 13.8217817566
390 13.7026379624
391 13.5843825633
392 13.4666638894
393 13.3490053052
394 13.2319773343
395 13.1150735525
396 12.9982331885
397 12.8814087133
398 12.7645911398
399 12.6481879162
400 12.5318403392
401 12.4159534353
402 12.3000892836
403 12.1845994151
404 12.0696158834
405 11.9548087822
406 11.8407838423
407 11.7270401278
408 11.6134524903
409 11.5001037558
410 11.3867982636
411 11.274286549
412 11.1624629
413 11.0507078148
414 10.9390718206
415 10.8276529533
416 10.7164483068
417 10.6053953469
418 10.4952392623
419 10.3863594768
420 10.2788894434
421 10.1714772984
422 10.0646308436
423 9.95803669628
424 9.85163115804
425 9.74562860182
426 9.63998200911
427 9.53480877972
428 9.42991072445
429 9.32514433624
430 9.22058354318
431 9.1176895088
432 9.01583212469
433 8.91452948362
434 8.81343587593
435 8.71289655213
436 8.61256488643
437 8.51301631383
438 8.41393145087
439 8.31524465716
440 8.21690328903
441 8.11888811712
442 8.02153386688
443 7.92419897159
444 7.82698026196
445 7.73003810283
446 7.63332337058
447 7.537598992
448 7.44265547578
449 7.3477235304
450 7.25305329344
451 7.15869321137
452 7.06512406559
453 6.97160105078
454 6.87814441201
455 6.78521280431
456 6.69237675976
457 6.59973710064
458 6.50762744898
459 6.41563095177
460 6.32370174074
461 6.23216458865
462 6.14137320116
463 6.05109149377
464 5.96099492372
465 5.87099764631
466 5.78109279597
467 5.69137378534
468 5.60170615283
469 5.51237735056
470 5.42400576095
471 5.3357530239
472 5.24850437815
473 5.16174199996
474 5.07539897733
475 4.9890787005
476 4.90297402713
477 4.81724849281
478 4.73253200031
479 4.64782647256
480 4.56334798826
481 4.47982058868
482 4.39715144608
483 4.31498374035
484 4.23528135288
485 4.15565288795
486 4.07627601682
487 3.99764017888
488 3.91904732337
489 3.84100817013
490 3.76474207996
491 3.68853145011
492 3.61242587445
493 3.53646871055
494 3.46089344267
495 3.38531819364
496 3.30975197285
497 3.2369891155
498 3.16448526522
499 3.09277098582
500 3.02114310209
501 2.95104240823
502 2.88118234331
503 2.81200960047
504 2.74306865276
505 2.67535333023
506 2.60781359963
507 2.5412710236
508 2.47660923794
509 2.41221208792
510 2.34976796408
511 2.2874091554
512 2.22543999287
513 2.16350301731
514 2.10163939447
515 2.04019814595
516 1.97907038801
517 1.91801429216
518 1.85804565927
519 1.79829083558
520 1.73878470314
521 1.67932120622
522 1.62020031484
523 1.56260637242
524 1.50507281577
525 1.44786404976
526 1.39123405514
527 1.33550724286
528 1.27983791492
529 1.22479673263
530 1.17016233565
531 1.11697273383
532 1.06381160988
533 1.01065976362
534 0.957806652727
535 0.905086729797
536 0.852842825213
537 0.800923431054
538 0.749627508131
539 0.699212927117
540 0.65059070971
541 0.602631493327
542 0.555233950091
543 0.508642320538
544 0.462179315082
545 0.416280378086
546 0.37135865184
547 0.327153836302
548 0.283642095066
549 0.240269145105
550 0.198723109742
551 0.157555208517
552 0.122411874769
553 0.0876152392862
554 0.0539983320039
555 0.03201305142
556 0.0147431792051
557 0.0
