1 484.453154144
2 341.608531705
3 275.146552273
4 243.224322157
5 225.371332624
6 215.136066948
7 205.828270711
8 198.593168241
9 192.007525448
10 185.600582195
11 179.548133229
12 174.53945394
13 170.323523369
14 166.888479009
15 163.412995851
16 160.076277691
17 156.778345081
18 153.504978149
19 150.432733218
20 147.44977963
21 144.928609236
22 142.522897048
23 140.175366393
24 137.867541989
25 135.698100322
26 134.006852466
27 132.287415364
28 130.617121293
29 128.977546885
30 127.360950305
31 125.808239722
32 124.287983939
33 122.769702115
34 121.256977487
35 119.750332738
36 118.244050728
37 116.782165458
38 115.622120756
39 114.467496471
40 113.359970024
41 112.278263336
42 111.234414845
43 110.194807524
44 109.128562804
45 108.10233148
46 107.089699746
47 106.080020701
48 105.0787482
49 104.091655256
50 103.142241552
51 102.202999436
52 101.265798475
53 100.352868498
54 99.4594548345
55 98.5783582286
56 97.7264627981
57 96.8969733926
58 96.0943950873
59 95.3133901797
60 94.5340912383
61 93.7576324441
62 92.9783335027
63 92.2415565566
64 91.5155831528
65 90.7983653515
66 90.1150262354
67 89.4259375674
68 88.7554785069
69 88.0788190632
70 87.4148985458
71 86.733118435
72 86.0743481305
73 85.418539343
74 84.7761691226
75 84.139388879
76 83.5048869429
77 82.9119075872
78 82.3355636234
79 81.7602717801
80 81.1958892429
81 80.6386329322
82 80.0825782945
83 79.5426010687
84 79.0037013597
85 78.4982579622
86 77.9922790402
87 77.4984563962
88 76.9924830483
89 76.5019082397
90 76.0365154979
91 75.5760837295
92 75.1181999879
93 74.6649246734
94 74.2183603452
95 73.7783180436
96 73.3520829856
97 72.9385177406
98 72.5191033174
99 72.1055380724
100 71.691571395
101 71.2798069745
102 70.8725660486
103 70.4663884047
104 70.0612400957
105 69.6585650969
106 69.2610734487
107 68.8637925486
108 68.4799362212
109 68.0910754541
110 67.7135401546
111 67.3446214866
112 66.9725329559
113 66.6064065093
114 66.2427079952
115 65.8818432252
116 65.5229259314
117 65.1641528099
118 64.8061192294
119 64.4548479963
120 64.112115545
121 63.7712548702
122 63.4351666753
123 63.0948189617
124 62.753993464
125 62.424134236
126 62.0960205364
127 61.7668175492
128 61.4407307501
129 61.1174429368
130 60.7984947265
131 60.4874532477
132 60.1810917714
133 59.8734492083
134 59.5684508684
135 59.262154217
136 58.9653202898
137 58.6686072325
138 58.3764950357
139 58.0863645822
140 57.7985222245
141 57.5164366743
142 57.2366837373
143 56.9574225448
144 56.6783706096
145 56.3997257606
146 56.121638098
147 55.8458181939
148 55.5721869789
149 55.295170467
150 55.0209703859
151 54.7473391709
152 54.4742614508
153 54.2029168986
154 53.9336229202
155 53.6616102218
156 53.3999667661
157 53.1339718251
158 52.871410772
159 52.6091500873
160 52.3541514173
161 52.0964613757
162 51.8440638709
163 51.5940124557
164 51.3462604461
165 51.0989339513
166 50.8574167342
167 50.6164717325
168 50.3760332245
169 50.1360165269
170 49.8962534883
171 49.6578507093
172 49.4201662826
173 49.1860282592
174 48.9526138947
175 48.7194520929
176 48.4866964988
177 48.255495111
178 48.0246366834
179 47.7938602341
180 47.5639699088
181 47.3353290641
182 47.1067927268
183 46.8786428099
184 46.6509746408
185 46.4250160946
186 46.2051097176
187 45.9857487058
188 45.7673809886
189 45.5527388029
190 45.3384312714
191 45.1267632387
192 44.9168246701
193 44.7078417844
194 44.4993055267
195 44.2909826792
196 44.0842318456
197 43.8774910173
198 43.6729049698
199 43.468369644
200 43.2640809544
201 43.0609073931
202 42.8563213456
203 42.6539230541
204 42.4529198387
205 42.2541057728
206 42.0566402743
207 41.8613526881
208 41.6665329963
209 41.4719692649
210 41.2785766326
211 41.0863194189
212 40.8941281159
213 40.7034351213
214 40.5131009984
215 40.3240222139
216 40.1373583816
217 39.9523540519
218 39.7704297344
219 39.5889127261
220 39.4075740684
221 39.2263295289
222 39.0451056363
223 38.8651905078
224 38.6854209793
225 38.5057791356
226 38.3251826252
227 38.1461333956
228 37.9682849356
229 37.7911743181
230 37.6146317229
231 37.4387555974
232 37.266790014
233 37.0954513292
234 36.9246168096
235 36.7538283142
236 36.5838041928
237 36.4156911095
238 36.2485731238
239 36.0823404707
240 35.9174386078
241 35.7535115727
242 35.5903003041
243 35.4271179188
244 35.2644703268
245 35.1029164532
246 34.942777786
247 34.7828504273
248 34.6234477896
249 34.464719838
250 34.3060477812
251 34.1475237882
252 33.9896246233
253 33.8322016606
254 33.6751019152
255 33.5183377059
256 33.3619692503
257 33.205658524
258 33.0496097869
259 32.8937220225
260 32.7381718863
261 32.5831225114
262 32.4285234921
263 32.2741041072
264 32.1203864049
265 31.9667596402
266 31.8134164624
267 31.6604614888
268 31.5075695142
269 31.3547545124
270 31.2038211906
271 31.0529377061
272 30.9027036819
273 30.752788953
274 30.6030652384
275 30.4537452708
276 30.3048696626
277 30.156221745
278 30.0077665448
279 29.8595361626
280 29.7113476359
281 29.5632200237
282 29.4156401493
283 29.2686096689
284 29.1227058379
285 28.9788171966
286 28.8360727974
287 28.693716094
288 28.5518005482
289 28.4098984227
290 28.2681847949
291 28.126474617
292 27.9852514268
293 27.844561314
294 27.7040063021
295 27.5642002184
296 27.4263586853
297 27.2885644066
298 27.1507906354
299 27.0130617442
300 26.8756520346
301 26.7391374733
302 26.6028865375
303 26.4675471587
304 26.3324764752
305 26.1990801608
306 26.0659197794
307 25.9329663577
308 25.8003268506
309 25.667875119
310 25.5365561851
311 25.4056798155
312 25.2749041712
313 25.1447400522
314 25.0158805679
315 24.8871474992
316 24.7584162279
317 24.6297364931
318 24.5012840893
319 24.3729074309
320 24.2448606154
321 24.1169500438
322 23.9893428166
323 23.8623784831
324 23.7357973168
325 23.6096003334
326 23.4836213836
327 23.3576973293
328 23.2320093084
329 23.10678138
330 22.9815761498
331 22.8584070142
332 22.7355893541
333 22.613291124
334 22.4919826884
335 22.3709647269
336 22.2506020071
337 22.1314531852
338 22.0100569931
339 21.8898410457
340 21.7696421256
341 21.6495745884
342 21.529766926
343 21.4103504988
344 21.2912024455
345 21.1720536236
346 21.0531857286
347 20.9349437501
348 20.8168981262
349 20.6991371358
350 20.5813965312
351 20.4637858587
352 20.346723745
353 20.2297990893
354 20.1130675707
355 19.9968374068
356 19.8810556383
357 19.7656394344
358 19.6502850319
359 19.5350877817
360 19.4201161411
361 19.3052436321
362 19.1907078867
363 19.0761727873
364 18.9617567974
365 18.8474884008
366 18.7338276521
367 18.6194116622
368 18.5055386462
369 18.3919586538
370 18.2786732572
371 18.1659047163
372 18.0531498986
373 17.9408302466
374 17.8295531643
375 17.7167983466
376 17.6048065095
377 17.4936017813
378 17.3828572718
379 17.2722827265
380 17.161712097
381 17.0512358907
382 16.9412853961
383 16.8317781649
384 16.722585626
385 16.6134370509
386 16.5046885395
387 16.3965233561
388 16.2897210949
389 16.1829495171
390 16.076497007
391 15.9701051968
392 15.8637462418
393 15.757502669
394 15.6519261177
395 15.5466543312
396 15.4416172666
397 15.3366557092
398 15.2319571264
399 15.1273004428
400 15.0228933714
401 14.9188418407
402 14.8151960355
403 14.7115737223
404 14.6083012735
405 14.5053153561
406 14.4031471576
407 14.3013230671
408 14.1997012239
409 14.0985103073
410 13.9975516571
411 13.8971880874
412 13.7971484256
413 13.6978268548
414 13.598567234
415 13.4995175673
416 13.400701397
417 13.3029252234
418 13.2059513087
419 13.109815804
420 13.0138238864
421 12.9181132855
422 12.8225208246
423 12.7272167834
424 12.6320400964
425 12.5368831496
426 12.4419215207
427 12.3472568805
428 12.2527104985
429 12.1588565651
430 12.0657144867
431 11.9725919503
432 11.8795448735
433 11.7865167498
434 11.6935398936
435 11.6007546381
436 11.5080411309
437 11.4155702376
438 11.3232208208
439 11.2316065795
440 11.1401992448
441 11.048946056
442 10.9577669215
443 10.8669121179
444 10.77628863
445 10.6859233593
446 10.5955808875
447 10.5055850524
448 10.4156771664
449 10.3260635363
450 10.2368039801
451 10.1479276031
452 10.0592213462
453 9.97077653031
454 9.88256188694
455 9.7948362682
456 9.70727756713
457 9.61976072016
458 9.53246712386
459 9.44518953107
460 9.35825183267
461 9.27313615623
462 9.18854214342
463 9.10448262369
464 9.02044670244
465 8.93696912988
466 8.85385180514
467 8.77086623761
468 8.68831828747
469 8.60577280973
470 8.52334538511
471 8.44126988322
472 8.35921771803
473 8.27727379928
474 8.19603979995
475 8.11499363847
476 8.03399152763
477 7.95365198628
478 7.87349376241
479 7.79361931934
480 7.71393530741
481 7.6351901518
482 7.55653308591
483 7.47868378641
484 7.40126890722
485 7.32429452596
486 7.2474979482
487 7.17074984344
488 7.09412226135
489 7.01771428473
490 6.94137172343
491 6.86505711542
492 6.78935689815
493 6.71373176013
494 6.63831298981
495 6.56326370849
496 6.48843115703
497 6.41366981182
498 6.33895248898
499 6.26431253141
500 6.18984695098
501 6.11561757341
502 6.0414515782
503 5.96750735544
504 5.89394535589
505 5.82088567379
506 5.74867475383
507 5.67660475207
508 5.60463157796
509 5.53289364888
510 5.46141457931
511 5.39050409671
512 5.31960273776
513 5.24924979822
514 5.17909164371
515 5.10915781725
516 5.03952419942
517 4.97020777755
518 4.9010146971
519 4.83194707737
520 4.76290569961
521 4.694211086
522 4.62625987207
523 4.55956351178
524 4.49286948808
525 4.42620849215
526 4.35995366766
527 4.29383264633
528 4.2282255307
529 4.16314454598
530 4.09807862707
531 4.03333053583
532 3.96886493142
533 3.9045786658
534 3.84083856033
535 3.77721927784
536 3.71371193226
537 3.65061604433
538 3.58762730496
539 3.52523718328
540 3.4640018195
541 3.40338474697
542 3.34282060203
543 3.28229899079
544 3.22184062519
545 3.16200888924
546 3.10248964902
547 3.04379075422
548 2.98516859471
549 2.9265854275
550 2.86807822434
551 2.80991021555
552 2.75248550499
553 2.69541205792
554 2.63857110339
555 2.58177731389
556 2.52522560355
557 2.46868887973
558 2.41235436862
559 2.35626415927
560 2.30042868364
561 2.24566598247
562 2.19153988526
563 2.13986930751
564 2.08830904039
565 2.03711135128
566 1.98609914986
567 1.93521330398
568 1.88438751716
569 1.83375478183
570 1.78325032494
571 1.73279790329
572 1.68261096061
573 1.63272336778
574 1.58445171745
575 1.53632002507
576 1.48864691607
577 1.44111855293
578 1.3936700635
579 1.34650947256
580 1.30032275841
581 1.25417063165
582 1.20849228473
583 1.16359433697
584 1.11879126118
585 1.07473648482
586 1.03107618058
587 0.988267395721
588 0.94590726549
589 0.90384823608
590 0.862154575553
591 0.820468006267
592 0.779345203974
593 0.738921318576
594 0.699415785797
595 0.661257715673
596 0.623379706893
597 0.58552988398
598 0.548248335523
599 0.51243020039
600 0.478056322834
601 0.445020831529
602 0.412471690747
603 0.38147671676
604 0.350562689207
605 0.320081440544
606 0.290608573661
607 0.26131214757
608 0.234128882931
609 0.208457602897
610 0.183098605476
611 0.157908189503
612 0.132776651696
613 0.108567584653
614 0.0860135163559
615 0.0669258995438
616 0.0490368740865
617 0.0329929436009
618 0.018275987993
619 0.00763086789991
620 0.0
