1 284.753609793
2 129.412910638
3 98.2136769432
4 85.7454322586
5 79.1750491781
6 73.3437236656
7 68.8172001665
8 64.6228671134
9 62.0984925652
10 59.6256126563
11 57.15313891
12 54.9084614881
13 53.0655485219
14 51.3221514843
15 49.5822459029
16 48.2591919776
17 46.8546082587
18 45.561224955
19 44.3550375142
20 43.3303424376
21 42.3121212934
22 41.2960862
23 40.3163391568
24 39.347408927
25 38.4776618974
26 37.61256538
27 36.843756758
28 36.0825048148
29 35.3683619719
30 34.685252719
31 34.0144323257
32 33.3668530525
33 32.7216180212
34 32.0795739225
35 31.496478733
36 30.9234745307
37 30.3526819898
38 29.7869965648
39 29.2390346236
40 28.7005181429
41 28.1620016621
42 27.6504392588
43 27.1405373074
44 26.6643760266
45 26.2071988236
46 25.7450410167
47 25.3048501757
48 24.8665826331
49 24.4423185643
50 24.0241645093
51 23.6118539467
52 23.1995433842
53 22.7872328216
54 22.3749222591
55 21.9718638719
56 21.5845655372
57 21.1972672026
58 20.809968868
59 20.431774982
60 20.0576092433
61 19.6834435046
62 19.3228883771
63 18.9623332495
64 18.601778122
65 18.2493714731
66 17.9029613116
67 17.5565511501
68 17.2101409886
69 16.8637308271
70 16.5173206656
71 16.1856581865
72 15.8539957075
73 15.5223332284
74 15.2027070716
75 14.8864793056
76 14.5702515396
77 14.2540237736
78 13.9377960075
79 13.6377960075
80 13.3377960075
81 13.0377960075
82 12.7377960075
83 12.4377960075
84 12.1377960075
85 11.8377960075
86 11.5549532951
87 11.2721105826
88 11.0035548106
89 10.7389796795
90 10.4744045484
91 10.2098294173
92 9.94525428615
93 9.68067915504
94 9.41610402393
95 9.16071350166
96 8.91576452739
97 8.67081555311
98 8.42586657883
99 8.18091760455
100 7.93596863027
101 7.69101965599
102 7.44607068172
103 7.20112170744
104 6.97751490969
105 6.75390811194
106 6.53030131419
107 6.30669451644
108 6.08308771869
109 5.85948092094
110 5.63587412319
111 5.43587412319
112 5.23587412319
113 5.03587412319
114 4.83587412319
115 4.63587412319
116 4.43587412319
117 4.23587412319
118 4.06266904243
119 3.88946396167
120 3.71625888092
121 3.54305380016
122 3.3698487194
123 3.22842736316
124 3.08700600693
125 2.94558465069
126 2.80416329445
127 2.66274193822
128 2.52132058198
129 2.37989922574
130 2.2384778695
131 2.09705651327
132 1.95563515703
133 1.81421380079
134 1.67279244455
135 1.53137108832
136 1.38994973208
137 1.24852837584
138 1.10710701961
139 0.965685663368
140 0.82426430713
141 0.682842950893
142 0.541421594656
143 0.400000238418
144 0.300000238418
145 0.200000238419
146 0.100000238419
147 2.38418579102e-07
148 2.38418579102e-07
149 2.38418579102e-07
150 0.0
