1 9928.0
2 8869.0
3 8124.0
4 7518.0
5 7052.0
6 6608.0
7 6352.0
8 6104.0
9 5857.0
10 5631.0
11 5421.0
12 5214.0
13 5019.0
14 4858.0
15 4722.0
16 4590.0
17 4461.0
18 4344.0
19 4236.0
20 4129.0
21 4027.0
22 3930.0
23 3837.0
24 3747.0
25 3664.0
26 3574.0
27 3497.0
28 3420.0
29 3345.0
30 3275.0
31 3205.0
32 3141.0
33 3079.0
34 3017.0
35 2958.0
36 2900.0
37 2842.0
38 2791.0
39 2742.0
40 2694.0
41 2646.0
42 2598.0
43 2552.0
44 2506.0
45 2461.0
46 2416.0
47 2374.0
48 2331.0
49 2289.0
50 2247.0
51 2205.0
52 2164.0
53 2123.0
54 2084.0
55 2045.0
56 2007.0
57 1969.0
58 1933.0
59 1897.0
60 1864.0
61 1831.0
62 1799.0
63 1767.0
64 1735.0
65 1704.0
66 1673.0
67 1643.0
68 1614.0
69 1585.0
70 1556.0
71 1528.0
72 1500.0
73 1472.0
74 1445.0
75 1419.0
76 1393.0
77 1368.0
78 1343.0
79 1319.0
80 1295.0
81 1271.0
82 1248.0
83 1225.0
84 1202.0
85 1179.0
86 1156.0
87 1133.0
88 1111.0
89 1089.0
90 1067.0
91 1046.0
92 1025.0
93 1005.0
94 985.0
95 965.0
96 946.0
97 927.0
98 909.0
99 891.0
100 873.0
101 856.0
102 838.0
103 821.0
104 804.0
105 787.0
106 770.0
107 753.0
108 736.0
109 720.0
110 704.0
111 688.0
112 672.0
113 656.0
114 640.0
115 625.0
116 610.0
117 595.0
118 580.0
119 565.0
120 550.0
121 535.0
122 520.0
123 507.0
124 494.0
125 482.0
126 470.0
127 459.0
128 448.0
129 437.0
130 426.0
131 415.0
132 404.0
133 393.0
134 382.0
135 371.0
136 360.0
137 349.0
138 338.0
139 328.0
140 318.0
141 308.0
142 298.0
143 288.0
144 278.0
145 269.0
146 260.0
147 251.0
148 242.0
149 233.0
150 224.0
151 215.0
152 206.0
153 197.0
154 188.0
155 180.0
156 172.0
157 165.0
158 158.0
159 151.0
160 144.0
161 137.0
162 131.0
163 125.0
164 119.0
165 114.0
166 109.0
167 104.0
168 99.0
169 94.0
170 89.0
171 84.0
172 79.0
173 74.0
174 70.0
175 66.0
176 62.0
177 58.0
178 54.0
179 50.0
180 46.0
181 42.0
182 38.0
183 35.0
184 32.0
185 29.0
186 26.0
187 23.0
188 20.0
189 17.0
190 14.0
191 12.0
192 10.0
193 8.0
194 6.0
195 5.0
196 4.0
197 3.0
198 2.0
199 1.0
200 0.0
