1 11421.0
2 10021.0
3 9060.0
4 8457.0
5 7877.0
6 7460.0
7 7053.0
8 6756.0
9 6487.0
10 6226.0
11 5975.0
12 5746.0
13 5541.0
14 5320.0
15 5163.0
16 5015.0
17 4869.0
18 4718.0
19 4577.0
20 4445.0
21 4322.0
22 4206.0
23 4104.0
24 4008.0
25 3924.0
26 3844.0
27 3766.0
28 3688.0
29 3612.0
30 3544.0
31 3477.0
32 3411.0
33 3345.0
34 3280.0
35 3219.0
36 3159.0
37 3102.0
38 3048.0
39 2994.0
40 2940.0
41 2888.0
42 2838.0
43 2788.0
44 2741.0
45 2695.0
46 2650.0
47 2606.0
48 2562.0
49 2519.0
50 2476.0
51 2433.0
52 2391.0
53 2349.0
54 2309.0
55 2269.0
56 2229.0
57 2189.0
58 2150.0
59 2110.0
60 2071.0
61 2032.0
62 1993.0
63 1955.0
64 1917.0
65 1881.0
66 1846.0
67 1811.0
68 1776.0
69 1742.0
70 1708.0
71 1674.0
72 1641.0
73 1608.0
74 1576.0
75 1546.0
76 1516.0
77 1487.0
78 1458.0
79 1429.0
80 1400.0
81 1372.0
82 1344.0
83 1317.0
84 1290.0
85 1263.0
86 1237.0
87 1211.0
88 1187.0
89 1164.0
90 1141.0
91 1119.0
92 1097.0
93 1075.0
94 1054.0
95 1033.0
96 1012.0
97 992.0
98 972.0
99 953.0
100 934.0
101 915.0
102 896.0
103 877.0
104 859.0
105 841.0
106 823.0
107 805.0
108 787.0
109 769.0
110 751.0
111 734.0
112 717.0
113 700.0
114 683.0
115 667.0
116 651.0
117 635.0
118 619.0
119 603.0
120 588.0
121 573.0
122 559.0
123 545.0
124 531.0
125 517.0
126 503.0
127 490.0
128 477.0
129 464.0
130 451.0
131 438.0
132 426.0
133 414.0
134 402.0
135 390.0
136 378.0
137 366.0
138 354.0
139 342.0
140 330.0
141 319.0
142 308.0
143 297.0
144 286.0
145 276.0
146 266.0
147 256.0
148 246.0
149 236.0
150 227.0
151 218.0
152 209.0
153 200.0
154 191.0
155 183.0
156 175.0
157 167.0
158 160.0
159 153.0
160 146.0
161 139.0
162 132.0
163 125.0
164 118.0
165 112.0
166 107.0
167 102.0
168 97.0
169 92.0
170 87.0
171 82.0
172 78.0
173 74.0
174 70.0
175 66.0
176 62.0
177 58.0
178 54.0
179 50.0
180 46.0
181 42.0
182 39.0
183 36.0
184 33.0
185 30.0
186 27.0
187 24.0
188 21.0
189 18.0
190 16.0
191 14.0
192 12.0
193 10.0
194 8.0
195 6.0
196 4.0
197 3.0
198 2.0
199 1.0
200 0.0
