1 11497.0
2 9524.0
3 8329.0
4 7756.0
5 7310.0
6 6965.0
7 6656.0
8 6345.0
9 6056.0
10 5780.0
11 5535.0
12 5325.0
13 5137.0
14 4954.0
15 4816.0
16 4692.0
17 4572.0
18 4453.0
19 4334.0
20 4226.0
21 4118.0
22 4018.0
23 3920.0
24 3830.0
25 3743.0
26 3661.0
27 3583.0
28 3504.0
29 3430.0
30 3358.0
31 3286.0
32 3218.0
33 3155.0
34 3092.0
35 3031.0
36 2970.0
37 2910.0
38 2850.0
39 2792.0
40 2734.0
41 2676.0
42 2624.0
43 2574.0
44 2524.0
45 2474.0
46 2425.0
47 2376.0
48 2329.0
49 2281.0
50 2236.0
51 2193.0
52 2151.0
53 2111.0
54 2072.0
55 2034.0
56 1997.0
57 1961.0
58 1925.0
59 1889.0
60 1855.0
61 1821.0
62 1787.0
63 1753.0
64 1719.0
65 1686.0
66 1653.0
67 1620.0
68 1587.0
69 1556.0
70 1525.0
71 1495.0
72 1465.0
73 1435.0
74 1406.0
75 1378.0
76 1350.0
77 1322.0
78 1294.0
79 1266.0
80 1238.0
81 1210.0
82 1183.0
83 1156.0
84 1129.0
85 1102.0
86 1075.0
87 1049.0
88 1024.0
89 1001.0
90 979.0
91 957.0
92 935.0
93 915.0
94 895.0
95 875.0
96 855.0
97 836.0
98 817.0
99 798.0
100 780.0
101 763.0
102 746.0
103 729.0
104 712.0
105 695.0
106 678.0
107 662.0
108 646.0
109 630.0
110 614.0
111 599.0
112 584.0
113 569.0
114 555.0
115 541.0
116 527.0
117 514.0
118 501.0
119 488.0
120 476.0
121 464.0
122 452.0
123 440.0
124 429.0
125 418.0
126 407.0
127 396.0
128 385.0
129 375.0
130 365.0
131 355.0
132 345.0
133 335.0
134 325.0
135 315.0
136 305.0
137 296.0
138 287.0
139 279.0
140 271.0
141 263.0
142 255.0
143 247.0
144 239.0
145 231.0
146 223.0
147 215.0
148 207.0
149 199.0
150 192.0
151 185.0
152 178.0
153 171.0
154 164.0
155 157.0
156 150.0
157 144.0
158 138.0
159 132.0
160 127.0
161 122.0
162 117.0
163 112.0
164 107.0
165 102.0
166 97.0
167 92.0
168 87.0
169 82.0
170 77.0
171 73.0
172 69.0
173 65.0
174 61.0
175 57.0
176 53.0
177 49.0
178 45.0
179 42.0
180 39.0
181 36.0
182 33.0
183 30.0
184 27.0
185 24.0
186 21.0
187 19.0
188 17.0
189 15.0
190 13.0
191 11.0
192 9.0
193 7.0
194 6.0
195 5.0
196 4.0
197 3.0
198 2.0
199 1.0
200 0.0
