1 11239.0
2 9640.0
3 8698.0
4 8170.0
5 7835.0
6 7550.0
7 7282.0
8 7042.0
9 6839.0
10 6660.0
11 6484.0
12 6321.0
13 6169.0
14 6024.0
15 5881.0
16 5744.0
17 5619.0
18 5501.0
19 5383.0
20 5268.0
21 5159.0
22 5062.0
23 4972.0
24 4877.0
25 4785.0
26 4695.0
27 4605.0
28 4526.0
29 4449.0
30 4374.0
31 4306.0
32 4246.0
33 4186.0
34 4127.0
35 4070.0
36 4013.0
37 3957.0
38 3901.0
39 3845.0
40 3792.0
41 3739.0
42 3687.0
43 3636.0
44 3585.0
45 3535.0
46 3485.0
47 3436.0
48 3394.0
49 3352.0
50 3311.0
51 3270.0
52 3229.0
53 3189.0
54 3150.0
55 3111.0
56 3073.0
57 3037.0
58 3001.0
59 2965.0
60 2929.0
61 2894.0
62 2859.0
63 2825.0
64 2791.0
65 2757.0
66 2724.0
67 2691.0
68 2658.0
69 2625.0
70 2593.0
71 2562.0
72 2531.0
73 2500.0
74 2469.0
75 2439.0
76 2409.0
77 2380.0
78 2352.0
79 2324.0
80 2296.0
81 2269.0
82 2242.0
83 2215.0
84 2188.0
85 2161.0
86 2135.0
87 2109.0
88 2083.0
89 2057.0
90 2032.0
91 2007.0
92 1983.0
93 1959.0
94 1935.0
95 1912.0
96 1889.0
97 1866.0
98 1843.0
99 1820.0
100 1797.0
101 1775.0
102 1753.0
103 1731.0
104 1710.0
105 1688.0
106 1667.0
107 1646.0
108 1625.0
109 1605.0
110 1585.0
111 1565.0
112 1545.0
113 1525.0
114 1505.0
115 1486.0
116 1467.0
117 1448.0
118 1429.0
119 1410.0
120 1392.0
121 1374.0
122 1356.0
123 1340.0
124 1323.0
125 1307.0
126 1291.0
127 1275.0
128 1259.0
129 1243.0
130 1227.0
131 1211.0
132 1195.0
133 1179.0
134 1163.0
135 1147.0
136 1131.0
137 1115.0
138 1100.0
139 1085.0
140 1070.0
141 1055.0
142 1040.0
143 1025.0
144 1010.0
145 996.0
146 982.0
147 968.0
148 954.0
149 940.0
150 926.0
151 912.0
152 898.0
153 884.0
154 870.0
155 857.0
156 844.0
157 831.0
158 818.0
159 805.0
160 792.0
161 779.0
162 767.0
163 755.0
164 743.0
165 731.0
166 719.0
167 707.0
168 696.0
169 685.0
170 674.0
171 663.0
172 652.0
173 641.0
174 630.0
175 619.0
176 609.0
177 599.0
178 589.0
179 579.0
180 569.0
181 559.0
182 549.0
183 539.0
184 530.0
185 521.0
186 512.0
187 503.0
188 494.0
189 486.0
190 478.0
191 470.0
192 462.0
193 454.0
194 446.0
195 438.0
196 430.0
197 422.0
198 414.0
199 406.0
200 398.0
201 391.0
202 384.0
203 377.0
204 370.0
205 363.0
206 356.0
207 349.0
208 342.0
209 335.0
210 328.0
211 321.0
212 314.0
213 307.0
214 301.0
215 295.0
216 289.0
217 283.0
218 277.0
219 271.0
220 265.0
221 259.0
222 253.0
223 247.0
224 241.0
225 235.0
226 229.0
227 223.0
228 217.0
229 211.0
230 205.0
231 199.0
232 194.0
233 189.0
234 184.0
235 179.0
236 174.0
237 169.0
238 164.0
239 159.0
240 154.0
241 149.0
242 144.0
243 139.0
244 134.0
245 130.0
246 126.0
247 122.0
248 118.0
249 114.0
250 110.0
251 106.0
252 102.0
253 98.0
254 94.0
255 90.0
256 86.0
257 82.0
258 78.0
259 74.0
260 70.0
261 67.0
262 64.0
263 61.0
264 58.0
265 55.0
266 52.0
267 49.0
268 47.0
269 45.0
270 43.0
271 41.0
272 39.0
273 37.0
274 35.0
275 33.0
276 31.0
277 29.0
278 27.0
279 25.0
280 23.0
281 21.0
282 19.0
283 17.0
284 16.0
285 15.0
286 14.0
287 13.0
288 12.0
289 11.0
290 10.0
291 9.0
292 8.0
293 7.0
294 6.0
295 5.0
296 4.0
297 3.0
298 2.0
299 1.0
300 0.0
