1 9033.0
2 7350.0
3 6599.0
4 6126.0
5 5692.0
6 5307.0
7 5014.0
8 4734.0
9 4493.0
10 4274.0
11 4093.0
12 3957.0
13 3819.0
14 3694.0
15 3583.0
16 3480.0
17 3386.0
18 3295.0
19 3208.0
20 3135.0
21 3067.0
22 3000.0
23 2935.0
24 2871.0
25 2807.0
26 2748.0
27 2690.0
28 2635.0
29 2582.0
30 2534.0
31 2486.0
32 2439.0
33 2392.0
34 2350.0
35 2308.0
36 2266.0
37 2225.0
38 2185.0
39 2147.0
40 2108.0
41 2070.0
42 2033.0
43 1996.0
44 1960.0
45 1924.0
46 1888.0
47 1852.0
48 1817.0
49 1782.0
50 1747.0
51 1713.0
52 1679.0
53 1646.0
54 1613.0
55 1580.0
56 1550.0
57 1520.0
58 1490.0
59 1461.0
60 1433.0
61 1406.0
62 1380.0
63 1354.0
64 1329.0
65 1304.0
66 1279.0
67 1255.0
68 1231.0
69 1208.0
70 1185.0
71 1162.0
72 1140.0
73 1118.0
74 1097.0
75 1076.0
76 1055.0
77 1035.0
78 1016.0
79 997.0
80 978.0
81 960.0
82 942.0
83 924.0
84 906.0
85 889.0
86 872.0
87 855.0
88 839.0
89 823.0
90 807.0
91 791.0
92 775.0
93 759.0
94 744.0
95 729.0
96 714.0
97 699.0
98 684.0
99 669.0
100 655.0
101 641.0
102 627.0
103 613.0
104 599.0
105 585.0
106 571.0
107 558.0
108 545.0
109 532.0
110 519.0
111 506.0
112 493.0
113 480.0
114 467.0
115 455.0
116 443.0
117 431.0
118 419.0
119 408.0
120 397.0
121 386.0
122 375.0
123 364.0
124 354.0
125 344.0
126 334.0
127 324.0
128 315.0
129 306.0
130 297.0
131 289.0
132 281.0
133 273.0
134 265.0
135 257.0
136 249.0
137 241.0
138 233.0
139 225.0
140 218.0
141 211.0
142 204.0
143 197.0
144 191.0
145 185.0
146 179.0
147 173.0
148 167.0
149 161.0
150 155.0
151 149.0
152 143.0
153 137.0
154 131.0
155 126.0
156 121.0
157 116.0
158 111.0
159 106.0
160 102.0
161 98.0
162 94.0
163 90.0
164 86.0
165 82.0
166 78.0
167 74.0
168 70.0
169 66.0
170 62.0
171 58.0
172 55.0
173 52.0
174 49.0
175 46.0
176 43.0
177 40.0
178 37.0
179 35.0
180 33.0
181 31.0
182 29.0
183 27.0
184 25.0
185 23.0
186 21.0
187 19.0
188 17.0
189 15.0
190 13.0
191 11.0
192 9.0
193 7.0
194 6.0
195 5.0
196 4.0
197 3.0
198 2.0
199 1.0
200 0.0
