1 12898.0
2 11519.0
3 10549.0
4 10029.0
5 9612.0
6 9255.0
7 8946.0
8 8686.0
9 8458.0
10 8256.0
11 8062.0
12 7877.0
13 7719.0
14 7572.0
15 7416.0
16 7284.0
17 7165.0
18 7049.0
19 6933.0
20 6825.0
21 6717.0
22 6616.0
23 6515.0
24 6415.0
25 6325.0
26 6240.0
27 6159.0
28 6076.0
29 6001.0
30 5927.0
31 5860.0
32 5793.0
33 5729.0
34 5668.0
35 5610.0
36 5553.0
37 5498.0
38 5443.0
39 5391.0
40 5340.0
41 5290.0
42 5240.0
43 5191.0
44 5144.0
45 5097.0
46 5050.0
47 5005.0
48 4961.0
49 4919.0
50 4878.0
51 4839.0
52 4799.0
53 4760.0
54 4721.0
55 4683.0
56 4645.0
57 4607.0
58 4569.0
59 4533.0
60 4498.0
61 4463.0
62 4428.0
63 4393.0
64 4359.0
65 4326.0
66 4293.0
67 4261.0
68 4229.0
69 4197.0
70 4165.0
71 4133.0
72 4101.0
73 4069.0
74 4038.0
75 4007.0
76 3976.0
77 3946.0
78 3916.0
79 3887.0
80 3859.0
81 3831.0
82 3804.0
83 3777.0
84 3750.0
85 3723.0
86 3697.0
87 3671.0
88 3645.0
89 3619.0
90 3593.0
91 3568.0
92 3544.0
93 3520.0
94 3496.0
95 3472.0
96 3448.0
97 3424.0
98 3400.0
99 3377.0
100 3354.0
101 3332.0
102 3310.0
103 3288.0
104 3266.0
105 3244.0
106 3222.0
107 3201.0
108 3180.0
109 3159.0
110 3138.0
111 3118.0
112 3098.0
113 3078.0
114 3058.0
115 3038.0
116 3018.0
117 2998.0
118 2979.0
119 2960.0
120 2941.0
121 2922.0
122 2903.0
123 2884.0
124 2866.0
125 2847.0
126 2829.0
127 2811.0
128 2793.0
129 2775.0
130 2758.0
131 2741.0
132 2724.0
133 2707.0
134 2690.0
135 2673.0
136 2657.0
137 2641.0
138 2625.0
139 2609.0
140 2593.0
141 2577.0
142 2561.0
143 2545.0
144 2529.0
145 2513.0
146 2498.0
147 2482.0
148 2467.0
149 2452.0
150 2437.0
151 2422.0
152 2407.0
153 2392.0
154 2377.0
155 2362.0
156 2347.0
157 2333.0
158 2319.0
159 2305.0
160 2290.0
161 2276.0
162 2262.0
163 2248.0
164 2234.0
165 2220.0
166 2207.0
167 2194.0
168 2181.0
169 2168.0
170 2155.0
171 2142.0
172 2129.0
173 2116.0
174 2103.0
175 2090.0
176 2077.0
177 2064.0
178 2051.0
179 2038.0
180 2026.0
181 2014.0
182 2002.0
183 1990.0
184 1978.0
185 1966.0
186 1954.0
187 1942.0
188 1930.0
189 1918.0
190 1906.0
191 1894.0
192 1882.0
193 1870.0
194 1858.0
195 1846.0
196 1834.0
197 1822.0
198 1811.0
199 1800.0
200 1789.0
201 1778.0
202 1767.0
203 1756.0
204 1745.0
205 1734.0
206 1723.0
207 1712.0
208 1701.0
209 1690.0
210 1680.0
211 1670.0
212 1660.0
213 1650.0
214 1640.0
215 1630.0
216 1620.0
217 1610.0
218 1600.0
219 1590.0
220 1580.0
221 1570.0
222 1560.0
223 1550.0
224 1540.0
225 1530.0
226 1520.0
227 1510.0
228 1500.0
229 1490.0
230 1480.0
231 1470.0
232 1460.0
233 1450.0
234 1440.0
235 1431.0
236 1422.0
237 1413.0
238 1404.0
239 1395.0
240 1386.0
241 1377.0
242 1368.0
243 1359.0
244 1350.0
245 1341.0
246 1332.0
247 1323.0
248 1314.0
249 1305.0
250 1296.0
251 1287.0
252 1278.0
253 1269.0
254 1260.0
255 1251.0
256 1242.0
257 1233.0
258 1225.0
259 1217.0
260 1209.0
261 1201.0
262 1193.0
263 1185.0
264 1177.0
265 1169.0
266 1161.0
267 1153.0
268 1145.0
269 1137.0
270 1129.0
271 1121.0
272 1113.0
273 1106.0
274 1099.0
275 1092.0
276 1085.0
277 1078.0
278 1071.0
279 1064.0
280 1057.0
281 1050.0
282 1043.0
283 1036.0
284 1029.0
285 1022.0
286 1015.0
287 1008.0
288 1001.0
289 994.0
290 987.0
291 980.0
292 973.0
293 966.0
294 959.0
295 952.0
296 946.0
297 940.0
298 934.0
299 928.0
300 922.0
301 916.0
302 910.0
303 904.0
304 898.0
305 892.0
306 886.0
307 880.0
308 874.0
309 868.0
310 862.0
311 856.0
312 850.0
313 844.0
314 838.0
315 832.0
316 826.0
317 820.0
318 814.0
319 808.0
320 802.0
321 796.0
322 790.0
323 784.0
324 778.0
325 772.0
326 766.0
327 760.0
328 754.0
329 748.0
330 742.0
331 736.0
332 730.0
333 724.0
334 718.0
335 712.0
336 706.0
337 700.0
338 694.0
339 688.0
340 682.0
341 676.0
342 671.0
343 665.0
344 660.0
345 654.0
346 649.0
347 644.0
348 639.0
349 634.0
350 629.0
351 624.0
352 619.0
353 614.0
354 609.0
355 604.0
356 599.0
357 594.0
358 589.0
359 584.0
360 579.0
361 574.0
362 569.0
363 564.0
364 559.0
365 554.0
366 549.0
367 544.0
368 539.0
369 534.0
370 529.0
371 524.0
372 519.0
373 514.0
374 509.0
375 504.0
376 499.0
377 494.0
378 489.0
379 485.0
380 481.0
381 477.0
382 473.0
383 469.0
384 465.0
385 461.0
386 457.0
387 453.0
388 449.0
389 445.0
390 441.0
391 437.0
392 433.0
393 429.0
394 425.0
395 421.0
396 417.0
397 413.0
398 409.0
399 405.0
400 401.0
401 397.0
402 393.0
403 389.0
404 385.0
405 381.0
406 377.0
407 373.0
408 369.0
409 365.0
410 361.0
411 357.0
412 353.0
413 349.0
414 345.0
415 341.0
416 337.0
417 334.0
418 330.0
419 327.0
420 324.0
421 321.0
422 318.0
423 315.0
424 312.0
425 309.0
426 306.0
427 303.0
428 300.0
429 297.0
430 294.0
431 291.0
432 288.0
433 285.0
434 282.0
435 279.0
436 276.0
437 273.0
438 270.0
439 267.0
440 264.0
441 261.0
442 258.0
443 255.0
444 252.0
445 249.0
446 246.0
447 243.0
448 240.0
449 237.0
450 234.0
451 231.0
452 228.0
453 225.0
454 222.0
455 219.0
456 216.0
457 213.0
458 210.0
459 207.0
460 204.0
461 201.0
462 198.0
463 196.0
464 194.0
465 191.0
466 189.0
467 187.0
468 185.0
469 183.0
470 181.0
471 179.0
472 177.0
473 175.0
474 173.0
475 171.0
476 169.0
477 167.0
478 165.0
479 163.0
480 161.0
481 159.0
482 157.0
483 155.0
484 153.0
485 151.0
486 149.0
487 147.0
488 145.0
489 143.0
490 141.0
491 139.0
492 137.0
493 135.0
494 133.0
495 131.0
496 129.0
497 127.0
498 125.0
499 123.0
500 121.0
501 119.0
502 117.0
503 115.0
504 113.0
505 111.0
506 109.0
507 107.0
508 105.0
509 103.0
510 101.0
511 99.0
512 97.0
513 95.0
514 93.0
515 91.0
516 89.0
517 87.0
518 85.0
519 83.0
520 81.0
521 79.0
522 78.0
523 77.0
524 76.0
525 75.0
526 74.0
527 73.0
528 72.0
529 71.0
530 70.0
531 69.0
532 68.0
533 67.0
534 66.0
535 65.0
536 64.0
537 63.0
538 62.0
539 61.0
540 60.0
541 59.0
542 58.0
543 57.0
544 56.0
545 55.0
546 54.0
547 53.0
548 52.0
549 51.0
550 50.0
551 49.0
552 48.0
553 47.0
554 46.0
555 45.0
556 44.0
557 43.0
558 42.0
559 41.0
560 40.0
561 39.0
562 38.0
563 37.0
564 36.0
565 35.0
566 34.0
567 33.0
568 32.0
569 31.0
570 30.0
571 29.0
572 28.0
573 27.0
574 26.0
575 25.0
576 24.0
577 23.0
578 22.0
579 21.0
580 20.0
581 19.0
582 18.0
583 17.0
584 16.0
585 15.0
586 14.0
587 13.0
588 12.0
589 11.0
590 10.0
591 9.0
592 8.0
593 7.0
594 6.0
595 5.0
596 4.0
597 3.0
598 2.0
599 1.0
600 0.0
