1 14720.0
2 13115.0
3 12307.0
4 11622.0
5 11069.0
6 10638.0
7 10291.0
8 9972.0
9 9690.0
10 9423.0
11 9207.0
12 9015.0
13 8837.0
14 8666.0
15 8514.0
16 8374.0
17 8244.0
18 8113.0
19 7997.0
20 7894.0
21 7798.0
22 7702.0
23 7609.0
24 7520.0
25 7434.0
26 7348.0
27 7269.0
28 7195.0
29 7122.0
30 7051.0
31 6981.0
32 6917.0
33 6851.0
34 6788.0
35 6726.0
36 6665.0
37 6606.0
38 6548.0
39 6491.0
40 6436.0
41 6383.0
42 6331.0
43 6279.0
44 6228.0
45 6179.0
46 6130.0
47 6082.0
48 6034.0
49 5988.0
50 5941.0
51 5895.0
52 5849.0
53 5810.0
54 5771.0
55 5732.0
56 5693.0
57 5655.0
58 5617.0
59 5581.0
60 5545.0
61 5509.0
62 5474.0
63 5439.0
64 5406.0
65 5373.0
66 5341.0
67 5309.0
68 5277.0
69 5246.0
70 5215.0
71 5184.0
72 5155.0
73 5125.0
74 5096.0
75 5066.0
76 5038.0
77 5010.0
78 4983.0
79 4956.0
80 4929.0
81 4903.0
82 4878.0
83 4853.0
84 4829.0
85 4805.0
86 4780.0
87 4756.0
88 4732.0
89 4708.0
90 4684.0
91 4661.0
92 4638.0
93 4616.0
94 4594.0
95 4572.0
96 4550.0
97 4527.0
98 4505.0
99 4483.0
100 4461.0
101 4439.0
102 4418.0
103 4397.0
104 4376.0
105 4356.0
106 4335.0
107 4314.0
108 4294.0
109 4273.0
110 4253.0
111 4233.0
112 4213.0
113 4193.0
114 4173.0
115 4153.0
116 4134.0
117 4115.0
118 4096.0
119 4077.0
120 4058.0
121 4040.0
122 4022.0
123 4004.0
124 3985.0
125 3967.0
126 3949.0
127 3931.0
128 3913.0
129 3895.0
130 3877.0
131 3860.0
132 3843.0
133 3826.0
134 3810.0
135 3793.0
136 3777.0
137 3761.0
138 3745.0
139 3729.0
140 3713.0
141 3698.0
142 3683.0
143 3668.0
144 3653.0
145 3638.0
146 3623.0
147 3608.0
148 3593.0
149 3578.0
150 3563.0
151 3548.0
152 3533.0
153 3518.0
154 3503.0
155 3489.0
156 3475.0
157 3461.0
158 3447.0
159 3433.0
160 3419.0
161 3405.0
162 3391.0
163 3377.0
164 3364.0
165 3350.0
166 3336.0
167 3323.0
168 3309.0
169 3296.0
170 3282.0
171 3269.0
172 3256.0
173 3243.0
174 3230.0
175 3217.0
176 3204.0
177 3191.0
178 3178.0
179 3166.0
180 3154.0
181 3142.0
182 3130.0
183 3118.0
184 3106.0
185 3094.0
186 3082.0
187 3070.0
188 3058.0
189 3046.0
190 3034.0
191 3022.0
192 3010.0
193 2998.0
194 2986.0
195 2974.0
196 2963.0
197 2951.0
198 2940.0
199 2929.0
200 2918.0
201 2907.0
202 2896.0
203 2885.0
204 2874.0
205 2863.0
206 2852.0
207 2841.0
208 2830.0
209 2819.0
210 2808.0
211 2797.0
212 2786.0
213 2775.0
214 2764.0
215 2753.0
216 2742.0
217 2731.0
218 2720.0
219 2709.0
220 2698.0
221 2688.0
222 2678.0
223 2668.0
224 2658.0
225 2648.0
226 2638.0
227 2628.0
228 2618.0
229 2608.0
230 2598.0
231 2588.0
232 2578.0
233 2568.0
234 2558.0
235 2548.0
236 2538.0
237 2528.0
238 2518.0
239 2508.0
240 2498.0
241 2488.0
242 2478.0
243 2468.0
244 2458.0
245 2448.0
246 2438.0
247 2428.0
248 2418.0
249 2408.0
250 2399.0
251 2389.0
252 2380.0
253 2371.0
254 2362.0
255 2353.0
256 2344.0
257 2335.0
258 2326.0
259 2317.0
260 2308.0
261 2299.0
262 2290.0
263 2281.0
264 2272.0
265 2263.0
266 2254.0
267 2245.0
268 2236.0
269 2227.0
270 2218.0
271 2209.0
272 2200.0
273 2191.0
274 2182.0
275 2173.0
276 2164.0
277 2155.0
278 2146.0
279 2137.0
280 2128.0
281 2120.0
282 2112.0
283 2104.0
284 2096.0
285 2088.0
286 2080.0
287 2072.0
288 2064.0
289 2056.0
290 2048.0
291 2040.0
292 2032.0
293 2024.0
294 2016.0
295 2008.0
296 2000.0
297 1992.0
298 1984.0
299 1976.0
300 1968.0
301 1960.0
302 1952.0
303 1944.0
304 1936.0
305 1928.0
306 1920.0
307 1912.0
308 1904.0
309 1896.0
310 1888.0
311 1880.0
312 1872.0
313 1864.0
314 1856.0
315 1848.0
316 1841.0
317 1833.0
318 1826.0
319 1819.0
320 1812.0
321 1805.0
322 1798.0
323 1791.0
324 1784.0
325 1777.0
326 1770.0
327 1763.0
328 1756.0
329 1749.0
330 1742.0
331 1735.0
332 1728.0
333 1721.0
334 1714.0
335 1707.0
336 1700.0
337 1693.0
338 1686.0
339 1679.0
340 1672.0
341 1665.0
342 1658.0
343 1651.0
344 1644.0
345 1637.0
346 1630.0
347 1623.0
348 1616.0
349 1609.0
350 1603.0
351 1597.0
352 1591.0
353 1585.0
354 1579.0
355 1573.0
356 1567.0
357 1561.0
358 1555.0
359 1549.0
360 1543.0
361 1537.0
362 1531.0
363 1525.0
364 1519.0
365 1513.0
366 1507.0
367 1501.0
368 1495.0
369 1489.0
370 1483.0
371 1477.0
372 1471.0
373 1465.0
374 1459.0
375 1453.0
376 1447.0
377 1441.0
378 1435.0
379 1429.0
380 1423.0
381 1417.0
382 1411.0
383 1405.0
384 1399.0
385 1393.0
386 1387.0
387 1381.0
388 1375.0
389 1369.0
390 1363.0
391 1357.0
392 1351.0
393 1345.0
394 1339.0
395 1333.0
396 1327.0
397 1321.0
398 1315.0
399 1309.0
400 1303.0
401 1297.0
402 1291.0
403 1285.0
404 1279.0
405 1274.0
406 1268.0
407 1263.0
408 1257.0
409 1252.0
410 1247.0
411 1242.0
412 1237.0
413 1232.0
414 1227.0
415 1222.0
416 1217.0
417 1212.0
418 1207.0
419 1202.0
420 1197.0
421 1192.0
422 1187.0
423 1182.0
424 1177.0
425 1172.0
426 1167.0
427 1162.0
428 1157.0
429 1152.0
430 1147.0
431 1142.0
432 1137.0
433 1132.0
434 1127.0
435 1122.0
436 1117.0
437 1112.0
438 1107.0
439 1102.0
440 1097.0
441 1092.0
442 1087.0
443 1082.0
444 1077.0
445 1072.0
446 1067.0
447 1062.0
448 1057.0
449 1052.0
450 1047.0
451 1042.0
452 1037.0
453 1032.0
454 1027.0
455 1022.0
456 1017.0
457 1012.0
458 1007.0
459 1002.0
460 997.0
461 992.0
462 987.0
463 982.0
464 977.0
465 972.0
466 967.0
467 962.0
468 957.0
469 952.0
470 947.0
471 942.0
472 937.0
473 932.0
474 927.0
475 923.0
476 918.0
477 914.0
478 909.0
479 905.0
480 901.0
481 897.0
482 893.0
483 889.0
484 885.0
485 881.0
486 877.0
487 873.0
488 869.0
489 865.0
490 861.0
491 857.0
492 853.0
493 849.0
494 845.0
495 841.0
496 837.0
497 833.0
498 829.0
499 825.0
500 821.0
501 817.0
502 813.0
503 809.0
504 805.0
505 801.0
506 797.0
507 793.0
508 789.0
509 785.0
510 781.0
511 777.0
512 773.0
513 769.0
514 765.0
515 761.0
516 757.0
517 753.0
518 749.0
519 745.0
520 741.0
521 737.0
522 733.0
523 729.0
524 725.0
525 721.0
526 717.0
527 713.0
528 709.0
529 705.0
530 701.0
531 697.0
532 693.0
533 689.0
534 685.0
535 681.0
536 677.0
537 673.0
538 669.0
539 665.0
540 661.0
541 657.0
542 653.0
543 649.0
544 645.0
545 641.0
546 637.0
547 633.0
548 629.0
549 625.0
550 622.0
551 618.0
552 615.0
553 612.0
554 609.0
555 606.0
556 603.0
557 600.0
558 597.0
559 594.0
560 591.0
561 588.0
562 585.0
563 582.0
564 579.0
565 576.0
566 573.0
567 570.0
568 567.0
569 564.0
570 561.0
571 558.0
572 555.0
573 552.0
574 549.0
575 546.0
576 543.0
577 540.0
578 537.0
579 534.0
580 531.0
581 528.0
582 525.0
583 522.0
584 519.0
585 516.0
586 513.0
587 510.0
588 507.0
589 504.0
590 501.0
591 498.0
592 495.0
593 492.0
594 489.0
595 486.0
596 483.0
597 480.0
598 477.0
599 474.0
600 471.0
601 468.0
602 465.0
603 462.0
604 459.0
605 456.0
606 453.0
607 450.0
608 447.0
609 444.0
610 441.0
611 438.0
612 435.0
613 432.0
614 429.0
615 426.0
616 423.0
617 420.0
618 417.0
619 414.0
620 411.0
621 408.0
622 405.0
623 402.0
624 399.0
625 396.0
626 393.0
627 390.0
628 388.0
629 386.0
630 384.0
631 382.0
632 380.0
633 378.0
634 376.0
635 374.0
636 372.0
637 370.0
638 368.0
639 366.0
640 364.0
641 362.0
642 360.0
643 358.0
644 356.0
645 354.0
646 352.0
647 350.0
648 348.0
649 346.0
650 344.0
651 342.0
652 340.0
653 338.0
654 336.0
655 334.0
656 332.0
657 330.0
658 328.0
659 326.0
660 324.0
661 322.0
662 320.0
663 318.0
664 316.0
665 314.0
666 312.0
667 310.0
668 308.0
669 306.0
670 304.0
671 302.0
672 300.0
673 298.0
674 296.0
675 294.0
676 292.0
677 290.0
678 288.0
679 286.0
680 284.0
681 282.0
682 280.0
683 278.0
684 276.0
685 274.0
686 272.0
687 270.0
688 268.0
689 266.0
690 264.0
691 262.0
692 260.0
693 258.0
694 256.0
695 254.0
696 252.0
697 250.0
698 248.0
699 246.0
700 244.0
701 242.0
702 240.0
703 238.0
704 236.0
705 234.0
706 232.0
707 230.0
708 228.0
709 226.0
710 224.0
711 222.0
712 220.0
713 218.0
714 216.0
715 214.0
716 212.0
717 210.0
718 208.0
719 206.0
720 204.0
721 202.0
722 200.0
723 198.0
724 196.0
725 194.0
726 192.0
727 190.0
728 188.0
729 186.0
730 184.0
731 182.0
732 180.0
733 178.0
734 176.0
735 174.0
736 172.0
737 170.0
738 168.0
739 166.0
740 164.0
741 162.0
742 160.0
743 158.0
744 156.0
745 155.0
746 154.0
747 153.0
748 152.0
749 151.0
750 150.0
751 149.0
752 148.0
753 147.0
754 146.0
755 145.0
756 144.0
757 143.0
758 142.0
759 141.0
760 140.0
761 139.0
762 138.0
763 137.0
764 136.0
765 135.0
766 134.0
767 133.0
768 132.0
769 131.0
770 130.0
771 129.0
772 128.0
773 127.0
774 126.0
775 125.0
776 124.0
777 123.0
778 122.0
779 121.0
780 120.0
781 119.0
782 118.0
783 117.0
784 116.0
785 115.0
786 114.0
787 113.0
788 112.0
789 111.0
790 110.0
791 109.0
792 108.0
793 107.0
794 106.0
795 105.0
796 104.0
797 103.0
798 102.0
799 101.0
800 100.0
801 99.0
802 98.0
803 97.0
804 96.0
805 95.0
806 94.0
807 93.0
808 92.0
809 91.0
810 90.0
811 89.0
812 88.0
813 87.0
814 86.0
815 85.0
816 84.0
817 83.0
818 82.0
819 81.0
820 80.0
821 79.0
822 78.0
823 77.0
824 76.0
825 75.0
826 74.0
827 73.0
828 72.0
829 71.0
830 70.0
831 69.0
832 68.0
833 67.0
834 66.0
835 65.0
836 64.0
837 63.0
838 62.0
839 61.0
840 60.0
841 59.0
842 58.0
843 57.0
844 56.0
845 55.0
846 54.0
847 53.0
848 52.0
849 51.0
850 50.0
851 49.0
852 48.0
853 47.0
854 46.0
855 45.0
856 44.0
857 43.0
858 42.0
859 41.0
860 40.0
861 39.0
862 38.0
863 37.0
864 36.0
865 35.0
866 34.0
867 33.0
868 32.0
869 31.0
870 30.0
871 29.0
872 28.0
873 27.0
874 26.0
875 25.0
876 24.0
877 23.0
878 22.0
879 21.0
880 20.0
881 19.0
882 18.0
883 17.0
884 16.0
885 15.0
886 14.0
887 13.0
888 12.0
889 11.0
890 10.0
891 9.0
892 8.0
893 7.0
894 6.0
895 5.0
896 4.0
897 3.0
898 2.0
899 1.0
900 0.0
