1 9281.0
2 7764.0
3 6903.0
4 6260.0
5 5732.0
6 5317.0
7 4955.0
8 4613.0
9 4327.0
10 4093.0
11 3851.0
12 3679.0
13 3515.0
14 3377.0
15 3241.0
16 3111.0
17 3003.0
18 2900.0
19 2787.0
20 2679.0
21 2576.0
22 2484.0
23 2392.0
24 2304.0
25 2217.0
26 2131.0
27 2048.0
28 1967.0
29 1895.0
30 1825.0
31 1761.0
32 1697.0
33 1633.0
34 1573.0
35 1515.0
36 1459.0
37 1403.0
38 1350.0
39 1298.0
40 1248.0
41 1198.0
42 1148.0
43 1100.0
44 1053.0
45 1008.0
46 963.0
47 920.0
48 879.0
49 838.0
50 797.0
51 760.0
52 724.0
53 688.0
54 652.0
55 618.0
56 585.0
57 554.0
58 524.0
59 494.0
60 467.0
61 440.0
62 414.0
63 389.0
64 364.0
65 340.0
66 317.0
67 295.0
68 275.0
69 256.0
70 238.0
71 221.0
72 205.0
73 190.0
74 175.0
75 161.0
76 147.0
77 133.0
78 122.0
79 111.0
80 100.0
81 89.0
82 79.0
83 70.0
84 62.0
85 54.0
86 47.0
87 40.0
88 34.0
89 29.0
90 24.0
91 19.0
92 15.0
93 12.0
94 9.0
95 7.0
96 5.0
97 3.0
98 2.0
99 1.0
100 0.0
