1 12749.0
2 10603.0
3 9442.0
4 8840.0
5 8242.0
6 7775.0
7 7408.0
8 7110.0
9 6860.0
10 6634.0
11 6405.0
12 6233.0
13 6075.0
14 5934.0
15 5797.0
16 5675.0
17 5557.0
18 5441.0
19 5329.0
20 5221.0
21 5116.0
22 5021.0
23 4933.0
24 4844.0
25 4759.0
26 4677.0
27 4595.0
28 4516.0
29 4438.0
30 4370.0
31 4302.0
32 4238.0
33 4179.0
34 4120.0
35 4061.0
36 4007.0
37 3954.0
38 3902.0
39 3851.0
40 3801.0
41 3750.0
42 3699.0
43 3649.0
44 3600.0
45 3550.0
46 3502.0
47 3458.0
48 3411.0
49 3367.0
50 3323.0
51 3281.0
52 3239.0
53 3198.0
54 3158.0
55 3118.0
56 3078.0
57 3038.0
58 3000.0
59 2962.0
60 2924.0
61 2887.0
62 2850.0
63 2813.0
64 2776.0
65 2740.0
66 2704.0
67 2668.0
68 2632.0
69 2596.0
70 2562.0
71 2528.0
72 2495.0
73 2462.0
74 2430.0
75 2399.0
76 2368.0
77 2338.0
78 2308.0
79 2279.0
80 2250.0
81 2221.0
82 2193.0
83 2165.0
84 2138.0
85 2112.0
86 2086.0
87 2060.0
88 2034.0
89 2008.0
90 1983.0
91 1958.0
92 1934.0
93 1910.0
94 1886.0
95 1862.0
96 1838.0
97 1815.0
98 1792.0
99 1770.0
100 1748.0
101 1726.0
102 1704.0
103 1682.0
104 1661.0
105 1640.0
106 1620.0
107 1600.0
108 1580.0
109 1560.0
110 1540.0
111 1521.0
112 1501.0
113 1482.0
114 1463.0
115 1444.0
116 1426.0
117 1408.0
118 1390.0
119 1372.0
120 1354.0
121 1337.0
122 1319.0
123 1302.0
124 1285.0
125 1268.0
126 1251.0
127 1235.0
128 1219.0
129 1203.0
130 1187.0
131 1171.0
132 1155.0
133 1139.0
134 1123.0
135 1108.0
136 1093.0
137 1078.0
138 1063.0
139 1049.0
140 1035.0
141 1021.0
142 1007.0
143 993.0
144 980.0
145 967.0
146 954.0
147 941.0
148 928.0
149 916.0
150 904.0
151 892.0
152 880.0
153 868.0
154 856.0
155 844.0
156 832.0
157 821.0
158 810.0
159 799.0
160 788.0
161 777.0
162 766.0
163 755.0
164 744.0
165 733.0
166 722.0
167 711.0
168 700.0
169 690.0
170 680.0
171 670.0
172 660.0
173 650.0
174 640.0
175 630.0
176 620.0
177 610.0
178 600.0
179 590.0
180 580.0
181 570.0
182 560.0
183 550.0
184 541.0
185 532.0
186 523.0
187 514.0
188 505.0
189 496.0
190 487.0
191 478.0
192 469.0
193 461.0
194 453.0
195 445.0
196 437.0
197 429.0
198 421.0
199 413.0
200 405.0
201 397.0
202 389.0
203 381.0
204 374.0
205 367.0
206 360.0
207 353.0
208 346.0
209 339.0
210 332.0
211 325.0
212 318.0
213 311.0
214 304.0
215 298.0
216 292.0
217 286.0
218 280.0
219 274.0
220 268.0
221 262.0
222 256.0
223 250.0
224 244.0
225 238.0
226 232.0
227 226.0
228 221.0
229 216.0
230 211.0
231 206.0
232 201.0
233 196.0
234 191.0
235 186.0
236 181.0
237 176.0
238 171.0
239 166.0
240 161.0
241 156.0
242 151.0
243 146.0
244 142.0
245 138.0
246 134.0
247 130.0
248 126.0
249 122.0
250 118.0
251 114.0
252 110.0
253 106.0
254 102.0
255 98.0
256 94.0
257 90.0
258 86.0
259 82.0
260 78.0
261 74.0
262 70.0
263 66.0
264 63.0
265 60.0
266 57.0
267 54.0
268 51.0
269 48.0
270 45.0
271 42.0
272 39.0
273 36.0
274 34.0
275 32.0
276 30.0
277 28.0
278 26.0
279 24.0
280 22.0
281 20.0
282 18.0
283 17.0
284 16.0
285 15.0
286 14.0
287 13.0
288 12.0
289 11.0
290 10.0
291 9.0
292 8.0
293 7.0
294 6.0
295 5.0
296 4.0
297 3.0
298 2.0
299 1.0
300 0.0
