1 14470.0
2 12576.0
3 11561.0
4 10896.0
5 10400.0
6 10009.0
7 9686.0
8 9412.0
9 9148.0
10 8921.0
11 8698.0
12 8482.0
13 8289.0
14 8114.0
15 7961.0
16 7807.0
17 7694.0
18 7591.0
19 7498.0
20 7405.0
21 7317.0
22 7235.0
23 7152.0
24 7071.0
25 6991.0
26 6914.0
27 6837.0
28 6763.0
29 6691.0
30 6621.0
31 6550.0
32 6481.0
33 6413.0
34 6345.0
35 6278.0
36 6211.0
37 6149.0
38 6095.0
39 6041.0
40 5989.0
41 5937.0
42 5886.0
43 5835.0
44 5787.0
45 5740.0
46 5692.0
47 5645.0
48 5601.0
49 5556.0
50 5513.0
51 5471.0
52 5428.0
53 5386.0
54 5346.0
55 5306.0
56 5268.0
57 5230.0
58 5193.0
59 5157.0
60 5121.0
61 5085.0
62 5049.0
63 5014.0
64 4980.0
65 4946.0
66 4913.0
67 4881.0
68 4849.0
69 4817.0
70 4786.0
71 4755.0
72 4724.0
73 4694.0
74 4664.0
75 4634.0
76 4604.0
77 4575.0
78 4546.0
79 4517.0
80 4489.0
81 4461.0
82 4434.0
83 4407.0
84 4381.0
85 4354.0
86 4328.0
87 4302.0
88 4277.0
89 4252.0
90 4228.0
91 4204.0
92 4180.0
93 4156.0
94 4133.0
95 4109.0
96 4086.0
97 4063.0
98 4041.0
99 4019.0
100 3997.0
101 3975.0
102 3953.0
103 3931.0
104 3910.0
105 3889.0
106 3868.0
107 3847.0
108 3827.0
109 3807.0
110 3788.0
111 3769.0
112 3750.0
113 3731.0
114 3713.0
115 3695.0
116 3676.0
117 3658.0
118 3640.0
119 3622.0
120 3604.0
121 3586.0
122 3568.0
123 3550.0
124 3533.0
125 3516.0
126 3499.0
127 3482.0
128 3465.0
129 3448.0
130 3431.0
131 3415.0
132 3398.0
133 3382.0
134 3366.0
135 3350.0
136 3334.0
137 3318.0
138 3302.0
139 3286.0
140 3271.0
141 3256.0
142 3241.0
143 3226.0
144 3211.0
145 3196.0
146 3181.0
147 3166.0
148 3152.0
149 3138.0
150 3124.0
151 3110.0
152 3096.0
153 3082.0
154 3068.0
155 3054.0
156 3040.0
157 3026.0
158 3012.0
159 2998.0
160 2984.0
161 2970.0
162 2956.0
163 2942.0
164 2929.0
165 2915.0
166 2902.0
167 2889.0
168 2876.0
169 2863.0
170 2850.0
171 2837.0
172 2824.0
173 2811.0
174 2798.0
175 2785.0
176 2772.0
177 2759.0
178 2746.0
179 2733.0
180 2721.0
181 2709.0
182 2697.0
183 2685.0
184 2673.0
185 2661.0
186 2649.0
187 2637.0
188 2625.0
189 2613.0
190 2601.0
191 2590.0
192 2578.0
193 2566.0
194 2555.0
195 2543.0
196 2532.0
197 2521.0
198 2509.0
199 2498.0
200 2487.0
201 2476.0
202 2465.0
203 2454.0
204 2443.0
205 2432.0
206 2421.0
207 2410.0
208 2399.0
209 2388.0
210 2377.0
211 2366.0
212 2355.0
213 2344.0
214 2334.0
215 2323.0
216 2313.0
217 2303.0
218 2293.0
219 2283.0
220 2273.0
221 2263.0
222 2253.0
223 2243.0
224 2233.0
225 2223.0
226 2213.0
227 2203.0
228 2193.0
229 2183.0
230 2173.0
231 2163.0
232 2153.0
233 2143.0
234 2133.0
235 2123.0
236 2113.0
237 2104.0
238 2095.0
239 2086.0
240 2077.0
241 2068.0
242 2059.0
243 2050.0
244 2041.0
245 2032.0
246 2023.0
247 2014.0
248 2005.0
249 1996.0
250 1987.0
251 1978.0
252 1969.0
253 1960.0
254 1951.0
255 1942.0
256 1933.0
257 1924.0
258 1915.0
259 1906.0
260 1897.0
261 1889.0
262 1881.0
263 1873.0
264 1865.0
265 1857.0
266 1849.0
267 1841.0
268 1833.0
269 1825.0
270 1817.0
271 1809.0
272 1801.0
273 1793.0
274 1785.0
275 1777.0
276 1769.0
277 1761.0
278 1753.0
279 1745.0
280 1737.0
281 1729.0
282 1721.0
283 1713.0
284 1705.0
285 1697.0
286 1689.0
287 1681.0
288 1673.0
289 1665.0
290 1657.0
291 1649.0
292 1641.0
293 1633.0
294 1626.0
295 1618.0
296 1611.0
297 1603.0
298 1596.0
299 1589.0
300 1582.0
301 1575.0
302 1568.0
303 1561.0
304 1554.0
305 1547.0
306 1540.0
307 1533.0
308 1526.0
309 1519.0
310 1512.0
311 1505.0
312 1498.0
313 1491.0
314 1484.0
315 1477.0
316 1470.0
317 1463.0
318 1456.0
319 1449.0
320 1442.0
321 1435.0
322 1428.0
323 1421.0
324 1414.0
325 1407.0
326 1400.0
327 1393.0
328 1386.0
329 1379.0
330 1372.0
331 1365.0
332 1358.0
333 1351.0
334 1345.0
335 1338.0
336 1332.0
337 1326.0
338 1320.0
339 1314.0
340 1308.0
341 1302.0
342 1296.0
343 1290.0
344 1284.0
345 1278.0
346 1272.0
347 1266.0
348 1260.0
349 1254.0
350 1248.0
351 1242.0
352 1236.0
353 1230.0
354 1224.0
355 1218.0
356 1212.0
357 1206.0
358 1200.0
359 1194.0
360 1188.0
361 1182.0
362 1176.0
363 1170.0
364 1164.0
365 1158.0
366 1152.0
367 1146.0
368 1140.0
369 1134.0
370 1128.0
371 1122.0
372 1116.0
373 1110.0
374 1104.0
375 1098.0
376 1092.0
377 1086.0
378 1080.0
379 1074.0
380 1069.0
381 1064.0
382 1059.0
383 1054.0
384 1049.0
385 1044.0
386 1039.0
387 1034.0
388 1029.0
389 1024.0
390 1019.0
391 1014.0
392 1009.0
393 1004.0
394 999.0
395 994.0
396 989.0
397 984.0
398 979.0
399 974.0
400 969.0
401 964.0
402 959.0
403 954.0
404 949.0
405 944.0
406 939.0
407 934.0
408 929.0
409 924.0
410 919.0
411 914.0
412 909.0
413 904.0
414 899.0
415 894.0
416 889.0
417 884.0
418 879.0
419 874.0
420 869.0
421 864.0
422 859.0
423 854.0
424 849.0
425 844.0
426 839.0
427 834.0
428 829.0
429 824.0
430 819.0
431 814.0
432 809.0
433 804.0
434 799.0
435 794.0
436 789.0
437 784.0
438 779.0
439 774.0
440 769.0
441 764.0
442 760.0
443 755.0
444 751.0
445 746.0
446 742.0
447 738.0
448 734.0
449 730.0
450 726.0
451 722.0
452 718.0
453 714.0
454 710.0
455 706.0
456 702.0
457 698.0
458 694.0
459 690.0
460 686.0
461 682.0
462 678.0
463 674.0
464 670.0
465 666.0
466 662.0
467 658.0
468 654.0
469 650.0
470 646.0
471 642.0
472 638.0
473 634.0
474 630.0
475 626.0
476 622.0
477 618.0
478 614.0
479 610.0
480 606.0
481 602.0
482 598.0
483 594.0
484 590.0
485 586.0
486 582.0
487 578.0
488 574.0
489 570.0
490 566.0
491 562.0
492 558.0
493 554.0
494 550.0
495 546.0
496 542.0
497 538.0
498 534.0
499 530.0
500 526.0
501 522.0
502 518.0
503 515.0
504 512.0
505 509.0
506 506.0
507 503.0
508 500.0
509 497.0
510 494.0
511 491.0
512 488.0
513 485.0
514 482.0
515 479.0
516 476.0
517 473.0
518 470.0
519 467.0
520 464.0
521 461.0
522 458.0
523 455.0
524 452.0
525 449.0
526 446.0
527 443.0
528 440.0
529 437.0
530 434.0
531 431.0
532 428.0
533 425.0
534 422.0
535 419.0
536 416.0
537 413.0
538 410.0
539 407.0
540 404.0
541 401.0
542 398.0
543 395.0
544 392.0
545 389.0
546 386.0
547 383.0
548 380.0
549 377.0
550 374.0
551 371.0
552 368.0
553 365.0
554 362.0
555 359.0
556 356.0
557 353.0
558 350.0
559 347.0
560 344.0
561 341.0
562 338.0
563 335.0
564 332.0
565 329.0
566 326.0
567 324.0
568 322.0
569 320.0
570 318.0
571 316.0
572 314.0
573 312.0
574 310.0
575 308.0
576 306.0
577 304.0
578 302.0
579 300.0
580 298.0
581 296.0
582 294.0
583 292.0
584 290.0
585 288.0
586 286.0
587 284.0
588 282.0
589 280.0
590 278.0
591 276.0
592 274.0
593 272.0
594 270.0
595 268.0
596 266.0
597 264.0
598 262.0
599 260.0
600 258.0
601 256.0
602 254.0
603 252.0
604 250.0
605 248.0
606 246.0
607 244.0
608 242.0
609 240.0
610 238.0
611 236.0
612 234.0
613 232.0
614 230.0
615 228.0
616 226.0
617 224.0
618 222.0
619 220.0
620 218.0
621 216.0
622 214.0
623 212.0
624 210.0
625 208.0
626 206.0
627 204.0
628 202.0
629 200.0
630 198.0
631 196.0
632 194.0
633 192.0
634 190.0
635 188.0
636 186.0
637 184.0
638 182.0
639 180.0
640 178.0
641 176.0
642 174.0
643 172.0
644 170.0
645 168.0
646 166.0
647 164.0
648 162.0
649 160.0
650 158.0
651 156.0
652 154.0
653 152.0
654 150.0
655 148.0
656 146.0
657 144.0
658 142.0
659 141.0
660 140.0
661 139.0
662 138.0
663 137.0
664 136.0
665 135.0
666 134.0
667 133.0
668 132.0
669 131.0
670 130.0
671 129.0
672 128.0
673 127.0
674 126.0
675 125.0
676 124.0
677 123.0
678 122.0
679 121.0
680 120.0
681 119.0
682 118.0
683 117.0
684 116.0
685 115.0
686 114.0
687 113.0
688 112.0
689 111.0
690 110.0
691 109.0
692 108.0
693 107.0
694 106.0
695 105.0
696 104.0
697 103.0
698 102.0
699 101.0
700 100.0
701 99.0
702 98.0
703 97.0
704 96.0
705 95.0
706 94.0
707 93.0
708 92.0
709 91.0
710 90.0
711 89.0
712 88.0
713 87.0
714 86.0
715 85.0
716 84.0
717 83.0
718 82.0
719 81.0
720 80.0
721 79.0
722 78.0
723 77.0
724 76.0
725 75.0
726 74.0
727 73.0
728 72.0
729 71.0
730 70.0
731 69.0
732 68.0
733 67.0
734 66.0
735 65.0
736 64.0
737 63.0
738 62.0
739 61.0
740 60.0
741 59.0
742 58.0
743 57.0
744 56.0
745 55.0
746 54.0
747 53.0
748 52.0
749 51.0
750 50.0
751 49.0
752 48.0
753 47.0
754 46.0
755 45.0
756 44.0
757 43.0
758 42.0
759 41.0
760 40.0
761 39.0
762 38.0
763 37.0
764 36.0
765 35.0
766 34.0
767 33.0
768 32.0
769 31.0
770 30.0
771 29.0
772 28.0
773 27.0
774 26.0
775 25.0
776 24.0
777 23.0
778 22.0
779 21.0
780 20.0
781 19.0
782 18.0
783 17.0
784 16.0
785 15.0
786 14.0
787 13.0
788 12.0
789 11.0
790 10.0
791 9.0
792 8.0
793 7.0
794 6.0
795 5.0
796 4.0
797 3.0
798 2.0
799 1.0
800 0.0
