1 13582.0
2 11759.0
3 11012.0
4 10365.0
5 9917.0
6 9506.0
7 9183.0
8 8891.0
9 8650.0
10 8420.0
11 8196.0
12 8026.0
13 7883.0
14 7731.0
15 7602.0
16 7473.0
17 7358.0
18 7254.0
19 7155.0
20 7057.0
21 6961.0
22 6867.0
23 6773.0
24 6682.0
25 6595.0
26 6510.0
27 6428.0
28 6348.0
29 6276.0
30 6205.0
31 6137.0
32 6070.0
33 6006.0
34 5942.0
35 5878.0
36 5817.0
37 5757.0
38 5696.0
39 5636.0
40 5580.0
41 5525.0
42 5471.0
43 5417.0
44 5364.0
45 5317.0
46 5270.0
47 5224.0
48 5178.0
49 5134.0
50 5091.0
51 5050.0
52 5009.0
53 4967.0
54 4928.0
55 4891.0
56 4854.0
57 4818.0
58 4783.0
59 4748.0
60 4714.0
61 4680.0
62 4646.0
63 4612.0
64 4578.0
65 4544.0
66 4510.0
67 4477.0
68 4444.0
69 4410.0
70 4377.0
71 4344.0
72 4312.0
73 4281.0
74 4250.0
75 4219.0
76 4189.0
77 4159.0
78 4130.0
79 4101.0
80 4072.0
81 4044.0
82 4016.0
83 3988.0
84 3960.0
85 3932.0
86 3904.0
87 3877.0
88 3850.0
89 3823.0
90 3796.0
91 3769.0
92 3743.0
93 3717.0
94 3691.0
95 3666.0
96 3641.0
97 3616.0
98 3592.0
99 3567.0
100 3543.0
101 3519.0
102 3495.0
103 3472.0
104 3449.0
105 3426.0
106 3403.0
107 3380.0
108 3357.0
109 3335.0
110 3314.0
111 3293.0
112 3272.0
113 3251.0
114 3230.0
115 3209.0
116 3188.0
117 3168.0
118 3148.0
119 3128.0
120 3108.0
121 3088.0
122 3068.0
123 3048.0
124 3028.0
125 3009.0
126 2990.0
127 2971.0
128 2952.0
129 2933.0
130 2914.0
131 2895.0
132 2877.0
133 2859.0
134 2841.0
135 2823.0
136 2805.0
137 2788.0
138 2770.0
139 2753.0
140 2736.0
141 2719.0
142 2702.0
143 2685.0
144 2668.0
145 2651.0
146 2634.0
147 2617.0
148 2601.0
149 2585.0
150 2569.0
151 2553.0
152 2538.0
153 2523.0
154 2508.0
155 2493.0
156 2478.0
157 2463.0
158 2448.0
159 2433.0
160 2418.0
161 2403.0
162 2388.0
163 2373.0
164 2358.0
165 2344.0
166 2330.0
167 2316.0
168 2302.0
169 2288.0
170 2274.0
171 2260.0
172 2246.0
173 2232.0
174 2218.0
175 2204.0
176 2190.0
177 2176.0
178 2162.0
179 2149.0
180 2135.0
181 2122.0
182 2109.0
183 2096.0
184 2083.0
185 2070.0
186 2057.0
187 2044.0
188 2031.0
189 2018.0
190 2005.0
191 1992.0
192 1980.0
193 1968.0
194 1956.0
195 1944.0
196 1932.0
197 1920.0
198 1908.0
199 1896.0
200 1884.0
201 1872.0
202 1860.0
203 1848.0
204 1836.0
205 1824.0
206 1813.0
207 1802.0
208 1791.0
209 1780.0
210 1769.0
211 1758.0
212 1747.0
213 1736.0
214 1725.0
215 1714.0
216 1703.0
217 1692.0
218 1681.0
219 1670.0
220 1659.0
221 1648.0
222 1637.0
223 1626.0
224 1615.0
225 1604.0
226 1594.0
227 1584.0
228 1574.0
229 1564.0
230 1554.0
231 1544.0
232 1534.0
233 1524.0
234 1514.0
235 1504.0
236 1494.0
237 1484.0
238 1474.0
239 1464.0
240 1454.0
241 1444.0
242 1434.0
243 1424.0
244 1414.0
245 1404.0
246 1394.0
247 1384.0
248 1374.0
249 1365.0
250 1356.0
251 1347.0
252 1338.0
253 1329.0
254 1320.0
255 1311.0
256 1302.0
257 1293.0
258 1284.0
259 1275.0
260 1266.0
261 1258.0
262 1250.0
263 1242.0
264 1234.0
265 1226.0
266 1218.0
267 1210.0
268 1202.0
269 1194.0
270 1186.0
271 1178.0
272 1170.0
273 1162.0
274 1154.0
275 1146.0
276 1138.0
277 1130.0
278 1122.0
279 1114.0
280 1106.0
281 1098.0
282 1091.0
283 1084.0
284 1077.0
285 1070.0
286 1063.0
287 1056.0
288 1049.0
289 1042.0
290 1035.0
291 1028.0
292 1021.0
293 1014.0
294 1007.0
295 1000.0
296 993.0
297 986.0
298 979.0
299 972.0
300 965.0
301 958.0
302 951.0
303 944.0
304 937.0
305 930.0
306 923.0
307 916.0
308 909.0
309 902.0
310 895.0
311 888.0
312 882.0
313 875.0
314 869.0
315 862.0
316 856.0
317 850.0
318 844.0
319 838.0
320 832.0
321 826.0
322 820.0
323 814.0
324 808.0
325 802.0
326 796.0
327 790.0
328 784.0
329 778.0
330 772.0
331 766.0
332 760.0
333 754.0
334 748.0
335 742.0
336 736.0
337 730.0
338 724.0
339 718.0
340 712.0
341 706.0
342 700.0
343 694.0
344 688.0
345 682.0
346 676.0
347 670.0
348 665.0
349 659.0
350 654.0
351 649.0
352 644.0
353 639.0
354 634.0
355 629.0
356 624.0
357 619.0
358 614.0
359 609.0
360 604.0
361 599.0
362 594.0
363 589.0
364 584.0
365 579.0
366 574.0
367 569.0
368 564.0
369 559.0
370 554.0
371 549.0
372 544.0
373 539.0
374 534.0
375 529.0
376 524.0
377 519.0
378 514.0
379 510.0
380 506.0
381 502.0
382 498.0
383 494.0
384 490.0
385 486.0
386 482.0
387 478.0
388 474.0
389 470.0
390 466.0
391 462.0
392 458.0
393 454.0
394 450.0
395 446.0
396 442.0
397 438.0
398 434.0
399 430.0
400 426.0
401 422.0
402 418.0
403 414.0
404 410.0
405 406.0
406 402.0
407 398.0
408 394.0
409 390.0
410 386.0
411 382.0
412 378.0
413 374.0
414 370.0
415 366.0
416 362.0
417 358.0
418 355.0
419 351.0
420 348.0
421 345.0
422 342.0
423 339.0
424 336.0
425 333.0
426 330.0
427 327.0
428 324.0
429 321.0
430 318.0
431 315.0
432 312.0
433 309.0
434 306.0
435 303.0
436 300.0
437 297.0
438 294.0
439 291.0
440 288.0
441 285.0
442 282.0
443 279.0
444 276.0
445 273.0
446 270.0
447 267.0
448 264.0
449 261.0
450 258.0
451 255.0
452 252.0
453 249.0
454 246.0
455 243.0
456 240.0
457 237.0
458 234.0
459 231.0
460 228.0
461 225.0
462 222.0
463 219.0
464 216.0
465 213.0
466 210.0
467 207.0
468 204.0
469 201.0
470 198.0
471 195.0
472 192.0
473 189.0
474 186.0
475 183.0
476 181.0
477 179.0
478 177.0
479 175.0
480 173.0
481 171.0
482 169.0
483 167.0
484 165.0
485 163.0
486 161.0
487 159.0
488 157.0
489 155.0
490 153.0
491 151.0
492 149.0
493 147.0
494 145.0
495 143.0
496 141.0
497 139.0
498 137.0
499 135.0
500 133.0
501 131.0
502 129.0
503 127.0
504 125.0
505 123.0
506 121.0
507 119.0
508 117.0
509 115.0
510 113.0
511 111.0
512 109.0
513 107.0
514 105.0
515 103.0
516 101.0
517 99.0
518 97.0
519 95.0
520 93.0
521 91.0
522 89.0
523 87.0
524 85.0
525 83.0
526 81.0
527 79.0
528 77.0
529 75.0
530 73.0
531 71.0
532 69.0
533 67.0
534 66.0
535 65.0
536 64.0
537 63.0
538 62.0
539 61.0
540 60.0
541 59.0
542 58.0
543 57.0
544 56.0
545 55.0
546 54.0
547 53.0
548 52.0
549 51.0
550 50.0
551 49.0
552 48.0
553 47.0
554 46.0
555 45.0
556 44.0
557 43.0
558 42.0
559 41.0
560 40.0
561 39.0
562 38.0
563 37.0
564 36.0
565 35.0
566 34.0
567 33.0
568 32.0
569 31.0
570 30.0
571 29.0
572 28.0
573 27.0
574 26.0
575 25.0
576 24.0
577 23.0
578 22.0
579 21.0
580 20.0
581 19.0
582 18.0
583 17.0
584 16.0
585 15.0
586 14.0
587 13.0
588 12.0
589 11.0
590 10.0
591 9.0
592 8.0
593 7.0
594 6.0
595 5.0
596 4.0
597 3.0
598 2.0
599 1.0
600 0.0
