1 13233.0
2 11051.0
3 9930.0
4 9262.0
5 8728.0
6 8260.0
7 7890.0
8 7566.0
9 7276.0
10 7018.0
11 6802.0
12 6594.0
13 6405.0
14 6246.0
15 6096.0
16 5947.0
17 5811.0
18 5678.0
19 5564.0
20 5456.0
21 5355.0
22 5255.0
23 5164.0
24 5075.0
25 4988.0
26 4902.0
27 4817.0
28 4732.0
29 4655.0
30 4578.0
31 4503.0
32 4428.0
33 4354.0
34 4280.0
35 4211.0
36 4144.0
37 4079.0
38 4015.0
39 3951.0
40 3890.0
41 3832.0
42 3775.0
43 3724.0
44 3673.0
45 3623.0
46 3574.0
47 3524.0
48 3475.0
49 3428.0
50 3384.0
51 3341.0
52 3298.0
53 3255.0
54 3213.0
55 3171.0
56 3129.0
57 3088.0
58 3048.0
59 3008.0
60 2968.0
61 2927.0
62 2888.0
63 2849.0
64 2810.0
65 2772.0
66 2736.0
67 2700.0
68 2665.0
69 2630.0
70 2596.0
71 2562.0
72 2528.0
73 2496.0
74 2464.0
75 2432.0
76 2400.0
77 2368.0
78 2337.0
79 2307.0
80 2277.0
81 2247.0
82 2218.0
83 2189.0
84 2160.0
85 2132.0
86 2104.0
87 2077.0
88 2050.0
89 2023.0
90 1996.0
91 1970.0
92 1944.0
93 1918.0
94 1892.0
95 1867.0
96 1842.0
97 1817.0
98 1792.0
99 1768.0
100 1745.0
101 1722.0
102 1699.0
103 1677.0
104 1654.0
105 1632.0
106 1609.0
107 1587.0
108 1565.0
109 1543.0
110 1521.0
111 1500.0
112 1479.0
113 1459.0
114 1439.0
115 1419.0
116 1400.0
117 1381.0
118 1362.0
119 1343.0
120 1325.0
121 1307.0
122 1289.0
123 1272.0
124 1254.0
125 1237.0
126 1220.0
127 1203.0
128 1186.0
129 1170.0
130 1154.0
131 1138.0
132 1123.0
133 1108.0
134 1093.0
135 1078.0
136 1063.0
137 1048.0
138 1034.0
139 1020.0
140 1006.0
141 992.0
142 978.0
143 965.0
144 952.0
145 939.0
146 926.0
147 914.0
148 902.0
149 890.0
150 878.0
151 866.0
152 854.0
153 842.0
154 830.0
155 818.0
156 806.0
157 794.0
158 782.0
159 770.0
160 758.0
161 747.0
162 736.0
163 725.0
164 714.0
165 703.0
166 692.0
167 681.0
168 670.0
169 659.0
170 649.0
171 638.0
172 628.0
173 618.0
174 608.0
175 598.0
176 588.0
177 578.0
178 568.0
179 558.0
180 548.0
181 539.0
182 530.0
183 521.0
184 512.0
185 503.0
186 494.0
187 485.0
188 477.0
189 469.0
190 461.0
191 453.0
192 445.0
193 437.0
194 429.0
195 421.0
196 413.0
197 405.0
198 397.0
199 389.0
200 382.0
201 375.0
202 368.0
203 361.0
204 354.0
205 347.0
206 340.0
207 333.0
208 326.0
209 319.0
210 312.0
211 305.0
212 298.0
213 291.0
214 284.0
215 277.0
216 271.0
217 265.0
218 259.0
219 253.0
220 247.0
221 241.0
222 235.0
223 229.0
224 223.0
225 217.0
226 211.0
227 205.0
228 200.0
229 195.0
230 190.0
231 185.0
232 180.0
233 175.0
234 170.0
235 165.0
236 160.0
237 155.0
238 150.0
239 145.0
240 140.0
241 135.0
242 131.0
243 127.0
244 123.0
245 119.0
246 115.0
247 111.0
248 107.0
249 103.0
250 99.0
251 95.0
252 91.0
253 87.0
254 84.0
255 81.0
256 78.0
257 75.0
258 72.0
259 69.0
260 66.0
261 63.0
262 60.0
263 57.0
264 54.0
265 51.0
266 48.0
267 46.0
268 44.0
269 42.0
270 40.0
271 38.0
272 36.0
273 34.0
274 32.0
275 30.0
276 28.0
277 26.0
278 24.0
279 22.0
280 20.0
281 19.0
282 18.0
283 17.0
284 16.0
285 15.0
286 14.0
287 13.0
288 12.0
289 11.0
290 10.0
291 9.0
292 8.0
293 7.0
294 6.0
295 5.0
296 4.0
297 3.0
298 2.0
299 1.0
300 0.0
