1 13024.0
2 11311.0
3 10276.0
4 9534.0
5 9022.0
6 8551.0
7 8206.0
8 7903.0
9 7630.0
10 7387.0
11 7193.0
12 7014.0
13 6841.0
14 6680.0
15 6520.0
16 6373.0
17 6237.0
18 6111.0
19 5985.0
20 5868.0
21 5758.0
22 5656.0
23 5553.0
24 5455.0
25 5362.0
26 5277.0
27 5194.0
28 5114.0
29 5035.0
30 4960.0
31 4888.0
32 4818.0
33 4749.0
34 4681.0
35 4614.0
36 4548.0
37 4488.0
38 4430.0
39 4375.0
40 4320.0
41 4266.0
42 4212.0
43 4161.0
44 4112.0
45 4063.0
46 4017.0
47 3972.0
48 3928.0
49 3884.0
50 3842.0
51 3800.0
52 3759.0
53 3718.0
54 3679.0
55 3640.0
56 3602.0
57 3563.0
58 3525.0
59 3487.0
60 3450.0
61 3415.0
62 3380.0
63 3346.0
64 3313.0
65 3280.0
66 3248.0
67 3217.0
68 3186.0
69 3157.0
70 3128.0
71 3099.0
72 3070.0
73 3041.0
74 3012.0
75 2983.0
76 2955.0
77 2927.0
78 2899.0
79 2872.0
80 2845.0
81 2819.0
82 2793.0
83 2768.0
84 2743.0
85 2718.0
86 2693.0
87 2668.0
88 2643.0
89 2619.0
90 2595.0
91 2572.0
92 2549.0
93 2526.0
94 2503.0
95 2481.0
96 2459.0
97 2437.0
98 2415.0
99 2393.0
100 2371.0
101 2349.0
102 2327.0
103 2306.0
104 2285.0
105 2265.0
106 2245.0
107 2225.0
108 2205.0
109 2185.0
110 2165.0
111 2146.0
112 2127.0
113 2108.0
114 2089.0
115 2070.0
116 2051.0
117 2032.0
118 2013.0
119 1995.0
120 1976.0
121 1958.0
122 1940.0
123 1922.0
124 1904.0
125 1886.0
126 1868.0
127 1850.0
128 1832.0
129 1815.0
130 1798.0
131 1781.0
132 1764.0
133 1747.0
134 1731.0
135 1715.0
136 1699.0
137 1683.0
138 1667.0
139 1651.0
140 1635.0
141 1619.0
142 1604.0
143 1589.0
144 1574.0
145 1559.0
146 1544.0
147 1529.0
148 1514.0
149 1499.0
150 1485.0
151 1471.0
152 1457.0
153 1443.0
154 1429.0
155 1415.0
156 1401.0
157 1387.0
158 1373.0
159 1360.0
160 1347.0
161 1334.0
162 1321.0
163 1308.0
164 1296.0
165 1284.0
166 1272.0
167 1260.0
168 1248.0
169 1236.0
170 1224.0
171 1212.0
172 1200.0
173 1188.0
174 1176.0
175 1164.0
176 1152.0
177 1140.0
178 1128.0
179 1117.0
180 1106.0
181 1095.0
182 1084.0
183 1073.0
184 1062.0
185 1051.0
186 1040.0
187 1029.0
188 1019.0
189 1009.0
190 999.0
191 989.0
192 979.0
193 969.0
194 959.0
195 949.0
196 939.0
197 929.0
198 919.0
199 909.0
200 899.0
201 889.0
202 879.0
203 870.0
204 860.0
205 851.0
206 842.0
207 833.0
208 824.0
209 815.0
210 806.0
211 797.0
212 788.0
213 779.0
214 770.0
215 762.0
216 754.0
217 746.0
218 738.0
219 730.0
220 722.0
221 714.0
222 706.0
223 698.0
224 690.0
225 682.0
226 674.0
227 666.0
228 658.0
229 650.0
230 642.0
231 634.0
232 626.0
233 618.0
234 610.0
235 602.0
236 594.0
237 586.0
238 578.0
239 571.0
240 564.0
241 557.0
242 550.0
243 543.0
244 536.0
245 529.0
246 522.0
247 515.0
248 508.0
249 501.0
250 494.0
251 487.0
252 480.0
253 473.0
254 466.0
255 460.0
256 454.0
257 448.0
258 442.0
259 436.0
260 430.0
261 424.0
262 418.0
263 412.0
264 406.0
265 400.0
266 394.0
267 388.0
268 382.0
269 376.0
270 370.0
271 365.0
272 360.0
273 355.0
274 350.0
275 345.0
276 340.0
277 335.0
278 330.0
279 325.0
280 320.0
281 315.0
282 310.0
283 305.0
284 300.0
285 295.0
286 290.0
287 285.0
288 280.0
289 275.0
290 270.0
291 265.0
292 261.0
293 257.0
294 253.0
295 249.0
296 245.0
297 241.0
298 237.0
299 233.0
300 229.0
301 225.0
302 221.0
303 217.0
304 213.0
305 209.0
306 205.0
307 201.0
308 197.0
309 193.0
310 189.0
311 185.0
312 181.0
313 177.0
314 173.0
315 169.0
316 165.0
317 162.0
318 159.0
319 156.0
320 153.0
321 150.0
322 147.0
323 144.0
324 141.0
325 138.0
326 135.0
327 132.0
328 129.0
329 126.0
330 123.0
331 120.0
332 117.0
333 114.0
334 111.0
335 108.0
336 105.0
337 102.0
338 99.0
339 96.0
340 93.0
341 90.0
342 87.0
343 85.0
344 83.0
345 81.0
346 79.0
347 77.0
348 75.0
349 73.0
350 71.0
351 69.0
352 67.0
353 65.0
354 63.0
355 61.0
356 59.0
357 57.0
358 55.0
359 53.0
360 51.0
361 49.0
362 47.0
363 45.0
364 43.0
365 41.0
366 39.0
367 37.0
368 35.0
369 33.0
370 31.0
371 29.0
372 28.0
373 27.0
374 26.0
375 25.0
376 24.0
377 23.0
378 22.0
379 21.0
380 20.0
381 19.0
382 18.0
383 17.0
384 16.0
385 15.0
386 14.0
387 13.0
388 12.0
389 11.0
390 10.0
391 9.0
392 8.0
393 7.0
394 6.0
395 5.0
396 4.0
397 3.0
398 2.0
399 1.0
400 0.0
