1 16513.0
2 14201.0
3 13204.0
4 12386.0
5 11748.0
6 11268.0
7 10851.0
8 10499.0
9 10198.0
10 9934.0
11 9697.0
12 9480.0
13 9281.0
14 9119.0
15 8955.0
16 8798.0
17 8644.0
18 8501.0
19 8356.0
20 8221.0
21 8101.0
22 7983.0
23 7869.0
24 7760.0
25 7660.0
26 7560.0
27 7467.0
28 7378.0
29 7293.0
30 7211.0
31 7131.0
32 7055.0
33 6989.0
34 6921.0
35 6853.0
36 6789.0
37 6729.0
38 6673.0
39 6618.0
40 6564.0
41 6511.0
42 6460.0
43 6409.0
44 6359.0
45 6309.0
46 6261.0
47 6211.0
48 6161.0
49 6115.0
50 6070.0
51 6025.0
52 5981.0
53 5936.0
54 5893.0
55 5850.0
56 5808.0
57 5769.0
58 5729.0
59 5689.0
60 5649.0
61 5611.0
62 5573.0
63 5536.0
64 5500.0
65 5462.0
66 5425.0
67 5389.0
68 5354.0
69 5319.0
70 5284.0
71 5251.0
72 5217.0
73 5184.0
74 5151.0
75 5118.0
76 5087.0
77 5055.0
78 5024.0
79 4994.0
80 4964.0
81 4935.0
82 4906.0
83 4878.0
84 4851.0
85 4825.0
86 4798.0
87 4770.0
88 4744.0
89 4717.0
90 4690.0
91 4664.0
92 4638.0
93 4613.0
94 4588.0
95 4563.0
96 4538.0
97 4513.0
98 4489.0
99 4465.0
100 4441.0
101 4417.0
102 4394.0
103 4371.0
104 4348.0
105 4326.0
106 4303.0
107 4281.0
108 4259.0
109 4237.0
110 4215.0
111 4194.0
112 4173.0
113 4152.0
114 4131.0
115 4110.0
116 4089.0
117 4069.0
118 4049.0
119 4028.0
120 4008.0
121 3988.0
122 3968.0
123 3948.0
124 3928.0
125 3908.0
126 3888.0
127 3868.0
128 3848.0
129 3828.0
130 3809.0
131 3789.0
132 3770.0
133 3751.0
134 3732.0
135 3713.0
136 3694.0
137 3675.0
138 3657.0
139 3639.0
140 3621.0
141 3603.0
142 3585.0
143 3568.0
144 3551.0
145 3534.0
146 3517.0
147 3500.0
148 3484.0
149 3468.0
150 3452.0
151 3436.0
152 3420.0
153 3405.0
154 3389.0
155 3374.0
156 3359.0
157 3344.0
158 3329.0
159 3314.0
160 3299.0
161 3284.0
162 3269.0
163 3254.0
164 3239.0
165 3224.0
166 3209.0
167 3194.0
168 3179.0
169 3165.0
170 3151.0
171 3137.0
172 3123.0
173 3109.0
174 3095.0
175 3081.0
176 3067.0
177 3053.0
178 3039.0
179 3025.0
180 3011.0
181 2997.0
182 2983.0
183 2969.0
184 2956.0
185 2942.0
186 2928.0
187 2915.0
188 2901.0
189 2888.0
190 2875.0
191 2862.0
192 2849.0
193 2836.0
194 2823.0
195 2810.0
196 2797.0
197 2784.0
198 2771.0
199 2758.0
200 2746.0
201 2733.0
202 2721.0
203 2709.0
204 2697.0
205 2685.0
206 2673.0
207 2661.0
208 2649.0
209 2637.0
210 2625.0
211 2613.0
212 2601.0
213 2589.0
214 2577.0
215 2565.0
216 2553.0
217 2541.0
218 2529.0
219 2517.0
220 2505.0
221 2493.0
222 2481.0
223 2469.0
224 2458.0
225 2447.0
226 2436.0
227 2425.0
228 2414.0
229 2403.0
230 2392.0
231 2381.0
232 2370.0
233 2359.0
234 2348.0
235 2337.0
236 2326.0
237 2315.0
238 2304.0
239 2293.0
240 2282.0
241 2271.0
242 2260.0
243 2249.0
244 2239.0
245 2229.0
246 2219.0
247 2209.0
248 2199.0
249 2189.0
250 2179.0
251 2169.0
252 2159.0
253 2149.0
254 2139.0
255 2129.0
256 2119.0
257 2109.0
258 2099.0
259 2089.0
260 2079.0
261 2069.0
262 2059.0
263 2049.0
264 2039.0
265 2029.0
266 2019.0
267 2009.0
268 2000.0
269 1990.0
270 1981.0
271 1972.0
272 1963.0
273 1954.0
274 1945.0
275 1936.0
276 1927.0
277 1918.0
278 1909.0
279 1900.0
280 1891.0
281 1882.0
282 1873.0
283 1864.0
284 1855.0
285 1846.0
286 1837.0
287 1828.0
288 1819.0
289 1810.0
290 1801.0
291 1792.0
292 1783.0
293 1774.0
294 1765.0
295 1756.0
296 1747.0
297 1738.0
298 1730.0
299 1722.0
300 1714.0
301 1706.0
302 1698.0
303 1690.0
304 1682.0
305 1674.0
306 1666.0
307 1658.0
308 1650.0
309 1642.0
310 1634.0
311 1626.0
312 1618.0
313 1610.0
314 1602.0
315 1594.0
316 1586.0
317 1578.0
318 1570.0
319 1562.0
320 1554.0
321 1546.0
322 1538.0
323 1530.0
324 1522.0
325 1514.0
326 1506.0
327 1498.0
328 1490.0
329 1482.0
330 1474.0
331 1466.0
332 1459.0
333 1452.0
334 1445.0
335 1438.0
336 1431.0
337 1424.0
338 1417.0
339 1410.0
340 1403.0
341 1396.0
342 1389.0
343 1382.0
344 1375.0
345 1368.0
346 1361.0
347 1354.0
348 1347.0
349 1340.0
350 1333.0
351 1326.0
352 1319.0
353 1312.0
354 1305.0
355 1298.0
356 1291.0
357 1284.0
358 1278.0
359 1271.0
360 1265.0
361 1258.0
362 1252.0
363 1246.0
364 1240.0
365 1234.0
366 1228.0
367 1222.0
368 1216.0
369 1210.0
370 1204.0
371 1198.0
372 1192.0
373 1186.0
374 1180.0
375 1174.0
376 1168.0
377 1162.0
378 1156.0
379 1150.0
380 1144.0
381 1138.0
382 1132.0
383 1126.0
384 1120.0
385 1114.0
386 1108.0
387 1102.0
388 1096.0
389 1090.0
390 1084.0
391 1078.0
392 1072.0
393 1066.0
394 1061.0
395 1055.0
396 1050.0
397 1045.0
398 1040.0
399 1035.0
400 1030.0
401 1025.0
402 1020.0
403 1015.0
404 1010.0
405 1005.0
406 1000.0
407 995.0
408 990.0
409 985.0
410 980.0
411 975.0
412 970.0
413 965.0
414 960.0
415 955.0
416 950.0
417 945.0
418 940.0
419 935.0
420 930.0
421 925.0
422 920.0
423 915.0
424 910.0
425 905.0
426 900.0
427 895.0
428 890.0
429 885.0
430 880.0
431 875.0
432 870.0
433 865.0
434 860.0
435 855.0
436 850.0
437 845.0
438 840.0
439 835.0
440 830.0
441 825.0
442 820.0
443 816.0
444 811.0
445 807.0
446 803.0
447 799.0
448 795.0
449 791.0
450 787.0
451 783.0
452 779.0
453 775.0
454 771.0
455 767.0
456 763.0
457 759.0
458 755.0
459 751.0
460 747.0
461 743.0
462 739.0
463 735.0
464 731.0
465 727.0
466 723.0
467 719.0
468 715.0
469 711.0
470 707.0
471 703.0
472 699.0
473 695.0
474 691.0
475 687.0
476 683.0
477 679.0
478 675.0
479 671.0
480 667.0
481 663.0
482 659.0
483 655.0
484 651.0
485 647.0
486 643.0
487 639.0
488 635.0
489 631.0
490 627.0
491 623.0
492 619.0
493 615.0
494 611.0
495 607.0
496 603.0
497 599.0
498 595.0
499 591.0
500 587.0
501 583.0
502 579.0
503 575.0
504 571.0
505 567.0
506 563.0
507 559.0
508 555.0
509 551.0
510 548.0
511 544.0
512 541.0
513 538.0
514 535.0
515 532.0
516 529.0
517 526.0
518 523.0
519 520.0
520 517.0
521 514.0
522 511.0
523 508.0
524 505.0
525 502.0
526 499.0
527 496.0
528 493.0
529 490.0
530 487.0
531 484.0
532 481.0
533 478.0
534 475.0
535 472.0
536 469.0
537 466.0
538 463.0
539 460.0
540 457.0
541 454.0
542 451.0
543 448.0
544 445.0
545 442.0
546 439.0
547 436.0
548 433.0
549 430.0
550 427.0
551 424.0
552 421.0
553 418.0
554 415.0
555 412.0
556 409.0
557 406.0
558 403.0
559 400.0
560 397.0
561 394.0
562 391.0
563 388.0
564 385.0
565 382.0
566 379.0
567 376.0
568 373.0
569 370.0
570 367.0
571 364.0
572 361.0
573 358.0
574 355.0
575 352.0
576 349.0
577 346.0
578 343.0
579 340.0
580 337.0
581 334.0
582 331.0
583 328.0
584 325.0
585 322.0
586 319.0
587 316.0
588 314.0
589 311.0
590 309.0
591 307.0
592 305.0
593 303.0
594 301.0
595 299.0
596 297.0
597 295.0
598 293.0
599 291.0
600 289.0
601 287.0
602 285.0
603 283.0
604 281.0
605 279.0
606 277.0
607 275.0
608 273.0
609 271.0
610 269.0
611 267.0
612 265.0
613 263.0
614 261.0
615 259.0
616 257.0
617 255.0
618 253.0
619 251.0
620 249.0
621 247.0
622 245.0
623 243.0
624 241.0
625 239.0
626 237.0
627 235.0
628 233.0
629 231.0
630 229.0
631 227.0
632 225.0
633 223.0
634 221.0
635 219.0
636 217.0
637 215.0
638 213.0
639 211.0
640 209.0
641 207.0
642 205.0
643 203.0
644 201.0
645 199.0
646 197.0
647 195.0
648 193.0
649 191.0
650 189.0
651 187.0
652 185.0
653 183.0
654 181.0
655 179.0
656 177.0
657 175.0
658 173.0
659 171.0
660 169.0
661 167.0
662 165.0
663 163.0
664 161.0
665 159.0
666 157.0
667 155.0
668 153.0
669 151.0
670 149.0
671 147.0
672 145.0
673 143.0
674 141.0
675 139.0
676 137.0
677 135.0
678 133.0
679 131.0
680 129.0
681 127.0
682 125.0
683 123.0
684 121.0
685 119.0
686 117.0
687 115.0
688 113.0
689 111.0
690 110.0
691 109.0
692 108.0
693 107.0
694 106.0
695 105.0
696 104.0
697 103.0
698 102.0
699 101.0
700 100.0
701 99.0
702 98.0
703 97.0
704 96.0
705 95.0
706 94.0
707 93.0
708 92.0
709 91.0
710 90.0
711 89.0
712 88.0
713 87.0
714 86.0
715 85.0
716 84.0
717 83.0
718 82.0
719 81.0
720 80.0
721 79.0
722 78.0
723 77.0
724 76.0
725 75.0
726 74.0
727 73.0
728 72.0
729 71.0
730 70.0
731 69.0
732 68.0
733 67.0
734 66.0
735 65.0
736 64.0
737 63.0
738 62.0
739 61.0
740 60.0
741 59.0
742 58.0
743 57.0
744 56.0
745 55.0
746 54.0
747 53.0
748 52.0
749 51.0
750 50.0
751 49.0
752 48.0
753 47.0
754 46.0
755 45.0
756 44.0
757 43.0
758 42.0
759 41.0
760 40.0
761 39.0
762 38.0
763 37.0
764 36.0
765 35.0
766 34.0
767 33.0
768 32.0
769 31.0
770 30.0
771 29.0
772 28.0
773 27.0
774 26.0
775 25.0
776 24.0
777 23.0
778 22.0
779 21.0
780 20.0
781 19.0
782 18.0
783 17.0
784 16.0
785 15.0
786 14.0
787 13.0
788 12.0
789 11.0
790 10.0
791 9.0
792 8.0
793 7.0
794 6.0
795 5.0
796 4.0
797 3.0
798 2.0
799 1.0
800 0.0
