1 14757.0
2 12563.0
3 11510.0
4 10746.0
5 10252.0
6 9862.0
7 9490.0
8 9140.0
9 8829.0
10 8579.0
11 8349.0
12 8142.0
13 7942.0
14 7743.0
15 7581.0
16 7421.0
17 7272.0
18 7137.0
19 7017.0
20 6899.0
21 6786.0
22 6676.0
23 6570.0
24 6463.0
25 6362.0
26 6260.0
27 6159.0
28 6058.0
29 5971.0
30 5890.0
31 5811.0
32 5733.0
33 5658.0
34 5583.0
35 5513.0
36 5444.0
37 5376.0
38 5307.0
39 5244.0
40 5184.0
41 5127.0
42 5071.0
43 5017.0
44 4963.0
45 4910.0
46 4858.0
47 4810.0
48 4759.0
49 4711.0
50 4667.0
51 4623.0
52 4580.0
53 4538.0
54 4496.0
55 4454.0
56 4413.0
57 4373.0
58 4335.0
59 4297.0
60 4260.0
61 4224.0
62 4188.0
63 4153.0
64 4116.0
65 4081.0
66 4046.0
67 4012.0
68 3978.0
69 3945.0
70 3913.0
71 3882.0
72 3851.0
73 3820.0
74 3789.0
75 3759.0
76 3729.0
77 3699.0
78 3670.0
79 3641.0
80 3613.0
81 3585.0
82 3557.0
83 3530.0
84 3504.0
85 3478.0
86 3452.0
87 3426.0
88 3400.0
89 3376.0
90 3352.0
91 3328.0
92 3304.0
93 3280.0
94 3256.0
95 3233.0
96 3210.0
97 3187.0
98 3164.0
99 3141.0
100 3118.0
101 3095.0
102 3073.0
103 3051.0
104 3029.0
105 3008.0
106 2988.0
107 2968.0
108 2948.0
109 2928.0
110 2908.0
111 2888.0
112 2868.0
113 2848.0
114 2828.0
115 2809.0
116 2790.0
117 2771.0
118 2752.0
119 2733.0
120 2715.0
121 2697.0
122 2679.0
123 2661.0
124 2643.0
125 2625.0
126 2607.0
127 2589.0
128 2571.0
129 2554.0
130 2536.0
131 2519.0
132 2502.0
133 2485.0
134 2468.0
135 2451.0
136 2435.0
137 2419.0
138 2403.0
139 2387.0
140 2371.0
141 2355.0
142 2339.0
143 2323.0
144 2307.0
145 2291.0
146 2275.0
147 2259.0
148 2243.0
149 2228.0
150 2213.0
151 2198.0
152 2183.0
153 2168.0
154 2153.0
155 2138.0
156 2123.0
157 2108.0
158 2093.0
159 2078.0
160 2063.0
161 2048.0
162 2033.0
163 2019.0
164 2005.0
165 1991.0
166 1977.0
167 1963.0
168 1949.0
169 1935.0
170 1921.0
171 1907.0
172 1894.0
173 1881.0
174 1868.0
175 1855.0
176 1842.0
177 1829.0
178 1816.0
179 1803.0
180 1790.0
181 1777.0
182 1764.0
183 1751.0
184 1739.0
185 1727.0
186 1715.0
187 1703.0
188 1691.0
189 1679.0
190 1667.0
191 1655.0
192 1643.0
193 1631.0
194 1619.0
195 1607.0
196 1595.0
197 1583.0
198 1571.0
199 1559.0
200 1547.0
201 1535.0
202 1523.0
203 1512.0
204 1500.0
205 1489.0
206 1478.0
207 1467.0
208 1456.0
209 1445.0
210 1434.0
211 1423.0
212 1412.0
213 1401.0
214 1390.0
215 1379.0
216 1368.0
217 1357.0
218 1346.0
219 1336.0
220 1326.0
221 1316.0
222 1306.0
223 1296.0
224 1286.0
225 1276.0
226 1266.0
227 1256.0
228 1246.0
229 1236.0
230 1226.0
231 1216.0
232 1207.0
233 1198.0
234 1189.0
235 1180.0
236 1171.0
237 1162.0
238 1153.0
239 1144.0
240 1135.0
241 1126.0
242 1117.0
243 1108.0
244 1099.0
245 1090.0
246 1081.0
247 1072.0
248 1063.0
249 1054.0
250 1045.0
251 1036.0
252 1027.0
253 1018.0
254 1009.0
255 1000.0
256 991.0
257 982.0
258 973.0
259 964.0
260 955.0
261 946.0
262 938.0
263 929.0
264 921.0
265 913.0
266 905.0
267 897.0
268 889.0
269 881.0
270 873.0
271 865.0
272 857.0
273 849.0
274 841.0
275 833.0
276 825.0
277 817.0
278 809.0
279 801.0
280 794.0
281 787.0
282 780.0
283 773.0
284 766.0
285 759.0
286 752.0
287 745.0
288 738.0
289 731.0
290 724.0
291 717.0
292 710.0
293 703.0
294 696.0
295 689.0
296 682.0
297 675.0
298 669.0
299 663.0
300 657.0
301 651.0
302 645.0
303 639.0
304 633.0
305 627.0
306 621.0
307 615.0
308 609.0
309 603.0
310 597.0
311 591.0
312 585.0
313 579.0
314 573.0
315 567.0
316 561.0
317 555.0
318 549.0
319 543.0
320 537.0
321 531.0
322 525.0
323 519.0
324 513.0
325 507.0
326 501.0
327 496.0
328 491.0
329 486.0
330 481.0
331 476.0
332 471.0
333 466.0
334 461.0
335 456.0
336 451.0
337 446.0
338 441.0
339 436.0
340 431.0
341 426.0
342 421.0
343 416.0
344 411.0
345 406.0
346 401.0
347 396.0
348 391.0
349 386.0
350 381.0
351 376.0
352 371.0
353 367.0
354 363.0
355 359.0
356 355.0
357 351.0
358 347.0
359 343.0
360 339.0
361 335.0
362 331.0
363 327.0
364 323.0
365 319.0
366 315.0
367 311.0
368 307.0
369 303.0
370 299.0
371 295.0
372 291.0
373 287.0
374 283.0
375 279.0
376 275.0
377 271.0
378 267.0
379 263.0
380 259.0
381 255.0
382 251.0
383 247.0
384 243.0
385 239.0
386 235.0
387 231.0
388 228.0
389 225.0
390 222.0
391 219.0
392 216.0
393 213.0
394 210.0
395 207.0
396 204.0
397 201.0
398 198.0
399 195.0
400 192.0
401 189.0
402 186.0
403 183.0
404 180.0
405 177.0
406 174.0
407 171.0
408 168.0
409 165.0
410 162.0
411 159.0
412 156.0
413 153.0
414 150.0
415 147.0
416 144.0
417 141.0
418 138.0
419 135.0
420 132.0
421 129.0
422 126.0
423 123.0
424 120.0
425 117.0
426 114.0
427 111.0
428 108.0
429 105.0
430 102.0
431 100.0
432 98.0
433 96.0
434 94.0
435 92.0
436 90.0
437 88.0
438 86.0
439 84.0
440 82.0
441 80.0
442 78.0
443 76.0
444 74.0
445 72.0
446 70.0
447 68.0
448 66.0
449 64.0
450 62.0
451 60.0
452 58.0
453 56.0
454 54.0
455 52.0
456 50.0
457 48.0
458 46.0
459 44.0
460 42.0
461 40.0
462 38.0
463 37.0
464 36.0
465 35.0
466 34.0
467 33.0
468 32.0
469 31.0
470 30.0
471 29.0
472 28.0
473 27.0
474 26.0
475 25.0
476 24.0
477 23.0
478 22.0
479 21.0
480 20.0
481 19.0
482 18.0
483 17.0
484 16.0
485 15.0
486 14.0
487 13.0
488 12.0
489 11.0
490 10.0
491 9.0
492 8.0
493 7.0
494 6.0
495 5.0
496 4.0
497 3.0
498 2.0
499 1.0
500 0.0
