1 8628.0
2 6665.0
3 5771.0
4 5237.0
5 4799.0
6 4414.0
7 4105.0
8 3812.0
9 3594.0
10 3380.0
11 3203.0
12 3055.0
13 2908.0
14 2797.0
15 2688.0
16 2588.0
17 2494.0
18 2403.0
19 2317.0
20 2232.0
21 2148.0
22 2072.0
23 1999.0
24 1927.0
25 1857.0
26 1787.0
27 1718.0
28 1650.0
29 1583.0
30 1524.0
31 1467.0
32 1411.0
33 1355.0
34 1302.0
35 1246.0
36 1193.0
37 1141.0
38 1089.0
39 1037.0
40 986.0
41 937.0
42 891.0
43 845.0
44 805.0
45 765.0
46 727.0
47 689.0
48 651.0
49 616.0
50 584.0
51 554.0
52 524.0
53 496.0
54 472.0
55 449.0
56 426.0
57 403.0
58 381.0
59 360.0
60 341.0
61 322.0
62 303.0
63 284.0
64 267.0
65 251.0
66 235.0
67 220.0
68 206.0
69 192.0
70 179.0
71 166.0
72 154.0
73 143.0
74 133.0
75 123.0
76 113.0
77 104.0
78 95.0
79 87.0
80 80.0
81 73.0
82 67.0
83 61.0
84 55.0
85 49.0
86 44.0
87 39.0
88 34.0
89 29.0
90 24.0
91 20.0
92 17.0
93 14.0
94 11.0
95 8.0
96 6.0
97 4.0
98 2.0
99 1.0
100 0.0
