1 12931.0
2 11433.0
3 10718.0
4 10103.0
5 9595.0
6 9283.0
7 9025.0
8 8752.0
9 8517.0
10 8307.0
11 8126.0
12 7976.0
13 7833.0
14 7695.0
15 7561.0
16 7432.0
17 7309.0
18 7196.0
19 7079.0
20 6967.0
21 6861.0
22 6762.0
23 6667.0
24 6570.0
25 6478.0
26 6389.0
27 6309.0
28 6230.0
29 6157.0
30 6085.0
31 6016.0
32 5948.0
33 5881.0
34 5814.0
35 5748.0
36 5682.0
37 5619.0
38 5558.0
39 5500.0
40 5440.0
41 5383.0
42 5327.0
43 5274.0
44 5223.0
45 5173.0
46 5123.0
47 5074.0
48 5028.0
49 4983.0
50 4937.0
51 4894.0
52 4852.0
53 4812.0
54 4771.0
55 4731.0
56 4693.0
57 4656.0
58 4619.0
59 4582.0
60 4545.0
61 4509.0
62 4474.0
63 4438.0
64 4402.0
65 4367.0
66 4333.0
67 4299.0
68 4268.0
69 4238.0
70 4208.0
71 4179.0
72 4150.0
73 4121.0
74 4093.0
75 4066.0
76 4039.0
77 4012.0
78 3985.0
79 3959.0
80 3933.0
81 3907.0
82 3881.0
83 3855.0
84 3830.0
85 3805.0
86 3781.0
87 3757.0
88 3733.0
89 3709.0
90 3686.0
91 3663.0
92 3640.0
93 3616.0
94 3593.0
95 3570.0
96 3547.0
97 3525.0
98 3503.0
99 3481.0
100 3459.0
101 3437.0
102 3415.0
103 3393.0
104 3371.0
105 3350.0
106 3329.0
107 3308.0
108 3287.0
109 3266.0
110 3245.0
111 3225.0
112 3205.0
113 3185.0
114 3165.0
115 3145.0
116 3126.0
117 3107.0
118 3088.0
119 3069.0
120 3050.0
121 3032.0
122 3013.0
123 2995.0
124 2977.0
125 2959.0
126 2941.0
127 2923.0
128 2905.0
129 2887.0
130 2869.0
131 2851.0
132 2833.0
133 2815.0
134 2798.0
135 2781.0
136 2764.0
137 2747.0
138 2730.0
139 2713.0
140 2696.0
141 2679.0
142 2662.0
143 2645.0
144 2629.0
145 2613.0
146 2597.0
147 2581.0
148 2565.0
149 2549.0
150 2533.0
151 2517.0
152 2501.0
153 2485.0
154 2469.0
155 2454.0
156 2439.0
157 2424.0
158 2409.0
159 2394.0
160 2379.0
161 2364.0
162 2350.0
163 2336.0
164 2322.0
165 2308.0
166 2294.0
167 2280.0
168 2266.0
169 2252.0
170 2238.0
171 2224.0
172 2210.0
173 2196.0
174 2183.0
175 2170.0
176 2157.0
177 2144.0
178 2131.0
179 2118.0
180 2105.0
181 2092.0
182 2079.0
183 2066.0
184 2053.0
185 2040.0
186 2027.0
187 2015.0
188 2003.0
189 1991.0
190 1979.0
191 1967.0
192 1955.0
193 1943.0
194 1931.0
195 1919.0
196 1907.0
197 1895.0
198 1883.0
199 1871.0
200 1859.0
201 1847.0
202 1835.0
203 1823.0
204 1812.0
205 1801.0
206 1790.0
207 1779.0
208 1768.0
209 1757.0
210 1746.0
211 1735.0
212 1724.0
213 1713.0
214 1702.0
215 1691.0
216 1680.0
217 1669.0
218 1658.0
219 1648.0
220 1638.0
221 1628.0
222 1618.0
223 1608.0
224 1598.0
225 1588.0
226 1578.0
227 1568.0
228 1558.0
229 1548.0
230 1538.0
231 1528.0
232 1518.0
233 1508.0
234 1498.0
235 1488.0
236 1478.0
237 1468.0
238 1458.0
239 1448.0
240 1438.0
241 1428.0
242 1418.0
243 1409.0
244 1400.0
245 1391.0
246 1382.0
247 1373.0
248 1364.0
249 1355.0
250 1346.0
251 1337.0
252 1328.0
253 1319.0
254 1310.0
255 1301.0
256 1292.0
257 1283.0
258 1274.0
259 1265.0
260 1256.0
261 1248.0
262 1240.0
263 1232.0
264 1224.0
265 1216.0
266 1208.0
267 1200.0
268 1192.0
269 1184.0
270 1176.0
271 1168.0
272 1160.0
273 1152.0
274 1144.0
275 1136.0
276 1128.0
277 1120.0
278 1113.0
279 1106.0
280 1099.0
281 1092.0
282 1085.0
283 1078.0
284 1071.0
285 1064.0
286 1057.0
287 1050.0
288 1043.0
289 1036.0
290 1029.0
291 1022.0
292 1015.0
293 1008.0
294 1001.0
295 994.0
296 987.0
297 980.0
298 973.0
299 966.0
300 959.0
301 952.0
302 945.0
303 938.0
304 931.0
305 924.0
306 917.0
307 910.0
308 903.0
309 896.0
310 890.0
311 884.0
312 878.0
313 872.0
314 866.0
315 860.0
316 854.0
317 848.0
318 842.0
319 836.0
320 830.0
321 824.0
322 818.0
323 812.0
324 806.0
325 800.0
326 794.0
327 788.0
328 782.0
329 776.0
330 770.0
331 764.0
332 758.0
333 752.0
334 746.0
335 740.0
336 734.0
337 728.0
338 722.0
339 716.0
340 710.0
341 704.0
342 698.0
343 692.0
344 686.0
345 680.0
346 674.0
347 669.0
348 664.0
349 659.0
350 654.0
351 649.0
352 644.0
353 639.0
354 634.0
355 629.0
356 624.0
357 619.0
358 614.0
359 609.0
360 604.0
361 599.0
362 594.0
363 589.0
364 584.0
365 579.0
366 574.0
367 569.0
368 564.0
369 559.0
370 554.0
371 549.0
372 544.0
373 539.0
374 534.0
375 529.0
376 524.0
377 520.0
378 516.0
379 512.0
380 508.0
381 504.0
382 500.0
383 496.0
384 492.0
385 488.0
386 484.0
387 480.0
388 476.0
389 472.0
390 468.0
391 464.0
392 460.0
393 456.0
394 452.0
395 448.0
396 444.0
397 440.0
398 436.0
399 432.0
400 428.0
401 424.0
402 420.0
403 416.0
404 412.0
405 408.0
406 404.0
407 400.0
408 396.0
409 392.0
410 388.0
411 384.0
412 380.0
413 376.0
414 372.0
415 368.0
416 364.0
417 360.0
418 356.0
419 353.0
420 349.0
421 346.0
422 343.0
423 340.0
424 337.0
425 334.0
426 331.0
427 328.0
428 325.0
429 322.0
430 319.0
431 316.0
432 313.0
433 310.0
434 307.0
435 304.0
436 301.0
437 298.0
438 295.0
439 292.0
440 289.0
441 286.0
442 283.0
443 280.0
444 277.0
445 274.0
446 271.0
447 268.0
448 265.0
449 262.0
450 259.0
451 256.0
452 253.0
453 250.0
454 247.0
455 244.0
456 241.0
457 238.0
458 235.0
459 232.0
460 229.0
461 226.0
462 223.0
463 220.0
464 217.0
465 214.0
466 211.0
467 208.0
468 205.0
469 202.0
470 199.0
471 196.0
472 193.0
473 190.0
474 187.0
475 184.0
476 181.0
477 178.0
478 175.0
479 173.0
480 171.0
481 169.0
482 167.0
483 165.0
484 163.0
485 161.0
486 159.0
487 157.0
488 155.0
489 153.0
490 151.0
491 149.0
492 147.0
493 145.0
494 143.0
495 141.0
496 139.0
497 137.0
498 135.0
499 133.0
500 131.0
501 129.0
502 127.0
503 125.0
504 123.0
505 121.0
506 119.0
507 117.0
508 115.0
509 113.0
510 111.0
511 109.0
512 107.0
513 105.0
514 103.0
515 101.0
516 99.0
517 97.0
518 95.0
519 93.0
520 91.0
521 89.0
522 87.0
523 85.0
524 83.0
525 81.0
526 79.0
527 77.0
528 75.0
529 73.0
530 71.0
531 69.0
532 68.0
533 67.0
534 66.0
535 65.0
536 64.0
537 63.0
538 62.0
539 61.0
540 60.0
541 59.0
542 58.0
543 57.0
544 56.0
545 55.0
546 54.0
547 53.0
548 52.0
549 51.0
550 50.0
551 49.0
552 48.0
553 47.0
554 46.0
555 45.0
556 44.0
557 43.0
558 42.0
559 41.0
560 40.0
561 39.0
562 38.0
563 37.0
564 36.0
565 35.0
566 34.0
567 33.0
568 32.0
569 31.0
570 30.0
571 29.0
572 28.0
573 27.0
574 26.0
575 25.0
576 24.0
577 23.0
578 22.0
579 21.0
580 20.0
581 19.0
582 18.0
583 17.0
584 16.0
585 15.0
586 14.0
587 13.0
588 12.0
589 11.0
590 10.0
591 9.0
592 8.0
593 7.0
594 6.0
595 5.0
596 4.0
597 3.0
598 2.0
599 1.0
600 0.0
