1 17425.0
2 15081.0
3 13834.0
4 13022.0
5 12305.0
6 11826.0
7 11401.0
8 11022.0
9 10740.0
10 10491.0
11 10252.0
12 10040.0
13 9835.0
14 9642.0
15 9462.0
16 9293.0
17 9133.0
18 8983.0
19 8848.0
20 8717.0
21 8597.0
22 8484.0
23 8370.0
24 8270.0
25 8172.0
26 8078.0
27 7985.0
28 7897.0
29 7812.0
30 7731.0
31 7652.0
32 7579.0
33 7508.0
34 7437.0
35 7367.0
36 7297.0
37 7227.0
38 7162.0
39 7098.0
40 7037.0
41 6978.0
42 6922.0
43 6867.0
44 6812.0
45 6762.0
46 6711.0
47 6661.0
48 6612.0
49 6564.0
50 6518.0
51 6472.0
52 6427.0
53 6384.0
54 6339.0
55 6294.0
56 6251.0
57 6208.0
58 6165.0
59 6123.0
60 6083.0
61 6043.0
62 6004.0
63 5964.0
64 5925.0
65 5887.0
66 5851.0
67 5815.0
68 5780.0
69 5745.0
70 5711.0
71 5678.0
72 5645.0
73 5613.0
74 5581.0
75 5549.0
76 5518.0
77 5487.0
78 5457.0
79 5427.0
80 5398.0
81 5371.0
82 5342.0
83 5315.0
84 5288.0
85 5261.0
86 5234.0
87 5207.0
88 5181.0
89 5155.0
90 5128.0
91 5102.0
92 5077.0
93 5051.0
94 5026.0
95 5001.0
96 4976.0
97 4951.0
98 4927.0
99 4903.0
100 4878.0
101 4854.0
102 4830.0
103 4807.0
104 4784.0
105 4761.0
106 4739.0
107 4717.0
108 4695.0
109 4673.0
110 4651.0
111 4630.0
112 4608.0
113 4587.0
114 4566.0
115 4545.0
116 4524.0
117 4503.0
118 4482.0
119 4461.0
120 4440.0
121 4419.0
122 4399.0
123 4379.0
124 4359.0
125 4339.0
126 4319.0
127 4299.0
128 4279.0
129 4260.0
130 4240.0
131 4221.0
132 4202.0
133 4183.0
134 4164.0
135 4145.0
136 4126.0
137 4107.0
138 4088.0
139 4069.0
140 4051.0
141 4033.0
142 4015.0
143 3997.0
144 3979.0
145 3961.0
146 3943.0
147 3925.0
148 3907.0
149 3890.0
150 3872.0
151 3854.0
152 3836.0
153 3819.0
154 3802.0
155 3785.0
156 3768.0
157 3751.0
158 3734.0
159 3718.0
160 3702.0
161 3686.0
162 3670.0
163 3654.0
164 3638.0
165 3622.0
166 3606.0
167 3591.0
168 3576.0
169 3561.0
170 3546.0
171 3531.0
172 3516.0
173 3501.0
174 3486.0
175 3471.0
176 3456.0
177 3442.0
178 3428.0
179 3414.0
180 3400.0
181 3386.0
182 3372.0
183 3358.0
184 3344.0
185 3330.0
186 3316.0
187 3302.0
188 3288.0
189 3274.0
190 3261.0
191 3248.0
192 3235.0
193 3222.0
194 3209.0
195 3196.0
196 3183.0
197 3170.0
198 3157.0
199 3144.0
200 3132.0
201 3120.0
202 3108.0
203 3096.0
204 3084.0
205 3072.0
206 3060.0
207 3048.0
208 3036.0
209 3024.0
210 3012.0
211 3000.0
212 2988.0
213 2976.0
214 2964.0
215 2952.0
216 2940.0
217 2928.0
218 2917.0
219 2905.0
220 2894.0
221 2883.0
222 2872.0
223 2861.0
224 2850.0
225 2839.0
226 2828.0
227 2817.0
228 2806.0
229 2795.0
230 2784.0
231 2773.0
232 2762.0
233 2751.0
234 2740.0
235 2729.0
236 2718.0
237 2707.0
238 2696.0
239 2685.0
240 2674.0
241 2663.0
242 2652.0
243 2642.0
244 2632.0
245 2622.0
246 2612.0
247 2602.0
248 2592.0
249 2582.0
250 2572.0
251 2562.0
252 2552.0
253 2542.0
254 2532.0
255 2522.0
256 2512.0
257 2502.0
258 2492.0
259 2482.0
260 2472.0
261 2462.0
262 2452.0
263 2442.0
264 2432.0
265 2422.0
266 2412.0
267 2403.0
268 2394.0
269 2384.0
270 2375.0
271 2366.0
272 2357.0
273 2348.0
274 2339.0
275 2330.0
276 2321.0
277 2312.0
278 2303.0
279 2294.0
280 2285.0
281 2276.0
282 2267.0
283 2258.0
284 2249.0
285 2240.0
286 2231.0
287 2222.0
288 2213.0
289 2204.0
290 2195.0
291 2186.0
292 2177.0
293 2168.0
294 2159.0
295 2150.0
296 2141.0
297 2132.0
298 2123.0
299 2115.0
300 2106.0
301 2098.0
302 2089.0
303 2081.0
304 2073.0
305 2064.0
306 2056.0
307 2048.0
308 2040.0
309 2032.0
310 2024.0
311 2016.0
312 2008.0
313 2000.0
314 1992.0
315 1984.0
316 1976.0
317 1968.0
318 1960.0
319 1952.0
320 1944.0
321 1936.0
322 1928.0
323 1920.0
324 1912.0
325 1904.0
326 1896.0
327 1888.0
328 1880.0
329 1872.0
330 1864.0
331 1856.0
332 1848.0
333 1840.0
334 1832.0
335 1824.0
336 1817.0
337 1810.0
338 1803.0
339 1796.0
340 1789.0
341 1782.0
342 1775.0
343 1768.0
344 1761.0
345 1754.0
346 1747.0
347 1740.0
348 1733.0
349 1726.0
350 1719.0
351 1712.0
352 1705.0
353 1698.0
354 1691.0
355 1684.0
356 1677.0
357 1670.0
358 1663.0
359 1656.0
360 1649.0
361 1642.0
362 1635.0
363 1628.0
364 1621.0
365 1614.0
366 1607.0
367 1600.0
368 1593.0
369 1586.0
370 1579.0
371 1572.0
372 1566.0
373 1560.0
374 1554.0
375 1548.0
376 1542.0
377 1536.0
378 1530.0
379 1524.0
380 1518.0
381 1512.0
382 1506.0
383 1500.0
384 1494.0
385 1488.0
386 1482.0
387 1476.0
388 1470.0
389 1464.0
390 1458.0
391 1452.0
392 1446.0
393 1440.0
394 1434.0
395 1428.0
396 1422.0
397 1416.0
398 1410.0
399 1404.0
400 1398.0
401 1392.0
402 1386.0
403 1380.0
404 1374.0
405 1368.0
406 1362.0
407 1356.0
408 1350.0
409 1344.0
410 1338.0
411 1332.0
412 1326.0
413 1320.0
414 1314.0
415 1308.0
416 1302.0
417 1297.0
418 1292.0
419 1287.0
420 1282.0
421 1277.0
422 1272.0
423 1267.0
424 1262.0
425 1257.0
426 1252.0
427 1247.0
428 1242.0
429 1237.0
430 1232.0
431 1227.0
432 1222.0
433 1217.0
434 1212.0
435 1207.0
436 1202.0
437 1197.0
438 1192.0
439 1187.0
440 1182.0
441 1177.0
442 1172.0
443 1167.0
444 1162.0
445 1157.0
446 1152.0
447 1147.0
448 1142.0
449 1137.0
450 1132.0
451 1127.0
452 1122.0
453 1117.0
454 1112.0
455 1107.0
456 1102.0
457 1097.0
458 1092.0
459 1087.0
460 1082.0
461 1077.0
462 1072.0
463 1067.0
464 1062.0
465 1057.0
466 1052.0
467 1047.0
468 1042.0
469 1037.0
470 1032.0
471 1027.0
472 1022.0
473 1017.0
474 1012.0
475 1007.0
476 1002.0
477 997.0
478 992.0
479 987.0
480 982.0
481 977.0
482 973.0
483 969.0
484 964.0
485 960.0
486 956.0
487 952.0
488 948.0
489 944.0
490 940.0
491 936.0
492 932.0
493 928.0
494 924.0
495 920.0
496 916.0
497 912.0
498 908.0
499 904.0
500 900.0
501 896.0
502 892.0
503 888.0
504 884.0
505 880.0
506 876.0
507 872.0
508 868.0
509 864.0
510 860.0
511 856.0
512 852.0
513 848.0
514 844.0
515 840.0
516 836.0
517 832.0
518 828.0
519 824.0
520 820.0
521 816.0
522 812.0
523 808.0
524 804.0
525 800.0
526 796.0
527 792.0
528 788.0
529 784.0
530 780.0
531 776.0
532 772.0
533 768.0
534 764.0
535 760.0
536 756.0
537 752.0
538 748.0
539 744.0
540 740.0
541 736.0
542 732.0
543 728.0
544 724.0
545 720.0
546 716.0
547 712.0
548 708.0
549 704.0
550 700.0
551 696.0
552 692.0
553 688.0
554 684.0
555 680.0
556 676.0
557 672.0
558 668.0
559 664.0
560 660.0
561 656.0
562 652.0
563 648.0
564 644.0
565 640.0
566 636.0
567 632.0
568 628.0
569 624.0
570 621.0
571 617.0
572 614.0
573 611.0
574 608.0
575 605.0
576 602.0
577 599.0
578 596.0
579 593.0
580 590.0
581 587.0
582 584.0
583 581.0
584 578.0
585 575.0
586 572.0
587 569.0
588 566.0
589 563.0
590 560.0
591 557.0
592 554.0
593 551.0
594 548.0
595 545.0
596 542.0
597 539.0
598 536.0
599 533.0
600 530.0
601 527.0
602 524.0
603 521.0
604 518.0
605 515.0
606 512.0
607 509.0
608 506.0
609 503.0
610 500.0
611 497.0
612 494.0
613 491.0
614 488.0
615 485.0
616 482.0
617 479.0
618 476.0
619 473.0
620 470.0
621 467.0
622 464.0
623 461.0
624 458.0
625 455.0
626 452.0
627 449.0
628 446.0
629 443.0
630 440.0
631 437.0
632 434.0
633 431.0
634 428.0
635 425.0
636 422.0
637 419.0
638 416.0
639 413.0
640 410.0
641 407.0
642 404.0
643 401.0
644 398.0
645 395.0
646 392.0
647 389.0
648 386.0
649 383.0
650 380.0
651 377.0
652 374.0
653 371.0
654 368.0
655 365.0
656 362.0
657 359.0
658 356.0
659 354.0
660 351.0
661 349.0
662 347.0
663 345.0
664 343.0
665 341.0
666 339.0
667 337.0
668 335.0
669 333.0
670 331.0
671 329.0
672 327.0
673 325.0
674 323.0
675 321.0
676 319.0
677 317.0
678 315.0
679 313.0
680 311.0
681 309.0
682 307.0
683 305.0
684 303.0
685 301.0
686 299.0
687 297.0
688 295.0
689 293.0
690 291.0
691 289.0
692 287.0
693 285.0
694 283.0
695 281.0
696 279.0
697 277.0
698 275.0
699 273.0
700 271.0
701 269.0
702 267.0
703 265.0
704 263.0
705 261.0
706 259.0
707 257.0
708 255.0
709 253.0
710 251.0
711 249.0
712 247.0
713 245.0
714 243.0
715 241.0
716 239.0
717 237.0
718 235.0
719 233.0
720 231.0
721 229.0
722 227.0
723 225.0
724 223.0
725 221.0
726 219.0
727 217.0
728 215.0
729 213.0
730 211.0
731 209.0
732 207.0
733 205.0
734 203.0
735 201.0
736 199.0
737 197.0
738 195.0
739 193.0
740 191.0
741 189.0
742 187.0
743 185.0
744 183.0
745 181.0
746 179.0
747 177.0
748 175.0
749 173.0
750 171.0
751 169.0
752 167.0
753 165.0
754 163.0
755 161.0
756 159.0
757 157.0
758 155.0
759 153.0
760 151.0
761 149.0
762 147.0
763 145.0
764 143.0
765 141.0
766 139.0
767 137.0
768 135.0
769 133.0
770 131.0
771 129.0
772 128.0
773 127.0
774 126.0
775 125.0
776 124.0
777 123.0
778 122.0
779 121.0
780 120.0
781 119.0
782 118.0
783 117.0
784 116.0
785 115.0
786 114.0
787 113.0
788 112.0
789 111.0
790 110.0
791 109.0
792 108.0
793 107.0
794 106.0
795 105.0
796 104.0
797 103.0
798 102.0
799 101.0
800 100.0
801 99.0
802 98.0
803 97.0
804 96.0
805 95.0
806 94.0
807 93.0
808 92.0
809 91.0
810 90.0
811 89.0
812 88.0
813 87.0
814 86.0
815 85.0
816 84.0
817 83.0
818 82.0
819 81.0
820 80.0
821 79.0
822 78.0
823 77.0
824 76.0
825 75.0
826 74.0
827 73.0
828 72.0
829 71.0
830 70.0
831 69.0
832 68.0
833 67.0
834 66.0
835 65.0
836 64.0
837 63.0
838 62.0
839 61.0
840 60.0
841 59.0
842 58.0
843 57.0
844 56.0
845 55.0
846 54.0
847 53.0
848 52.0
849 51.0
850 50.0
851 49.0
852 48.0
853 47.0
854 46.0
855 45.0
856 44.0
857 43.0
858 42.0
859 41.0
860 40.0
861 39.0
862 38.0
863 37.0
864 36.0
865 35.0
866 34.0
867 33.0
868 32.0
869 31.0
870 30.0
871 29.0
872 28.0
873 27.0
874 26.0
875 25.0
876 24.0
877 23.0
878 22.0
879 21.0
880 20.0
881 19.0
882 18.0
883 17.0
884 16.0
885 15.0
886 14.0
887 13.0
888 12.0
889 11.0
890 10.0
891 9.0
892 8.0
893 7.0
894 6.0
895 5.0
896 4.0
897 3.0
898 2.0
899 1.0
900 0.0
