1 11905.0
2 9147.0
3 7778.0
4 6820.0
5 6162.0
6 5780.0
7 5443.0
8 5157.0
9 4881.0
10 4634.0
11 4418.0
12 4200.0
13 3984.0
14 3804.0
15 3651.0
16 3512.0
17 3378.0
18 3257.0
19 3145.0
20 3034.0
21 2938.0
22 2843.0
23 2751.0
24 2660.0
25 2570.0
26 2484.0
27 2399.0
28 2315.0
29 2233.0
30 2151.0
31 2072.0
32 1994.0
33 1917.0
34 1846.0
35 1780.0
36 1714.0
37 1651.0
38 1589.0
39 1527.0
40 1469.0
41 1411.0
42 1354.0
43 1297.0
44 1243.0
45 1190.0
46 1142.0
47 1098.0
48 1055.0
49 1013.0
50 972.0
51 934.0
52 897.0
53 861.0
54 827.0
55 791.0
56 757.0
57 724.0
58 691.0
59 658.0
60 627.0
61 596.0
62 566.0
63 537.0
64 509.0
65 485.0
66 461.0
67 437.0
68 413.0
69 390.0
70 367.0
71 345.0
72 325.0
73 306.0
74 288.0
75 270.0
76 252.0
77 235.0
78 218.0
79 202.0
80 187.0
81 172.0
82 158.0
83 144.0
84 131.0
85 119.0
86 108.0
87 97.0
88 87.0
89 77.0
90 67.0
91 58.0
92 49.0
93 40.0
94 32.0
95 24.0
96 17.0
97 11.0
98 6.0
99 3.0
100 0.0
