1 13972.0
2 12018.0
3 10821.0
4 10055.0
5 9519.0
6 9120.0
7 8803.0
8 8528.0
9 8282.0
10 8047.0
11 7809.0
12 7606.0
13 7419.0
14 7231.0
15 7075.0
16 6926.0
17 6771.0
18 6632.0
19 6492.0
20 6376.0
21 6267.0
22 6164.0
23 6061.0
24 5969.0
25 5879.0
26 5788.0
27 5705.0
28 5619.0
29 5540.0
30 5469.0
31 5403.0
32 5338.0
33 5279.0
34 5224.0
35 5170.0
36 5114.0
37 5059.0
38 5005.0
39 4952.0
40 4900.0
41 4850.0
42 4801.0
43 4753.0
44 4705.0
45 4658.0
46 4614.0
47 4572.0
48 4530.0
49 4489.0
50 4449.0
51 4409.0
52 4370.0
53 4333.0
54 4296.0
55 4259.0
56 4222.0
57 4185.0
58 4149.0
59 4113.0
60 4077.0
61 4041.0
62 4006.0
63 3972.0
64 3937.0
65 3902.0
66 3868.0
67 3836.0
68 3805.0
69 3774.0
70 3744.0
71 3714.0
72 3684.0
73 3654.0
74 3624.0
75 3594.0
76 3564.0
77 3535.0
78 3508.0
79 3481.0
80 3454.0
81 3427.0
82 3400.0
83 3374.0
84 3348.0
85 3322.0
86 3297.0
87 3272.0
88 3247.0
89 3222.0
90 3197.0
91 3172.0
92 3148.0
93 3124.0
94 3100.0
95 3076.0
96 3053.0
97 3030.0
98 3007.0
99 2984.0
100 2961.0
101 2938.0
102 2915.0
103 2893.0
104 2871.0
105 2849.0
106 2827.0
107 2805.0
108 2784.0
109 2763.0
110 2742.0
111 2722.0
112 2702.0
113 2682.0
114 2662.0
115 2642.0
116 2623.0
117 2604.0
118 2585.0
119 2567.0
120 2549.0
121 2531.0
122 2513.0
123 2495.0
124 2477.0
125 2459.0
126 2441.0
127 2423.0
128 2405.0
129 2387.0
130 2369.0
131 2352.0
132 2335.0
133 2318.0
134 2301.0
135 2284.0
136 2267.0
137 2251.0
138 2235.0
139 2219.0
140 2203.0
141 2187.0
142 2171.0
143 2155.0
144 2139.0
145 2123.0
146 2108.0
147 2093.0
148 2078.0
149 2063.0
150 2048.0
151 2033.0
152 2018.0
153 2003.0
154 1988.0
155 1973.0
156 1959.0
157 1945.0
158 1931.0
159 1917.0
160 1903.0
161 1889.0
162 1875.0
163 1861.0
164 1847.0
165 1833.0
166 1820.0
167 1807.0
168 1794.0
169 1781.0
170 1768.0
171 1755.0
172 1742.0
173 1729.0
174 1716.0
175 1703.0
176 1690.0
177 1677.0
178 1664.0
179 1652.0
180 1640.0
181 1628.0
182 1616.0
183 1604.0
184 1592.0
185 1580.0
186 1568.0
187 1556.0
188 1544.0
189 1533.0
190 1521.0
191 1510.0
192 1499.0
193 1488.0
194 1476.0
195 1465.0
196 1454.0
197 1443.0
198 1432.0
199 1421.0
200 1410.0
201 1399.0
202 1388.0
203 1377.0
204 1366.0
205 1356.0
206 1346.0
207 1336.0
208 1326.0
209 1316.0
210 1306.0
211 1296.0
212 1286.0
213 1276.0
214 1266.0
215 1256.0
216 1247.0
217 1238.0
218 1229.0
219 1220.0
220 1211.0
221 1202.0
222 1193.0
223 1184.0
224 1175.0
225 1166.0
226 1157.0
227 1148.0
228 1139.0
229 1130.0
230 1121.0
231 1112.0
232 1103.0
233 1094.0
234 1085.0
235 1076.0
236 1067.0
237 1058.0
238 1050.0
239 1041.0
240 1033.0
241 1025.0
242 1017.0
243 1009.0
244 1001.0
245 993.0
246 985.0
247 977.0
248 969.0
249 961.0
250 953.0
251 945.0
252 937.0
253 929.0
254 921.0
255 913.0
256 905.0
257 897.0
258 889.0
259 881.0
260 873.0
261 865.0
262 857.0
263 849.0
264 841.0
265 833.0
266 825.0
267 817.0
268 809.0
269 801.0
270 794.0
271 787.0
272 780.0
273 773.0
274 766.0
275 759.0
276 752.0
277 745.0
278 738.0
279 731.0
280 724.0
281 717.0
282 710.0
283 703.0
284 696.0
285 689.0
286 682.0
287 675.0
288 669.0
289 663.0
290 657.0
291 651.0
292 645.0
293 639.0
294 633.0
295 627.0
296 621.0
297 615.0
298 609.0
299 603.0
300 597.0
301 591.0
302 585.0
303 579.0
304 573.0
305 567.0
306 561.0
307 555.0
308 550.0
309 545.0
310 540.0
311 535.0
312 530.0
313 525.0
314 520.0
315 515.0
316 510.0
317 505.0
318 500.0
319 495.0
320 490.0
321 485.0
322 480.0
323 475.0
324 470.0
325 465.0
326 460.0
327 455.0
328 450.0
329 445.0
330 440.0
331 435.0
332 430.0
333 425.0
334 420.0
335 415.0
336 410.0
337 405.0
338 400.0
339 395.0
340 390.0
341 385.0
342 380.0
343 375.0
344 370.0
345 365.0
346 360.0
347 355.0
348 350.0
349 345.0
350 341.0
351 337.0
352 333.0
353 329.0
354 325.0
355 321.0
356 317.0
357 313.0
358 309.0
359 305.0
360 301.0
361 297.0
362 293.0
363 289.0
364 285.0
365 281.0
366 277.0
367 273.0
368 269.0
369 265.0
370 261.0
371 257.0
372 253.0
373 249.0
374 246.0
375 243.0
376 240.0
377 237.0
378 234.0
379 231.0
380 228.0
381 225.0
382 222.0
383 219.0
384 216.0
385 213.0
386 210.0
387 207.0
388 204.0
389 201.0
390 198.0
391 195.0
392 192.0
393 189.0
394 186.0
395 183.0
396 180.0
397 177.0
398 174.0
399 171.0
400 168.0
401 165.0
402 162.0
403 159.0
404 156.0
405 153.0
406 150.0
407 147.0
408 144.0
409 141.0
410 138.0
411 135.0
412 132.0
413 129.0
414 126.0
415 124.0
416 122.0
417 120.0
418 118.0
419 116.0
420 114.0
421 112.0
422 110.0
423 108.0
424 106.0
425 104.0
426 102.0
427 100.0
428 98.0
429 96.0
430 94.0
431 92.0
432 90.0
433 88.0
434 86.0
435 84.0
436 82.0
437 80.0
438 78.0
439 76.0
440 74.0
441 72.0
442 70.0
443 68.0
444 66.0
445 64.0
446 62.0
447 60.0
448 58.0
449 56.0
450 54.0
451 52.0
452 50.0
453 48.0
454 46.0
455 45.0
456 44.0
457 43.0
458 42.0
459 41.0
460 40.0
461 39.0
462 38.0
463 37.0
464 36.0
465 35.0
466 34.0
467 33.0
468 32.0
469 31.0
470 30.0
471 29.0
472 28.0
473 27.0
474 26.0
475 25.0
476 24.0
477 23.0
478 22.0
479 21.0
480 20.0
481 19.0
482 18.0
483 17.0
484 16.0
485 15.0
486 14.0
487 13.0
488 12.0
489 11.0
490 10.0
491 9.0
492 8.0
493 7.0
494 6.0
495 5.0
496 4.0
497 3.0
498 2.0
499 1.0
500 0.0
