1 11626.0
2 9905.0
3 9102.0
4 8564.0
5 8162.0
6 7788.0
7 7443.0
8 7204.0
9 6965.0
10 6743.0
11 6529.0
12 6361.0
13 6205.0
14 6063.0
15 5939.0
16 5821.0
17 5720.0
18 5623.0
19 5528.0
20 5440.0
21 5353.0
22 5268.0
23 5186.0
24 5104.0
25 5028.0
26 4955.0
27 4884.0
28 4813.0
29 4747.0
30 4682.0
31 4617.0
32 4556.0
33 4496.0
34 4438.0
35 4383.0
36 4329.0
37 4278.0
38 4227.0
39 4177.0
40 4130.0
41 4084.0
42 4039.0
43 3996.0
44 3954.0
45 3912.0
46 3871.0
47 3830.0
48 3789.0
49 3748.0
50 3709.0
51 3671.0
52 3633.0
53 3595.0
54 3558.0
55 3522.0
56 3484.0
57 3448.0
58 3412.0
59 3377.0
60 3342.0
61 3307.0
62 3273.0
63 3239.0
64 3207.0
65 3175.0
66 3143.0
67 3111.0
68 3079.0
69 3048.0
70 3018.0
71 2988.0
72 2959.0
73 2931.0
74 2903.0
75 2875.0
76 2847.0
77 2819.0
78 2792.0
79 2765.0
80 2738.0
81 2712.0
82 2686.0
83 2661.0
84 2636.0
85 2611.0
86 2587.0
87 2562.0
88 2538.0
89 2514.0
90 2490.0
91 2466.0
92 2442.0
93 2418.0
94 2395.0
95 2372.0
96 2349.0
97 2327.0
98 2305.0
99 2283.0
100 2262.0
101 2241.0
102 2220.0
103 2199.0
104 2179.0
105 2159.0
106 2139.0
107 2119.0
108 2099.0
109 2080.0
110 2061.0
111 2042.0
112 2023.0
113 2004.0
114 1985.0
115 1966.0
116 1947.0
117 1929.0
118 1911.0
119 1893.0
120 1875.0
121 1857.0
122 1839.0
123 1821.0
124 1804.0
125 1787.0
126 1770.0
127 1753.0
128 1736.0
129 1720.0
130 1704.0
131 1688.0
132 1672.0
133 1656.0
134 1640.0
135 1624.0
136 1608.0
137 1593.0
138 1578.0
139 1563.0
140 1548.0
141 1533.0
142 1519.0
143 1505.0
144 1491.0
145 1477.0
146 1463.0
147 1449.0
148 1435.0
149 1422.0
150 1409.0
151 1396.0
152 1383.0
153 1370.0
154 1357.0
155 1345.0
156 1333.0
157 1321.0
158 1309.0
159 1297.0
160 1285.0
161 1273.0
162 1261.0
163 1249.0
164 1237.0
165 1225.0
166 1213.0
167 1201.0
168 1189.0
169 1177.0
170 1165.0
171 1154.0
172 1143.0
173 1132.0
174 1121.0
175 1110.0
176 1099.0
177 1088.0
178 1077.0
179 1066.0
180 1055.0
181 1044.0
182 1034.0
183 1023.0
184 1013.0
185 1003.0
186 993.0
187 983.0
188 973.0
189 963.0
190 953.0
191 943.0
192 933.0
193 923.0
194 913.0
195 903.0
196 893.0
197 883.0
198 873.0
199 864.0
200 855.0
201 846.0
202 837.0
203 828.0
204 819.0
205 810.0
206 801.0
207 792.0
208 784.0
209 776.0
210 768.0
211 760.0
212 752.0
213 744.0
214 736.0
215 728.0
216 720.0
217 712.0
218 704.0
219 696.0
220 688.0
221 681.0
222 674.0
223 667.0
224 660.0
225 653.0
226 646.0
227 639.0
228 632.0
229 625.0
230 618.0
231 611.0
232 604.0
233 597.0
234 590.0
235 583.0
236 576.0
237 569.0
238 562.0
239 555.0
240 548.0
241 542.0
242 535.0
243 529.0
244 523.0
245 517.0
246 511.0
247 505.0
248 499.0
249 493.0
250 487.0
251 481.0
252 475.0
253 469.0
254 463.0
255 457.0
256 451.0
257 445.0
258 439.0
259 433.0
260 427.0
261 421.0
262 415.0
263 409.0
264 404.0
265 399.0
266 394.0
267 389.0
268 384.0
269 379.0
270 374.0
271 369.0
272 364.0
273 359.0
274 354.0
275 349.0
276 344.0
277 339.0
278 334.0
279 329.0
280 324.0
281 319.0
282 314.0
283 309.0
284 304.0
285 299.0
286 294.0
287 289.0
288 284.0
289 279.0
290 274.0
291 269.0
292 264.0
293 260.0
294 256.0
295 252.0
296 248.0
297 244.0
298 240.0
299 236.0
300 232.0
301 228.0
302 224.0
303 220.0
304 216.0
305 212.0
306 208.0
307 204.0
308 200.0
309 196.0
310 192.0
311 188.0
312 184.0
313 180.0
314 176.0
315 172.0
316 168.0
317 164.0
318 160.0
319 156.0
320 152.0
321 148.0
322 145.0
323 142.0
324 139.0
325 136.0
326 133.0
327 130.0
328 127.0
329 124.0
330 121.0
331 118.0
332 115.0
333 112.0
334 109.0
335 106.0
336 103.0
337 100.0
338 97.0
339 94.0
340 91.0
341 88.0
342 85.0
343 83.0
344 81.0
345 79.0
346 77.0
347 75.0
348 73.0
349 71.0
350 69.0
351 67.0
352 65.0
353 63.0
354 61.0
355 59.0
356 57.0
357 55.0
358 53.0
359 51.0
360 49.0
361 47.0
362 45.0
363 43.0
364 41.0
365 39.0
366 37.0
367 35.0
368 33.0
369 31.0
370 30.0
371 29.0
372 28.0
373 27.0
374 26.0
375 25.0
376 24.0
377 23.0
378 22.0
379 21.0
380 20.0
381 19.0
382 18.0
383 17.0
384 16.0
385 15.0
386 14.0
387 13.0
388 12.0
389 11.0
390 10.0
391 9.0
392 8.0
393 7.0
394 6.0
395 5.0
396 4.0
397 3.0
398 2.0
399 1.0
400 0.0
