1 11312.0
2 8564.0
3 7159.0
4 6488.0
5 5923.0
6 5428.0
7 4977.0
8 4689.0
9 4457.0
10 4250.0
11 4044.0
12 3830.0
13 3624.0
14 3461.0
15 3335.0
16 3211.0
17 3097.0
18 2988.0
19 2886.0
20 2786.0
21 2693.0
22 2600.0
23 2509.0
24 2422.0
25 2336.0
26 2252.0
27 2168.0
28 2086.0
29 2009.0
30 1937.0
31 1864.0
32 1792.0
33 1721.0
34 1653.0
35 1591.0
36 1529.0
37 1470.0
38 1414.0
39 1361.0
40 1308.0
41 1259.0
42 1212.0
43 1168.0
44 1125.0
45 1082.0
46 1039.0
47 997.0
48 956.0
49 917.0
50 878.0
51 840.0
52 803.0
53 767.0
54 732.0
55 697.0
56 664.0
57 632.0
58 602.0
59 572.0
60 543.0
61 515.0
62 489.0
63 463.0
64 438.0
65 413.0
66 389.0
67 367.0
68 346.0
69 325.0
70 306.0
71 287.0
72 269.0
73 251.0
74 234.0
75 217.0
76 200.0
77 184.0
78 169.0
79 155.0
80 141.0
81 127.0
82 115.0
83 104.0
84 93.0
85 82.0
86 72.0
87 62.0
88 53.0
89 44.0
90 36.0
91 29.0
92 23.0
93 18.0
94 13.0
95 9.0
96 6.0
97 3.0
98 2.0
99 1.0
100 0.0
