1 13651.0
2 11763.0
3 10568.0
4 10011.0
5 9481.0
6 9002.0
7 8637.0
8 8296.0
9 8031.0
10 7782.0
11 7580.0
12 7388.0
13 7204.0
14 7032.0
15 6885.0
16 6740.0
17 6605.0
18 6479.0
19 6359.0
20 6244.0
21 6132.0
22 6023.0
23 5913.0
24 5806.0
25 5705.0
26 5603.0
27 5510.0
28 5428.0
29 5348.0
30 5268.0
31 5194.0
32 5120.0
33 5049.0
34 4981.0
35 4913.0
36 4847.0
37 4781.0
38 4718.0
39 4656.0
40 4599.0
41 4543.0
42 4488.0
43 4434.0
44 4381.0
45 4328.0
46 4278.0
47 4230.0
48 4182.0
49 4135.0
50 4089.0
51 4043.0
52 3997.0
53 3951.0
54 3906.0
55 3861.0
56 3817.0
57 3774.0
58 3734.0
59 3694.0
60 3655.0
61 3616.0
62 3578.0
63 3540.0
64 3503.0
65 3467.0
66 3431.0
67 3396.0
68 3361.0
69 3327.0
70 3293.0
71 3259.0
72 3225.0
73 3191.0
74 3157.0
75 3125.0
76 3093.0
77 3061.0
78 3029.0
79 2998.0
80 2967.0
81 2936.0
82 2906.0
83 2877.0
84 2848.0
85 2819.0
86 2790.0
87 2762.0
88 2734.0
89 2707.0
90 2680.0
91 2654.0
92 2628.0
93 2602.0
94 2578.0
95 2553.0
96 2529.0
97 2506.0
98 2483.0
99 2460.0
100 2437.0
101 2415.0
102 2393.0
103 2371.0
104 2349.0
105 2327.0
106 2305.0
107 2283.0
108 2261.0
109 2239.0
110 2218.0
111 2197.0
112 2176.0
113 2156.0
114 2136.0
115 2116.0
116 2096.0
117 2076.0
118 2056.0
119 2036.0
120 2017.0
121 1999.0
122 1981.0
123 1963.0
124 1945.0
125 1927.0
126 1909.0
127 1891.0
128 1874.0
129 1857.0
130 1840.0
131 1823.0
132 1806.0
133 1789.0
134 1772.0
135 1755.0
136 1739.0
137 1723.0
138 1707.0
139 1691.0
140 1675.0
141 1659.0
142 1643.0
143 1627.0
144 1611.0
145 1595.0
146 1580.0
147 1565.0
148 1550.0
149 1535.0
150 1520.0
151 1505.0
152 1490.0
153 1475.0
154 1460.0
155 1445.0
156 1430.0
157 1416.0
158 1402.0
159 1388.0
160 1374.0
161 1360.0
162 1346.0
163 1332.0
164 1319.0
165 1306.0
166 1293.0
167 1280.0
168 1267.0
169 1254.0
170 1241.0
171 1228.0
172 1215.0
173 1202.0
174 1189.0
175 1177.0
176 1165.0
177 1154.0
178 1142.0
179 1131.0
180 1120.0
181 1109.0
182 1098.0
183 1087.0
184 1076.0
185 1065.0
186 1054.0
187 1044.0
188 1033.0
189 1023.0
190 1013.0
191 1003.0
192 993.0
193 983.0
194 973.0
195 963.0
196 953.0
197 943.0
198 933.0
199 923.0
200 913.0
201 903.0
202 893.0
203 883.0
204 873.0
205 863.0
206 854.0
207 845.0
208 836.0
209 827.0
210 818.0
211 809.0
212 800.0
213 791.0
214 782.0
215 773.0
216 764.0
217 755.0
218 746.0
219 737.0
220 728.0
221 719.0
222 710.0
223 702.0
224 694.0
225 686.0
226 678.0
227 670.0
228 662.0
229 654.0
230 646.0
231 638.0
232 630.0
233 622.0
234 614.0
235 607.0
236 600.0
237 593.0
238 586.0
239 579.0
240 572.0
241 565.0
242 558.0
243 551.0
244 544.0
245 537.0
246 530.0
247 523.0
248 517.0
249 511.0
250 505.0
251 499.0
252 493.0
253 487.0
254 481.0
255 475.0
256 469.0
257 463.0
258 457.0
259 451.0
260 445.0
261 439.0
262 433.0
263 427.0
264 421.0
265 415.0
266 409.0
267 403.0
268 397.0
269 391.0
270 385.0
271 379.0
272 373.0
273 368.0
274 363.0
275 358.0
276 353.0
277 348.0
278 343.0
279 338.0
280 333.0
281 328.0
282 323.0
283 318.0
284 313.0
285 308.0
286 303.0
287 298.0
288 293.0
289 288.0
290 283.0
291 278.0
292 273.0
293 268.0
294 264.0
295 259.0
296 255.0
297 251.0
298 247.0
299 243.0
300 239.0
301 235.0
302 231.0
303 227.0
304 223.0
305 219.0
306 215.0
307 211.0
308 207.0
309 203.0
310 199.0
311 195.0
312 191.0
313 187.0
314 183.0
315 179.0
316 175.0
317 171.0
318 167.0
319 163.0
320 159.0
321 155.0
322 151.0
323 147.0
324 143.0
325 140.0
326 137.0
327 134.0
328 131.0
329 128.0
330 125.0
331 122.0
332 119.0
333 116.0
334 113.0
335 110.0
336 107.0
337 104.0
338 101.0
339 98.0
340 95.0
341 92.0
342 89.0
343 87.0
344 85.0
345 83.0
346 81.0
347 79.0
348 77.0
349 75.0
350 73.0
351 71.0
352 69.0
353 67.0
354 65.0
355 63.0
356 61.0
357 59.0
358 57.0
359 55.0
360 53.0
361 51.0
362 49.0
363 47.0
364 45.0
365 43.0
366 41.0
367 39.0
368 37.0
369 35.0
370 33.0
371 31.0
372 29.0
373 27.0
374 26.0
375 25.0
376 24.0
377 23.0
378 22.0
379 21.0
380 20.0
381 19.0
382 18.0
383 17.0
384 16.0
385 15.0
386 14.0
387 13.0
388 12.0
389 11.0
390 10.0
391 9.0
392 8.0
393 7.0
394 6.0
395 5.0
396 4.0
397 3.0
398 2.0
399 1.0
400 0.0
