1 16674.0
2 14827.0
3 13783.0
4 12966.0
5 12411.0
6 11952.0
7 11540.0
8 11137.0
9 10777.0
10 10475.0
11 10190.0
12 9946.0
13 9715.0
14 9504.0
15 9304.0
16 9114.0
17 8948.0
18 8796.0
19 8649.0
20 8507.0
21 8377.0
22 8252.0
23 8135.0
24 8020.0
25 7907.0
26 7799.0
27 7692.0
28 7599.0
29 7508.0
30 7422.0
31 7338.0
32 7267.0
33 7192.0
34 7123.0
35 7054.0
36 6987.0
37 6918.0
38 6855.0
39 6793.0
40 6731.0
41 6671.0
42 6611.0
43 6555.0
44 6499.0
45 6445.0
46 6393.0
47 6344.0
48 6296.0
49 6247.0
50 6198.0
51 6148.0
52 6102.0
53 6057.0
54 6012.0
55 5968.0
56 5924.0
57 5881.0
58 5840.0
59 5799.0
60 5759.0
61 5720.0
62 5681.0
63 5641.0
64 5603.0
65 5566.0
66 5529.0
67 5493.0
68 5457.0
69 5422.0
70 5387.0
71 5352.0
72 5319.0
73 5284.0
74 5250.0
75 5217.0
76 5184.0
77 5152.0
78 5120.0
79 5088.0
80 5057.0
81 5027.0
82 4997.0
83 4967.0
84 4938.0
85 4909.0
86 4880.0
87 4851.0
88 4823.0
89 4795.0
90 4767.0
91 4741.0
92 4715.0
93 4689.0
94 4663.0
95 4637.0
96 4611.0
97 4586.0
98 4561.0
99 4536.0
100 4511.0
101 4486.0
102 4461.0
103 4436.0
104 4411.0
105 4386.0
106 4362.0
107 4339.0
108 4316.0
109 4293.0
110 4270.0
111 4247.0
112 4224.0
113 4201.0
114 4179.0
115 4157.0
116 4135.0
117 4113.0
118 4091.0
119 4069.0
120 4048.0
121 4027.0
122 4006.0
123 3985.0
124 3964.0
125 3943.0
126 3923.0
127 3903.0
128 3883.0
129 3863.0
130 3844.0
131 3825.0
132 3805.0
133 3786.0
134 3767.0
135 3748.0
136 3729.0
137 3710.0
138 3691.0
139 3672.0
140 3654.0
141 3636.0
142 3618.0
143 3600.0
144 3582.0
145 3564.0
146 3546.0
147 3529.0
148 3512.0
149 3495.0
150 3478.0
151 3461.0
152 3445.0
153 3429.0
154 3413.0
155 3397.0
156 3381.0
157 3365.0
158 3349.0
159 3333.0
160 3318.0
161 3303.0
162 3288.0
163 3273.0
164 3258.0
165 3243.0
166 3228.0
167 3213.0
168 3198.0
169 3183.0
170 3168.0
171 3153.0
172 3138.0
173 3123.0
174 3108.0
175 3094.0
176 3080.0
177 3066.0
178 3052.0
179 3038.0
180 3024.0
181 3010.0
182 2996.0
183 2982.0
184 2968.0
185 2954.0
186 2940.0
187 2926.0
188 2912.0
189 2899.0
190 2886.0
191 2873.0
192 2860.0
193 2847.0
194 2834.0
195 2821.0
196 2808.0
197 2795.0
198 2782.0
199 2769.0
200 2756.0
201 2743.0
202 2730.0
203 2717.0
204 2704.0
205 2692.0
206 2679.0
207 2667.0
208 2654.0
209 2642.0
210 2630.0
211 2618.0
212 2606.0
213 2594.0
214 2582.0
215 2570.0
216 2558.0
217 2546.0
218 2535.0
219 2523.0
220 2512.0
221 2501.0
222 2490.0
223 2479.0
224 2468.0
225 2457.0
226 2446.0
227 2435.0
228 2424.0
229 2413.0
230 2402.0
231 2391.0
232 2380.0
233 2369.0
234 2358.0
235 2347.0
236 2336.0
237 2325.0
238 2315.0
239 2305.0
240 2295.0
241 2285.0
242 2275.0
243 2265.0
244 2255.0
245 2245.0
246 2235.0
247 2225.0
248 2215.0
249 2205.0
250 2195.0
251 2185.0
252 2175.0
253 2165.0
254 2155.0
255 2145.0
256 2135.0
257 2125.0
258 2115.0
259 2105.0
260 2095.0
261 2085.0
262 2075.0
263 2065.0
264 2055.0
265 2045.0
266 2035.0
267 2026.0
268 2017.0
269 2008.0
270 1999.0
271 1990.0
272 1981.0
273 1972.0
274 1963.0
275 1954.0
276 1945.0
277 1936.0
278 1927.0
279 1918.0
280 1909.0
281 1900.0
282 1891.0
283 1882.0
284 1873.0
285 1864.0
286 1855.0
287 1846.0
288 1837.0
289 1828.0
290 1819.0
291 1810.0
292 1801.0
293 1793.0
294 1785.0
295 1777.0
296 1769.0
297 1761.0
298 1753.0
299 1745.0
300 1737.0
301 1729.0
302 1721.0
303 1713.0
304 1705.0
305 1697.0
306 1689.0
307 1681.0
308 1673.0
309 1665.0
310 1657.0
311 1649.0
312 1641.0
313 1633.0
314 1625.0
315 1617.0
316 1609.0
317 1601.0
318 1593.0
319 1585.0
320 1577.0
321 1569.0
322 1561.0
323 1553.0
324 1546.0
325 1539.0
326 1532.0
327 1525.0
328 1518.0
329 1511.0
330 1504.0
331 1497.0
332 1490.0
333 1483.0
334 1476.0
335 1469.0
336 1462.0
337 1455.0
338 1448.0
339 1441.0
340 1434.0
341 1427.0
342 1420.0
343 1413.0
344 1406.0
345 1399.0
346 1392.0
347 1385.0
348 1379.0
349 1372.0
350 1366.0
351 1359.0
352 1353.0
353 1347.0
354 1341.0
355 1335.0
356 1329.0
357 1323.0
358 1317.0
359 1311.0
360 1305.0
361 1299.0
362 1293.0
363 1287.0
364 1281.0
365 1275.0
366 1269.0
367 1263.0
368 1257.0
369 1251.0
370 1245.0
371 1239.0
372 1233.0
373 1227.0
374 1221.0
375 1215.0
376 1209.0
377 1203.0
378 1197.0
379 1191.0
380 1185.0
381 1179.0
382 1173.0
383 1167.0
384 1161.0
385 1155.0
386 1149.0
387 1143.0
388 1137.0
389 1131.0
390 1125.0
391 1119.0
392 1113.0
393 1107.0
394 1101.0
395 1095.0
396 1090.0
397 1085.0
398 1080.0
399 1075.0
400 1070.0
401 1065.0
402 1060.0
403 1055.0
404 1050.0
405 1045.0
406 1040.0
407 1035.0
408 1030.0
409 1025.0
410 1020.0
411 1015.0
412 1010.0
413 1005.0
414 1000.0
415 995.0
416 990.0
417 985.0
418 980.0
419 975.0
420 970.0
421 965.0
422 960.0
423 955.0
424 950.0
425 945.0
426 940.0
427 935.0
428 930.0
429 925.0
430 920.0
431 915.0
432 910.0
433 905.0
434 900.0
435 895.0
436 890.0
437 885.0
438 880.0
439 875.0
440 870.0
441 865.0
442 860.0
443 855.0
444 850.0
445 846.0
446 842.0
447 838.0
448 834.0
449 830.0
450 826.0
451 822.0
452 818.0
453 814.0
454 810.0
455 806.0
456 802.0
457 798.0
458 794.0
459 790.0
460 786.0
461 782.0
462 778.0
463 774.0
464 770.0
465 766.0
466 762.0
467 758.0
468 754.0
469 750.0
470 746.0
471 742.0
472 738.0
473 734.0
474 730.0
475 726.0
476 722.0
477 718.0
478 714.0
479 710.0
480 706.0
481 702.0
482 698.0
483 694.0
484 690.0
485 686.0
486 682.0
487 678.0
488 674.0
489 670.0
490 666.0
491 662.0
492 658.0
493 654.0
494 650.0
495 646.0
496 642.0
497 638.0
498 634.0
499 630.0
500 626.0
501 622.0
502 618.0
503 614.0
504 610.0
505 606.0
506 602.0
507 598.0
508 594.0
509 590.0
510 586.0
511 582.0
512 578.0
513 574.0
514 570.0
515 566.0
516 563.0
517 559.0
518 556.0
519 553.0
520 550.0
521 547.0
522 544.0
523 541.0
524 538.0
525 535.0
526 532.0
527 529.0
528 526.0
529 523.0
530 520.0
531 517.0
532 514.0
533 511.0
534 508.0
535 505.0
536 502.0
537 499.0
538 496.0
539 493.0
540 490.0
541 487.0
542 484.0
543 481.0
544 478.0
545 475.0
546 472.0
547 469.0
548 466.0
549 463.0
550 460.0
551 457.0
552 454.0
553 451.0
554 448.0
555 445.0
556 442.0
557 439.0
558 436.0
559 433.0
560 430.0
561 427.0
562 424.0
563 421.0
564 418.0
565 415.0
566 412.0
567 409.0
568 406.0
569 403.0
570 400.0
571 397.0
572 394.0
573 391.0
574 388.0
575 385.0
576 382.0
577 379.0
578 376.0
579 373.0
580 370.0
581 367.0
582 364.0
583 361.0
584 358.0
585 355.0
586 352.0
587 349.0
588 346.0
589 343.0
590 340.0
591 337.0
592 334.0
593 331.0
594 328.0
595 325.0
596 322.0
597 319.0
598 316.0
599 313.0
600 310.0
601 307.0
602 304.0
603 301.0
604 299.0
605 297.0
606 295.0
607 293.0
608 291.0
609 289.0
610 287.0
611 285.0
612 283.0
613 281.0
614 279.0
615 277.0
616 275.0
617 273.0
618 271.0
619 269.0
620 267.0
621 265.0
622 263.0
623 261.0
624 259.0
625 257.0
626 255.0
627 253.0
628 251.0
629 249.0
630 247.0
631 245.0
632 243.0
633 241.0
634 239.0
635 237.0
636 235.0
637 233.0
638 231.0
639 229.0
640 227.0
641 225.0
642 223.0
643 221.0
644 219.0
645 217.0
646 215.0
647 213.0
648 211.0
649 209.0
650 207.0
651 205.0
652 203.0
653 201.0
654 199.0
655 197.0
656 195.0
657 193.0
658 191.0
659 189.0
660 187.0
661 185.0
662 183.0
663 181.0
664 179.0
665 177.0
666 175.0
667 173.0
668 171.0
669 169.0
670 167.0
671 165.0
672 163.0
673 161.0
674 159.0
675 157.0
676 155.0
677 153.0
678 151.0
679 149.0
680 147.0
681 145.0
682 143.0
683 141.0
684 139.0
685 137.0
686 135.0
687 133.0
688 131.0
689 129.0
690 127.0
691 125.0
692 123.0
693 121.0
694 119.0
695 117.0
696 115.0
697 113.0
698 111.0
699 109.0
700 107.0
701 105.0
702 103.0
703 101.0
704 99.0
705 97.0
706 95.0
707 93.0
708 92.0
709 91.0
710 90.0
711 89.0
712 88.0
713 87.0
714 86.0
715 85.0
716 84.0
717 83.0
718 82.0
719 81.0
720 80.0
721 79.0
722 78.0
723 77.0
724 76.0
725 75.0
726 74.0
727 73.0
728 72.0
729 71.0
730 70.0
731 69.0
732 68.0
733 67.0
734 66.0
735 65.0
736 64.0
737 63.0
738 62.0
739 61.0
740 60.0
741 59.0
742 58.0
743 57.0
744 56.0
745 55.0
746 54.0
747 53.0
748 52.0
749 51.0
750 50.0
751 49.0
752 48.0
753 47.0
754 46.0
755 45.0
756 44.0
757 43.0
758 42.0
759 41.0
760 40.0
761 39.0
762 38.0
763 37.0
764 36.0
765 35.0
766 34.0
767 33.0
768 32.0
769 31.0
770 30.0
771 29.0
772 28.0
773 27.0
774 26.0
775 25.0
776 24.0
777 23.0
778 22.0
779 21.0
780 20.0
781 19.0
782 18.0
783 17.0
784 16.0
785 15.0
786 14.0
787 13.0
788 12.0
789 11.0
790 10.0
791 9.0
792 8.0
793 7.0
794 6.0
795 5.0
796 4.0
797 3.0
798 2.0
799 1.0
800 0.0
