1 10140.0
2 7946.0
3 7097.0
4 6335.0
5 5819.0
6 5352.0
7 4985.0
8 4685.0
9 4426.0
10 4190.0
11 3986.0
12 3831.0
13 3682.0
14 3535.0
15 3390.0
16 3262.0
17 3150.0
18 3047.0
19 2950.0
20 2855.0
21 2761.0
22 2670.0
23 2587.0
24 2506.0
25 2427.0
26 2349.0
27 2273.0
28 2202.0
29 2131.0
30 2062.0
31 1995.0
32 1931.0
33 1868.0
34 1806.0
35 1745.0
36 1685.0
37 1626.0
38 1570.0
39 1518.0
40 1466.0
41 1416.0
42 1366.0
43 1317.0
44 1269.0
45 1222.0
46 1175.0
47 1129.0
48 1083.0
49 1037.0
50 992.0
51 947.0
52 905.0
53 862.0
54 820.0
55 780.0
56 743.0
57 706.0
58 669.0
59 633.0
60 598.0
61 563.0
62 530.0
63 498.0
64 467.0
65 438.0
66 412.0
67 387.0
68 363.0
69 341.0
70 320.0
71 300.0
72 281.0
73 262.0
74 243.0
75 225.0
76 208.0
77 192.0
78 176.0
79 162.0
80 148.0
81 134.0
82 121.0
83 109.0
84 98.0
85 88.0
86 78.0
87 68.0
88 59.0
89 51.0
90 43.0
91 35.0
92 28.0
93 22.0
94 17.0
95 12.0
96 8.0
97 5.0
98 3.0
99 1.0
100 0.0
