1 10329.0
2 9166.0
3 8562.0
4 8083.0
5 7696.0
6 7387.0
7 7106.0
8 6874.0
9 6654.0
10 6439.0
11 6239.0
12 6089.0
13 5961.0
14 5840.0
15 5721.0
16 5604.0
17 5493.0
18 5393.0
19 5297.0
20 5205.0
21 5117.0
22 5034.0
23 4952.0
24 4871.0
25 4790.0
26 4711.0
27 4633.0
28 4554.0
29 4478.0
30 4407.0
31 4337.0
32 4269.0
33 4202.0
34 4135.0
35 4069.0
36 4005.0
37 3941.0
38 3881.0
39 3822.0
40 3764.0
41 3710.0
42 3657.0
43 3605.0
44 3554.0
45 3503.0
46 3453.0
47 3404.0
48 3356.0
49 3309.0
50 3263.0
51 3217.0
52 3173.0
53 3129.0
54 3086.0
55 3044.0
56 3002.0
57 2961.0
58 2920.0
59 2880.0
60 2842.0
61 2804.0
62 2767.0
63 2731.0
64 2695.0
65 2660.0
66 2626.0
67 2592.0
68 2558.0
69 2525.0
70 2492.0
71 2460.0
72 2428.0
73 2396.0
74 2365.0
75 2334.0
76 2303.0
77 2272.0
78 2242.0
79 2212.0
80 2183.0
81 2155.0
82 2128.0
83 2101.0
84 2074.0
85 2047.0
86 2021.0
87 1995.0
88 1969.0
89 1943.0
90 1918.0
91 1893.0
92 1868.0
93 1844.0
94 1820.0
95 1796.0
96 1772.0
97 1749.0
98 1726.0
99 1703.0
100 1681.0
101 1659.0
102 1637.0
103 1615.0
104 1594.0
105 1572.0
106 1551.0
107 1530.0
108 1509.0
109 1488.0
110 1468.0
111 1448.0
112 1428.0
113 1409.0
114 1390.0
115 1371.0
116 1353.0
117 1336.0
118 1319.0
119 1302.0
120 1285.0
121 1268.0
122 1252.0
123 1236.0
124 1220.0
125 1204.0
126 1189.0
127 1174.0
128 1159.0
129 1144.0
130 1129.0
131 1114.0
132 1100.0
133 1086.0
134 1072.0
135 1058.0
136 1044.0
137 1030.0
138 1016.0
139 1002.0
140 989.0
141 976.0
142 963.0
143 950.0
144 937.0
145 924.0
146 911.0
147 898.0
148 885.0
149 872.0
150 860.0
151 848.0
152 836.0
153 824.0
154 812.0
155 800.0
156 788.0
157 776.0
158 764.0
159 753.0
160 742.0
161 731.0
162 720.0
163 709.0
164 698.0
165 687.0
166 676.0
167 665.0
168 654.0
169 643.0
170 632.0
171 622.0
172 612.0
173 602.0
174 592.0
175 582.0
176 572.0
177 562.0
178 552.0
179 542.0
180 532.0
181 522.0
182 512.0
183 502.0
184 492.0
185 482.0
186 473.0
187 464.0
188 455.0
189 446.0
190 437.0
191 428.0
192 419.0
193 411.0
194 403.0
195 395.0
196 387.0
197 379.0
198 371.0
199 363.0
200 355.0
201 347.0
202 339.0
203 331.0
204 323.0
205 315.0
206 307.0
207 299.0
208 291.0
209 284.0
210 277.0
211 270.0
212 263.0
213 256.0
214 249.0
215 242.0
216 236.0
217 230.0
218 224.0
219 218.0
220 212.0
221 207.0
222 202.0
223 197.0
224 192.0
225 187.0
226 182.0
227 177.0
228 172.0
229 167.0
230 162.0
231 157.0
232 153.0
233 149.0
234 145.0
235 141.0
236 137.0
237 133.0
238 129.0
239 125.0
240 121.0
241 117.0
242 113.0
243 109.0
244 105.0
245 101.0
246 97.0
247 94.0
248 91.0
249 88.0
250 85.0
251 82.0
252 79.0
253 76.0
254 73.0
255 70.0
256 67.0
257 64.0
258 61.0
259 58.0
260 55.0
261 53.0
262 51.0
263 49.0
264 47.0
265 45.0
266 43.0
267 41.0
268 39.0
269 37.0
270 35.0
271 33.0
272 31.0
273 29.0
274 27.0
275 25.0
276 24.0
277 23.0
278 22.0
279 21.0
280 20.0
281 19.0
282 18.0
283 17.0
284 16.0
285 15.0
286 14.0
287 13.0
288 12.0
289 11.0
290 10.0
291 9.0
292 8.0
293 7.0
294 6.0
295 5.0
296 4.0
297 3.0
298 2.0
299 1.0
300 0.0
