1 13917.0
2 12166.0
3 11094.0
4 10488.0
5 10017.0
6 9650.0
7 9309.0
8 9027.0
9 8781.0
10 8551.0
11 8350.0
12 8152.0
13 7962.0
14 7777.0
15 7606.0
16 7444.0
17 7316.0
18 7195.0
19 7072.0
20 6953.0
21 6839.0
22 6729.0
23 6619.0
24 6525.0
25 6430.0
26 6341.0
27 6255.0
28 6177.0
29 6100.0
30 6026.0
31 5959.0
32 5892.0
33 5826.0
34 5763.0
35 5703.0
36 5643.0
37 5583.0
38 5528.0
39 5474.0
40 5420.0
41 5369.0
42 5317.0
43 5271.0
44 5226.0
45 5182.0
46 5137.0
47 5093.0
48 5049.0
49 5007.0
50 4964.0
51 4922.0
52 4880.0
53 4839.0
54 4799.0
55 4759.0
56 4720.0
57 4681.0
58 4643.0
59 4605.0
60 4568.0
61 4532.0
62 4496.0
63 4461.0
64 4428.0
65 4395.0
66 4363.0
67 4330.0
68 4298.0
69 4266.0
70 4235.0
71 4203.0
72 4172.0
73 4141.0
74 4110.0
75 4079.0
76 4049.0
77 4020.0
78 3991.0
79 3962.0
80 3933.0
81 3905.0
82 3878.0
83 3851.0
84 3824.0
85 3798.0
86 3772.0
87 3747.0
88 3721.0
89 3696.0
90 3671.0
91 3646.0
92 3621.0
93 3597.0
94 3573.0
95 3549.0
96 3526.0
97 3503.0
98 3480.0
99 3458.0
100 3436.0
101 3414.0
102 3393.0
103 3372.0
104 3351.0
105 3330.0
106 3309.0
107 3289.0
108 3269.0
109 3249.0
110 3229.0
111 3209.0
112 3189.0
113 3169.0
114 3149.0
115 3129.0
116 3110.0
117 3090.0
118 3071.0
119 3052.0
120 3033.0
121 3014.0
122 2995.0
123 2976.0
124 2957.0
125 2938.0
126 2919.0
127 2900.0
128 2881.0
129 2863.0
130 2845.0
131 2827.0
132 2809.0
133 2791.0
134 2773.0
135 2755.0
136 2737.0
137 2719.0
138 2701.0
139 2683.0
140 2665.0
141 2648.0
142 2631.0
143 2614.0
144 2597.0
145 2581.0
146 2565.0
147 2549.0
148 2533.0
149 2517.0
150 2501.0
151 2485.0
152 2469.0
153 2453.0
154 2437.0
155 2422.0
156 2407.0
157 2392.0
158 2377.0
159 2362.0
160 2347.0
161 2332.0
162 2317.0
163 2302.0
164 2287.0
165 2272.0
166 2257.0
167 2242.0
168 2227.0
169 2213.0
170 2199.0
171 2185.0
172 2171.0
173 2157.0
174 2143.0
175 2129.0
176 2115.0
177 2102.0
178 2089.0
179 2076.0
180 2063.0
181 2050.0
182 2037.0
183 2024.0
184 2011.0
185 1998.0
186 1985.0
187 1972.0
188 1959.0
189 1946.0
190 1933.0
191 1921.0
192 1909.0
193 1897.0
194 1885.0
195 1873.0
196 1861.0
197 1849.0
198 1837.0
199 1825.0
200 1813.0
201 1801.0
202 1789.0
203 1777.0
204 1766.0
205 1755.0
206 1744.0
207 1733.0
208 1722.0
209 1711.0
210 1700.0
211 1689.0
212 1678.0
213 1667.0
214 1656.0
215 1645.0
216 1634.0
217 1624.0
218 1613.0
219 1603.0
220 1593.0
221 1583.0
222 1573.0
223 1563.0
224 1553.0
225 1543.0
226 1533.0
227 1523.0
228 1513.0
229 1503.0
230 1493.0
231 1483.0
232 1473.0
233 1464.0
234 1454.0
235 1445.0
236 1435.0
237 1426.0
238 1417.0
239 1408.0
240 1399.0
241 1390.0
242 1381.0
243 1372.0
244 1363.0
245 1354.0
246 1345.0
247 1336.0
248 1327.0
249 1318.0
250 1309.0
251 1301.0
252 1293.0
253 1285.0
254 1277.0
255 1269.0
256 1261.0
257 1253.0
258 1245.0
259 1237.0
260 1229.0
261 1221.0
262 1213.0
263 1205.0
264 1197.0
265 1189.0
266 1181.0
267 1173.0
268 1165.0
269 1157.0
270 1149.0
271 1141.0
272 1134.0
273 1127.0
274 1120.0
275 1113.0
276 1106.0
277 1099.0
278 1092.0
279 1085.0
280 1078.0
281 1071.0
282 1064.0
283 1057.0
284 1050.0
285 1043.0
286 1036.0
287 1029.0
288 1022.0
289 1015.0
290 1008.0
291 1001.0
292 994.0
293 987.0
294 980.0
295 973.0
296 966.0
297 959.0
298 952.0
299 945.0
300 939.0
301 933.0
302 927.0
303 921.0
304 915.0
305 909.0
306 903.0
307 897.0
308 891.0
309 885.0
310 879.0
311 873.0
312 867.0
313 861.0
314 855.0
315 849.0
316 843.0
317 837.0
318 831.0
319 825.0
320 819.0
321 813.0
322 807.0
323 801.0
324 795.0
325 789.0
326 783.0
327 777.0
328 771.0
329 765.0
330 759.0
331 753.0
332 747.0
333 741.0
334 735.0
335 729.0
336 724.0
337 718.0
338 713.0
339 708.0
340 703.0
341 698.0
342 693.0
343 688.0
344 683.0
345 678.0
346 673.0
347 668.0
348 663.0
349 658.0
350 653.0
351 648.0
352 643.0
353 638.0
354 633.0
355 628.0
356 623.0
357 618.0
358 613.0
359 608.0
360 603.0
361 598.0
362 593.0
363 588.0
364 583.0
365 578.0
366 573.0
367 568.0
368 563.0
369 558.0
370 553.0
371 548.0
372 543.0
373 538.0
374 533.0
375 528.0
376 523.0
377 518.0
378 513.0
379 508.0
380 503.0
381 498.0
382 493.0
383 488.0
384 484.0
385 479.0
386 475.0
387 471.0
388 467.0
389 463.0
390 459.0
391 455.0
392 451.0
393 447.0
394 443.0
395 439.0
396 435.0
397 431.0
398 427.0
399 423.0
400 419.0
401 415.0
402 411.0
403 407.0
404 403.0
405 399.0
406 395.0
407 391.0
408 387.0
409 383.0
410 379.0
411 375.0
412 371.0
413 367.0
414 363.0
415 359.0
416 355.0
417 351.0
418 347.0
419 343.0
420 339.0
421 335.0
422 331.0
423 328.0
424 325.0
425 322.0
426 319.0
427 316.0
428 313.0
429 310.0
430 307.0
431 304.0
432 301.0
433 298.0
434 295.0
435 292.0
436 289.0
437 286.0
438 283.0
439 280.0
440 277.0
441 274.0
442 271.0
443 268.0
444 265.0
445 262.0
446 259.0
447 256.0
448 253.0
449 250.0
450 247.0
451 244.0
452 241.0
453 238.0
454 235.0
455 232.0
456 229.0
457 226.0
458 223.0
459 220.0
460 217.0
461 214.0
462 211.0
463 208.0
464 205.0
465 202.0
466 199.0
467 196.0
468 193.0
469 191.0
470 189.0
471 187.0
472 185.0
473 183.0
474 181.0
475 179.0
476 177.0
477 175.0
478 173.0
479 171.0
480 169.0
481 167.0
482 165.0
483 163.0
484 161.0
485 159.0
486 157.0
487 155.0
488 153.0
489 151.0
490 149.0
491 147.0
492 145.0
493 143.0
494 141.0
495 139.0
496 137.0
497 135.0
498 133.0
499 131.0
500 129.0
501 127.0
502 125.0
503 123.0
504 121.0
505 119.0
506 117.0
507 115.0
508 113.0
509 111.0
510 109.0
511 107.0
512 105.0
513 103.0
514 101.0
515 99.0
516 97.0
517 95.0
518 93.0
519 91.0
520 89.0
521 87.0
522 85.0
523 83.0
524 81.0
525 79.0
526 77.0
527 75.0
528 73.0
529 71.0
530 70.0
531 69.0
532 68.0
533 67.0
534 66.0
535 65.0
536 64.0
537 63.0
538 62.0
539 61.0
540 60.0
541 59.0
542 58.0
543 57.0
544 56.0
545 55.0
546 54.0
547 53.0
548 52.0
549 51.0
550 50.0
551 49.0
552 48.0
553 47.0
554 46.0
555 45.0
556 44.0
557 43.0
558 42.0
559 41.0
560 40.0
561 39.0
562 38.0
563 37.0
564 36.0
565 35.0
566 34.0
567 33.0
568 32.0
569 31.0
570 30.0
571 29.0
572 28.0
573 27.0
574 26.0
575 25.0
576 24.0
577 23.0
578 22.0
579 21.0
580 20.0
581 19.0
582 18.0
583 17.0
584 16.0
585 15.0
586 14.0
587 13.0
588 12.0
589 11.0
590 10.0
591 9.0
592 8.0
593 7.0
594 6.0
595 5.0
596 4.0
597 3.0
598 2.0
599 1.0
600 0.0
