1 12069.0
2 10547.0
3 9568.0
4 9032.0
5 8582.0
6 8166.0
7 7807.0
8 7465.0
9 7216.0
10 6999.0
11 6786.0
12 6582.0
13 6384.0
14 6209.0
15 6041.0
16 5886.0
17 5780.0
18 5675.0
19 5571.0
20 5470.0
21 5372.0
22 5285.0
23 5196.0
24 5107.0
25 5024.0
26 4944.0
27 4870.0
28 4800.0
29 4734.0
30 4670.0
31 4607.0
32 4546.0
33 4486.0
34 4427.0
35 4369.0
36 4313.0
37 4258.0
38 4204.0
39 4150.0
40 4099.0
41 4048.0
42 4000.0
43 3952.0
44 3905.0
45 3860.0
46 3817.0
47 3774.0
48 3732.0
49 3690.0
50 3648.0
51 3607.0
52 3567.0
53 3528.0
54 3490.0
55 3453.0
56 3417.0
57 3382.0
58 3348.0
59 3314.0
60 3281.0
61 3249.0
62 3217.0
63 3186.0
64 3157.0
65 3129.0
66 3101.0
67 3073.0
68 3046.0
69 3019.0
70 2992.0
71 2966.0
72 2940.0
73 2914.0
74 2888.0
75 2862.0
76 2836.0
77 2810.0
78 2784.0
79 2758.0
80 2733.0
81 2709.0
82 2685.0
83 2661.0
84 2638.0
85 2615.0
86 2592.0
87 2569.0
88 2546.0
89 2524.0
90 2502.0
91 2480.0
92 2458.0
93 2436.0
94 2414.0
95 2393.0
96 2373.0
97 2353.0
98 2333.0
99 2313.0
100 2293.0
101 2273.0
102 2253.0
103 2233.0
104 2214.0
105 2195.0
106 2176.0
107 2157.0
108 2138.0
109 2120.0
110 2102.0
111 2085.0
112 2068.0
113 2051.0
114 2034.0
115 2017.0
116 2000.0
117 1983.0
118 1966.0
119 1949.0
120 1932.0
121 1916.0
122 1900.0
123 1884.0
124 1868.0
125 1852.0
126 1837.0
127 1821.0
128 1806.0
129 1791.0
130 1776.0
131 1761.0
132 1746.0
133 1731.0
134 1716.0
135 1701.0
136 1686.0
137 1671.0
138 1656.0
139 1641.0
140 1627.0
141 1613.0
142 1599.0
143 1585.0
144 1571.0
145 1557.0
146 1543.0
147 1529.0
148 1515.0
149 1501.0
150 1487.0
151 1473.0
152 1460.0
153 1447.0
154 1434.0
155 1421.0
156 1408.0
157 1395.0
158 1382.0
159 1369.0
160 1357.0
161 1345.0
162 1333.0
163 1321.0
164 1309.0
165 1297.0
166 1285.0
167 1273.0
168 1261.0
169 1249.0
170 1237.0
171 1225.0
172 1213.0
173 1201.0
174 1189.0
175 1177.0
176 1165.0
177 1153.0
178 1141.0
179 1130.0
180 1118.0
181 1107.0
182 1096.0
183 1085.0
184 1074.0
185 1063.0
186 1052.0
187 1041.0
188 1030.0
189 1019.0
190 1008.0
191 997.0
192 986.0
193 976.0
194 966.0
195 956.0
196 946.0
197 936.0
198 926.0
199 916.0
200 906.0
201 896.0
202 886.0
203 876.0
204 866.0
205 856.0
206 846.0
207 836.0
208 826.0
209 817.0
210 808.0
211 799.0
212 790.0
213 781.0
214 772.0
215 763.0
216 754.0
217 745.0
218 736.0
219 727.0
220 718.0
221 709.0
222 700.0
223 692.0
224 684.0
225 676.0
226 668.0
227 660.0
228 652.0
229 644.0
230 636.0
231 628.0
232 620.0
233 612.0
234 604.0
235 596.0
236 588.0
237 580.0
238 573.0
239 566.0
240 559.0
241 552.0
242 545.0
243 538.0
244 531.0
245 524.0
246 517.0
247 510.0
248 503.0
249 496.0
250 489.0
251 483.0
252 477.0
253 471.0
254 465.0
255 459.0
256 453.0
257 447.0
258 441.0
259 435.0
260 429.0
261 423.0
262 417.0
263 411.0
264 405.0
265 399.0
266 393.0
267 387.0
268 381.0
269 375.0
270 369.0
271 363.0
272 357.0
273 352.0
274 347.0
275 342.0
276 337.0
277 332.0
278 327.0
279 322.0
280 317.0
281 312.0
282 307.0
283 302.0
284 297.0
285 292.0
286 287.0
287 282.0
288 277.0
289 272.0
290 267.0
291 262.0
292 257.0
293 252.0
294 248.0
295 243.0
296 239.0
297 235.0
298 231.0
299 227.0
300 223.0
301 219.0
302 215.0
303 211.0
304 207.0
305 203.0
306 199.0
307 195.0
308 191.0
309 187.0
310 183.0
311 179.0
312 175.0
313 171.0
314 167.0
315 164.0
316 161.0
317 158.0
318 155.0
319 152.0
320 149.0
321 146.0
322 143.0
323 140.0
324 137.0
325 134.0
326 131.0
327 128.0
328 125.0
329 122.0
330 119.0
331 116.0
332 113.0
333 110.0
334 107.0
335 104.0
336 101.0
337 98.0
338 95.0
339 92.0
340 90.0
341 88.0
342 86.0
343 84.0
344 82.0
345 80.0
346 78.0
347 76.0
348 74.0
349 72.0
350 70.0
351 68.0
352 66.0
353 64.0
354 62.0
355 60.0
356 58.0
357 56.0
358 54.0
359 52.0
360 50.0
361 48.0
362 46.0
363 44.0
364 42.0
365 40.0
366 38.0
367 36.0
368 34.0
369 32.0
370 30.0
371 29.0
372 28.0
373 27.0
374 26.0
375 25.0
376 24.0
377 23.0
378 22.0
379 21.0
380 20.0
381 19.0
382 18.0
383 17.0
384 16.0
385 15.0
386 14.0
387 13.0
388 12.0
389 11.0
390 10.0
391 9.0
392 8.0
393 7.0
394 6.0
395 5.0
396 4.0
397 3.0
398 2.0
399 1.0
400 0.0
