1 14452.0
2 12740.0
3 11811.0
4 11075.0
5 10592.0
6 10164.0
7 9773.0
8 9455.0
9 9168.0
10 8929.0
11 8701.0
12 8477.0
13 8267.0
14 8072.0
15 7912.0
16 7762.0
17 7635.0
18 7512.0
19 7391.0
20 7276.0
21 7163.0
22 7058.0
23 6969.0
24 6888.0
25 6800.0
26 6722.0
27 6649.0
28 6576.0
29 6505.0
30 6434.0
31 6366.0
32 6299.0
33 6230.0
34 6166.0
35 6104.0
36 6043.0
37 5986.0
38 5931.0
39 5876.0
40 5823.0
41 5772.0
42 5722.0
43 5673.0
44 5623.0
45 5576.0
46 5529.0
47 5483.0
48 5437.0
49 5392.0
50 5349.0
51 5306.0
52 5264.0
53 5222.0
54 5181.0
55 5140.0
56 5100.0
57 5060.0
58 5020.0
59 4980.0
60 4941.0
61 4902.0
62 4864.0
63 4828.0
64 4792.0
65 4758.0
66 4724.0
67 4690.0
68 4657.0
69 4624.0
70 4592.0
71 4560.0
72 4528.0
73 4496.0
74 4465.0
75 4433.0
76 4402.0
77 4372.0
78 4342.0
79 4313.0
80 4284.0
81 4256.0
82 4228.0
83 4201.0
84 4173.0
85 4146.0
86 4120.0
87 4094.0
88 4068.0
89 4042.0
90 4016.0
91 3991.0
92 3966.0
93 3941.0
94 3916.0
95 3891.0
96 3866.0
97 3842.0
98 3818.0
99 3794.0
100 3771.0
101 3749.0
102 3727.0
103 3705.0
104 3684.0
105 3662.0
106 3641.0
107 3620.0
108 3600.0
109 3580.0
110 3560.0
111 3540.0
112 3520.0
113 3500.0
114 3480.0
115 3461.0
116 3441.0
117 3422.0
118 3403.0
119 3384.0
120 3365.0
121 3346.0
122 3328.0
123 3310.0
124 3292.0
125 3274.0
126 3256.0
127 3238.0
128 3220.0
129 3202.0
130 3184.0
131 3166.0
132 3148.0
133 3130.0
134 3113.0
135 3096.0
136 3079.0
137 3062.0
138 3045.0
139 3029.0
140 3013.0
141 2997.0
142 2981.0
143 2965.0
144 2949.0
145 2933.0
146 2917.0
147 2901.0
148 2885.0
149 2869.0
150 2853.0
151 2837.0
152 2821.0
153 2805.0
154 2790.0
155 2774.0
156 2759.0
157 2744.0
158 2729.0
159 2714.0
160 2699.0
161 2684.0
162 2669.0
163 2655.0
164 2641.0
165 2627.0
166 2613.0
167 2599.0
168 2585.0
169 2571.0
170 2557.0
171 2543.0
172 2530.0
173 2517.0
174 2504.0
175 2491.0
176 2478.0
177 2465.0
178 2452.0
179 2440.0
180 2427.0
181 2415.0
182 2402.0
183 2390.0
184 2378.0
185 2366.0
186 2354.0
187 2342.0
188 2330.0
189 2318.0
190 2306.0
191 2294.0
192 2282.0
193 2270.0
194 2258.0
195 2246.0
196 2234.0
197 2223.0
198 2212.0
199 2201.0
200 2190.0
201 2179.0
202 2168.0
203 2157.0
204 2146.0
205 2135.0
206 2124.0
207 2113.0
208 2102.0
209 2091.0
210 2080.0
211 2069.0
212 2058.0
213 2047.0
214 2036.0
215 2026.0
216 2016.0
217 2006.0
218 1996.0
219 1986.0
220 1976.0
221 1966.0
222 1956.0
223 1946.0
224 1936.0
225 1926.0
226 1916.0
227 1906.0
228 1896.0
229 1886.0
230 1876.0
231 1866.0
232 1856.0
233 1847.0
234 1838.0
235 1829.0
236 1820.0
237 1811.0
238 1802.0
239 1793.0
240 1784.0
241 1775.0
242 1766.0
243 1757.0
244 1748.0
245 1739.0
246 1730.0
247 1721.0
248 1712.0
249 1703.0
250 1694.0
251 1685.0
252 1676.0
253 1667.0
254 1658.0
255 1649.0
256 1640.0
257 1631.0
258 1622.0
259 1613.0
260 1604.0
261 1595.0
262 1586.0
263 1578.0
264 1569.0
265 1561.0
266 1553.0
267 1545.0
268 1537.0
269 1529.0
270 1521.0
271 1513.0
272 1505.0
273 1497.0
274 1489.0
275 1481.0
276 1473.0
277 1465.0
278 1457.0
279 1449.0
280 1441.0
281 1433.0
282 1425.0
283 1417.0
284 1409.0
285 1401.0
286 1393.0
287 1385.0
288 1377.0
289 1369.0
290 1361.0
291 1353.0
292 1345.0
293 1337.0
294 1329.0
295 1321.0
296 1313.0
297 1306.0
298 1299.0
299 1292.0
300 1285.0
301 1278.0
302 1271.0
303 1264.0
304 1257.0
305 1250.0
306 1243.0
307 1236.0
308 1229.0
309 1222.0
310 1215.0
311 1208.0
312 1201.0
313 1194.0
314 1187.0
315 1180.0
316 1173.0
317 1166.0
318 1159.0
319 1152.0
320 1145.0
321 1138.0
322 1131.0
323 1125.0
324 1119.0
325 1113.0
326 1107.0
327 1101.0
328 1095.0
329 1089.0
330 1083.0
331 1077.0
332 1071.0
333 1065.0
334 1059.0
335 1053.0
336 1047.0
337 1041.0
338 1035.0
339 1029.0
340 1023.0
341 1017.0
342 1011.0
343 1005.0
344 999.0
345 993.0
346 987.0
347 981.0
348 975.0
349 969.0
350 963.0
351 957.0
352 951.0
353 945.0
354 939.0
355 933.0
356 928.0
357 923.0
358 918.0
359 913.0
360 908.0
361 903.0
362 898.0
363 893.0
364 888.0
365 883.0
366 878.0
367 873.0
368 868.0
369 863.0
370 858.0
371 853.0
372 848.0
373 843.0
374 838.0
375 833.0
376 828.0
377 823.0
378 818.0
379 813.0
380 808.0
381 803.0
382 798.0
383 793.0
384 788.0
385 783.0
386 778.0
387 773.0
388 768.0
389 763.0
390 758.0
391 753.0
392 748.0
393 743.0
394 738.0
395 733.0
396 728.0
397 723.0
398 718.0
399 713.0
400 708.0
401 703.0
402 698.0
403 693.0
404 688.0
405 683.0
406 678.0
407 673.0
408 668.0
409 663.0
410 658.0
411 653.0
412 648.0
413 643.0
414 639.0
415 635.0
416 631.0
417 627.0
418 623.0
419 619.0
420 615.0
421 611.0
422 607.0
423 603.0
424 599.0
425 595.0
426 591.0
427 587.0
428 583.0
429 579.0
430 575.0
431 571.0
432 567.0
433 563.0
434 559.0
435 555.0
436 551.0
437 547.0
438 543.0
439 539.0
440 535.0
441 531.0
442 527.0
443 523.0
444 519.0
445 515.0
446 511.0
447 507.0
448 503.0
449 499.0
450 495.0
451 491.0
452 487.0
453 483.0
454 479.0
455 475.0
456 471.0
457 467.0
458 463.0
459 459.0
460 455.0
461 451.0
462 447.0
463 443.0
464 439.0
465 435.0
466 431.0
467 427.0
468 424.0
469 421.0
470 418.0
471 415.0
472 412.0
473 409.0
474 406.0
475 403.0
476 400.0
477 397.0
478 394.0
479 391.0
480 388.0
481 385.0
482 382.0
483 379.0
484 376.0
485 373.0
486 370.0
487 367.0
488 364.0
489 361.0
490 358.0
491 355.0
492 352.0
493 349.0
494 346.0
495 343.0
496 340.0
497 337.0
498 334.0
499 331.0
500 328.0
501 325.0
502 322.0
503 319.0
504 316.0
505 313.0
506 310.0
507 307.0
508 304.0
509 301.0
510 298.0
511 295.0
512 292.0
513 289.0
514 286.0
515 283.0
516 280.0
517 277.0
518 274.0
519 271.0
520 268.0
521 265.0
522 262.0
523 259.0
524 256.0
525 254.0
526 251.0
527 249.0
528 247.0
529 245.0
530 243.0
531 241.0
532 239.0
533 237.0
534 235.0
535 233.0
536 231.0
537 229.0
538 227.0
539 225.0
540 223.0
541 221.0
542 219.0
543 217.0
544 215.0
545 213.0
546 211.0
547 209.0
548 207.0
549 205.0
550 203.0
551 201.0
552 199.0
553 197.0
554 195.0
555 193.0
556 191.0
557 189.0
558 187.0
559 185.0
560 183.0
561 181.0
562 179.0
563 177.0
564 175.0
565 173.0
566 171.0
567 169.0
568 167.0
569 165.0
570 163.0
571 161.0
572 159.0
573 157.0
574 155.0
575 153.0
576 151.0
577 149.0
578 147.0
579 145.0
580 143.0
581 141.0
582 139.0
583 137.0
584 135.0
585 133.0
586 131.0
587 129.0
588 127.0
589 125.0
590 123.0
591 121.0
592 119.0
593 117.0
594 115.0
595 113.0
596 111.0
597 109.0
598 107.0
599 105.0
600 103.0
601 101.0
602 99.0
603 97.0
604 96.0
605 95.0
606 94.0
607 93.0
608 92.0
609 91.0
610 90.0
611 89.0
612 88.0
613 87.0
614 86.0
615 85.0
616 84.0
617 83.0
618 82.0
619 81.0
620 80.0
621 79.0
622 78.0
623 77.0
624 76.0
625 75.0
626 74.0
627 73.0
628 72.0
629 71.0
630 70.0
631 69.0
632 68.0
633 67.0
634 66.0
635 65.0
636 64.0
637 63.0
638 62.0
639 61.0
640 60.0
641 59.0
642 58.0
643 57.0
644 56.0
645 55.0
646 54.0
647 53.0
648 52.0
649 51.0
650 50.0
651 49.0
652 48.0
653 47.0
654 46.0
655 45.0
656 44.0
657 43.0
658 42.0
659 41.0
660 40.0
661 39.0
662 38.0
663 37.0
664 36.0
665 35.0
666 34.0
667 33.0
668 32.0
669 31.0
670 30.0
671 29.0
672 28.0
673 27.0
674 26.0
675 25.0
676 24.0
677 23.0
678 22.0
679 21.0
680 20.0
681 19.0
682 18.0
683 17.0
684 16.0
685 15.0
686 14.0
687 13.0
688 12.0
689 11.0
690 10.0
691 9.0
692 8.0
693 7.0
694 6.0
695 5.0
696 4.0
697 3.0
698 2.0
699 1.0
700 0.0
