1 13920.0
2 11705.0
3 10684.0
4 10021.0
5 9437.0
6 9080.0
7 8753.0
8 8464.0
9 8179.0
10 7946.0
11 7710.0
12 7496.0
13 7305.0
14 7127.0
15 6963.0
16 6816.0
17 6693.0
18 6572.0
19 6450.0
20 6340.0
21 6237.0
22 6141.0
23 6045.0
24 5955.0
25 5870.0
26 5786.0
27 5700.0
28 5620.0
29 5544.0
30 5471.0
31 5399.0
32 5329.0
33 5259.0
34 5189.0
35 5120.0
36 5052.0
37 4985.0
38 4925.0
39 4866.0
40 4809.0
41 4751.0
42 4694.0
43 4637.0
44 4581.0
45 4527.0
46 4473.0
47 4419.0
48 4368.0
49 4318.0
50 4268.0
51 4219.0
52 4171.0
53 4125.0
54 4079.0
55 4033.0
56 3990.0
57 3947.0
58 3906.0
59 3866.0
60 3826.0
61 3787.0
62 3747.0
63 3708.0
64 3669.0
65 3630.0
66 3591.0
67 3554.0
68 3517.0
69 3480.0
70 3444.0
71 3409.0
72 3375.0
73 3341.0
74 3307.0
75 3274.0
76 3241.0
77 3209.0
78 3177.0
79 3146.0
80 3115.0
81 3085.0
82 3056.0
83 3027.0
84 2998.0
85 2970.0
86 2942.0
87 2915.0
88 2888.0
89 2862.0
90 2836.0
91 2810.0
92 2785.0
93 2761.0
94 2737.0
95 2714.0
96 2691.0
97 2668.0
98 2645.0
99 2622.0
100 2599.0
101 2577.0
102 2555.0
103 2533.0
104 2511.0
105 2489.0
106 2467.0
107 2445.0
108 2423.0
109 2401.0
110 2380.0
111 2359.0
112 2338.0
113 2317.0
114 2296.0
115 2275.0
116 2255.0
117 2235.0
118 2215.0
119 2195.0
120 2175.0
121 2156.0
122 2137.0
123 2118.0
124 2099.0
125 2081.0
126 2063.0
127 2045.0
128 2027.0
129 2009.0
130 1991.0
131 1973.0
132 1955.0
133 1938.0
134 1921.0
135 1904.0
136 1887.0
137 1870.0
138 1853.0
139 1836.0
140 1819.0
141 1803.0
142 1787.0
143 1771.0
144 1755.0
145 1739.0
146 1723.0
147 1707.0
148 1692.0
149 1677.0
150 1662.0
151 1647.0
152 1632.0
153 1617.0
154 1602.0
155 1587.0
156 1572.0
157 1557.0
158 1543.0
159 1529.0
160 1515.0
161 1501.0
162 1487.0
163 1473.0
164 1459.0
165 1445.0
166 1431.0
167 1417.0
168 1403.0
169 1390.0
170 1377.0
171 1364.0
172 1351.0
173 1338.0
174 1325.0
175 1312.0
176 1299.0
177 1286.0
178 1273.0
179 1261.0
180 1248.0
181 1236.0
182 1224.0
183 1212.0
184 1200.0
185 1188.0
186 1176.0
187 1164.0
188 1152.0
189 1140.0
190 1128.0
191 1116.0
192 1105.0
193 1094.0
194 1083.0
195 1072.0
196 1061.0
197 1050.0
198 1039.0
199 1028.0
200 1017.0
201 1006.0
202 995.0
203 984.0
204 973.0
205 962.0
206 952.0
207 942.0
208 932.0
209 922.0
210 912.0
211 902.0
212 892.0
213 882.0
214 872.0
215 862.0
216 852.0
217 842.0
218 832.0
219 823.0
220 814.0
221 805.0
222 796.0
223 787.0
224 778.0
225 769.0
226 760.0
227 751.0
228 742.0
229 733.0
230 724.0
231 715.0
232 706.0
233 697.0
234 689.0
235 681.0
236 673.0
237 665.0
238 657.0
239 649.0
240 641.0
241 633.0
242 625.0
243 617.0
244 609.0
245 601.0
246 593.0
247 585.0
248 577.0
249 569.0
250 561.0
251 553.0
252 545.0
253 537.0
254 530.0
255 522.0
256 515.0
257 508.0
258 501.0
259 494.0
260 487.0
261 480.0
262 473.0
263 466.0
264 459.0
265 452.0
266 445.0
267 438.0
268 432.0
269 426.0
270 420.0
271 414.0
272 408.0
273 402.0
274 396.0
275 390.0
276 384.0
277 378.0
278 372.0
279 366.0
280 360.0
281 354.0
282 348.0
283 342.0
284 336.0
285 330.0
286 325.0
287 320.0
288 315.0
289 310.0
290 305.0
291 300.0
292 295.0
293 290.0
294 285.0
295 280.0
296 275.0
297 270.0
298 265.0
299 260.0
300 255.0
301 250.0
302 245.0
303 240.0
304 235.0
305 231.0
306 227.0
307 223.0
308 219.0
309 215.0
310 211.0
311 207.0
312 203.0
313 199.0
314 195.0
315 191.0
316 187.0
317 183.0
318 179.0
319 175.0
320 171.0
321 167.0
322 163.0
323 159.0
324 155.0
325 151.0
326 147.0
327 143.0
328 140.0
329 137.0
330 134.0
331 131.0
332 128.0
333 125.0
334 122.0
335 119.0
336 116.0
337 113.0
338 110.0
339 107.0
340 104.0
341 101.0
342 98.0
343 95.0
344 92.0
345 89.0
346 86.0
347 84.0
348 82.0
349 80.0
350 78.0
351 76.0
352 74.0
353 72.0
354 70.0
355 68.0
356 66.0
357 64.0
358 62.0
359 60.0
360 58.0
361 56.0
362 54.0
363 52.0
364 50.0
365 48.0
366 46.0
367 44.0
368 42.0
369 40.0
370 38.0
371 36.0
372 34.0
373 32.0
374 30.0
375 28.0
376 26.0
377 24.0
378 22.0
379 21.0
380 20.0
381 19.0
382 18.0
383 17.0
384 16.0
385 15.0
386 14.0
387 13.0
388 12.0
389 11.0
390 10.0
391 9.0
392 8.0
393 7.0
394 6.0
395 5.0
396 4.0
397 3.0
398 2.0
399 1.0
400 0.0
