1 15210.0
2 13029.0
3 12070.0
4 11437.0
5 10895.0
6 10456.0
7 10067.0
8 9709.0
9 9401.0
10 9119.0
11 8847.0
12 8611.0
13 8410.0
14 8229.0
15 8065.0
16 7900.0
17 7745.0
18 7593.0
19 7466.0
20 7342.0
21 7224.0
22 7115.0
23 7008.0
24 6906.0
25 6811.0
26 6717.0
27 6625.0
28 6542.0
29 6461.0
30 6385.0
31 6309.0
32 6236.0
33 6164.0
34 6094.0
35 6031.0
36 5970.0
37 5910.0
38 5851.0
39 5793.0
40 5736.0
41 5681.0
42 5629.0
43 5578.0
44 5529.0
45 5481.0
46 5433.0
47 5385.0
48 5338.0
49 5291.0
50 5245.0
51 5199.0
52 5153.0
53 5109.0
54 5065.0
55 5023.0
56 4980.0
57 4938.0
58 4898.0
59 4858.0
60 4818.0
61 4780.0
62 4743.0
63 4707.0
64 4671.0
65 4636.0
66 4601.0
67 4566.0
68 4531.0
69 4497.0
70 4463.0
71 4430.0
72 4397.0
73 4365.0
74 4334.0
75 4303.0
76 4272.0
77 4242.0
78 4212.0
79 4182.0
80 4153.0
81 4123.0
82 4094.0
83 4065.0
84 4036.0
85 4008.0
86 3980.0
87 3952.0
88 3925.0
89 3899.0
90 3874.0
91 3849.0
92 3823.0
93 3798.0
94 3773.0
95 3749.0
96 3725.0
97 3701.0
98 3677.0
99 3654.0
100 3631.0
101 3608.0
102 3585.0
103 3562.0
104 3540.0
105 3518.0
106 3496.0
107 3474.0
108 3452.0
109 3430.0
110 3408.0
111 3386.0
112 3364.0
113 3342.0
114 3320.0
115 3299.0
116 3278.0
117 3257.0
118 3236.0
119 3215.0
120 3195.0
121 3175.0
122 3155.0
123 3135.0
124 3116.0
125 3097.0
126 3078.0
127 3059.0
128 3040.0
129 3022.0
130 3003.0
131 2985.0
132 2967.0
133 2949.0
134 2931.0
135 2913.0
136 2895.0
137 2878.0
138 2861.0
139 2844.0
140 2827.0
141 2810.0
142 2793.0
143 2776.0
144 2760.0
145 2744.0
146 2728.0
147 2712.0
148 2696.0
149 2680.0
150 2664.0
151 2648.0
152 2632.0
153 2617.0
154 2602.0
155 2587.0
156 2572.0
157 2557.0
158 2542.0
159 2528.0
160 2514.0
161 2500.0
162 2486.0
163 2472.0
164 2458.0
165 2444.0
166 2430.0
167 2416.0
168 2402.0
169 2388.0
170 2374.0
171 2360.0
172 2346.0
173 2332.0
174 2318.0
175 2304.0
176 2290.0
177 2277.0
178 2264.0
179 2250.0
180 2237.0
181 2224.0
182 2211.0
183 2198.0
184 2185.0
185 2172.0
186 2160.0
187 2147.0
188 2135.0
189 2122.0
190 2110.0
191 2097.0
192 2085.0
193 2073.0
194 2061.0
195 2049.0
196 2037.0
197 2025.0
198 2013.0
199 2001.0
200 1989.0
201 1977.0
202 1965.0
203 1953.0
204 1941.0
205 1930.0
206 1919.0
207 1908.0
208 1897.0
209 1886.0
210 1875.0
211 1864.0
212 1853.0
213 1842.0
214 1831.0
215 1820.0
216 1809.0
217 1799.0
218 1788.0
219 1778.0
220 1767.0
221 1757.0
222 1747.0
223 1737.0
224 1727.0
225 1717.0
226 1707.0
227 1697.0
228 1687.0
229 1677.0
230 1667.0
231 1657.0
232 1647.0
233 1637.0
234 1627.0
235 1617.0
236 1607.0
237 1597.0
238 1587.0
239 1577.0
240 1567.0
241 1557.0
242 1547.0
243 1537.0
244 1527.0
245 1517.0
246 1507.0
247 1497.0
248 1488.0
249 1479.0
250 1470.0
251 1461.0
252 1452.0
253 1443.0
254 1434.0
255 1425.0
256 1416.0
257 1407.0
258 1398.0
259 1389.0
260 1380.0
261 1371.0
262 1362.0
263 1353.0
264 1344.0
265 1335.0
266 1326.0
267 1317.0
268 1308.0
269 1299.0
270 1291.0
271 1282.0
272 1274.0
273 1266.0
274 1258.0
275 1250.0
276 1242.0
277 1234.0
278 1226.0
279 1218.0
280 1210.0
281 1202.0
282 1194.0
283 1186.0
284 1178.0
285 1170.0
286 1162.0
287 1154.0
288 1146.0
289 1138.0
290 1130.0
291 1123.0
292 1116.0
293 1109.0
294 1102.0
295 1095.0
296 1088.0
297 1081.0
298 1074.0
299 1067.0
300 1060.0
301 1053.0
302 1046.0
303 1039.0
304 1032.0
305 1025.0
306 1018.0
307 1011.0
308 1004.0
309 997.0
310 990.0
311 983.0
312 976.0
313 969.0
314 962.0
315 955.0
316 948.0
317 941.0
318 935.0
319 929.0
320 923.0
321 917.0
322 911.0
323 905.0
324 899.0
325 893.0
326 887.0
327 881.0
328 875.0
329 869.0
330 863.0
331 857.0
332 851.0
333 845.0
334 839.0
335 833.0
336 827.0
337 821.0
338 815.0
339 809.0
340 803.0
341 797.0
342 791.0
343 785.0
344 779.0
345 773.0
346 767.0
347 761.0
348 755.0
349 749.0
350 744.0
351 739.0
352 734.0
353 729.0
354 724.0
355 719.0
356 714.0
357 709.0
358 704.0
359 699.0
360 694.0
361 689.0
362 684.0
363 679.0
364 674.0
365 669.0
366 664.0
367 659.0
368 654.0
369 649.0
370 644.0
371 639.0
372 634.0
373 629.0
374 624.0
375 619.0
376 614.0
377 609.0
378 604.0
379 599.0
380 594.0
381 589.0
382 584.0
383 579.0
384 574.0
385 569.0
386 564.0
387 559.0
388 554.0
389 549.0
390 544.0
391 539.0
392 534.0
393 529.0
394 524.0
395 519.0
396 515.0
397 510.0
398 506.0
399 502.0
400 498.0
401 494.0
402 490.0
403 486.0
404 482.0
405 478.0
406 474.0
407 470.0
408 466.0
409 462.0
410 458.0
411 454.0
412 450.0
413 446.0
414 442.0
415 438.0
416 434.0
417 430.0
418 426.0
419 422.0
420 418.0
421 414.0
422 410.0
423 406.0
424 402.0
425 398.0
426 394.0
427 390.0
428 386.0
429 382.0
430 378.0
431 374.0
432 370.0
433 366.0
434 362.0
435 358.0
436 354.0
437 350.0
438 346.0
439 342.0
440 338.0
441 334.0
442 330.0
443 326.0
444 322.0
445 318.0
446 315.0
447 312.0
448 309.0
449 306.0
450 303.0
451 300.0
452 297.0
453 294.0
454 291.0
455 288.0
456 285.0
457 282.0
458 279.0
459 276.0
460 273.0
461 270.0
462 267.0
463 264.0
464 261.0
465 258.0
466 255.0
467 252.0
468 249.0
469 246.0
470 243.0
471 240.0
472 237.0
473 234.0
474 231.0
475 228.0
476 225.0
477 222.0
478 219.0
479 216.0
480 213.0
481 210.0
482 207.0
483 204.0
484 201.0
485 198.0
486 195.0
487 192.0
488 189.0
489 186.0
490 183.0
491 180.0
492 177.0
493 174.0
494 171.0
495 169.0
496 167.0
497 165.0
498 163.0
499 161.0
500 159.0
501 157.0
502 155.0
503 153.0
504 151.0
505 149.0
506 147.0
507 145.0
508 143.0
509 141.0
510 139.0
511 137.0
512 135.0
513 133.0
514 131.0
515 129.0
516 127.0
517 125.0
518 123.0
519 121.0
520 119.0
521 117.0
522 115.0
523 113.0
524 111.0
525 109.0
526 107.0
527 105.0
528 103.0
529 101.0
530 99.0
531 97.0
532 95.0
533 93.0
534 91.0
535 89.0
536 87.0
537 85.0
538 83.0
539 81.0
540 79.0
541 77.0
542 75.0
543 73.0
544 71.0
545 69.0
546 67.0
547 65.0
548 63.0
549 61.0
550 59.0
551 57.0
552 55.0
553 53.0
554 51.0
555 49.0
556 47.0
557 45.0
558 43.0
559 41.0
560 40.0
561 39.0
562 38.0
563 37.0
564 36.0
565 35.0
566 34.0
567 33.0
568 32.0
569 31.0
570 30.0
571 29.0
572 28.0
573 27.0
574 26.0
575 25.0
576 24.0
577 23.0
578 22.0
579 21.0
580 20.0
581 19.0
582 18.0
583 17.0
584 16.0
585 15.0
586 14.0
587 13.0
588 12.0
589 11.0
590 10.0
591 9.0
592 8.0
593 7.0
594 6.0
595 5.0
596 4.0
597 3.0
598 2.0
599 1.0
600 0.0
