1 12982.0
2 11305.0
3 10230.0
4 9638.0
5 9138.0
6 8772.0
7 8480.0
8 8205.0
9 7979.0
10 7763.0
11 7565.0
12 7378.0
13 7218.0
14 7069.0
15 6924.0
16 6801.0
17 6680.0
18 6566.0
19 6461.0
20 6357.0
21 6261.0
22 6164.0
23 6074.0
24 5987.0
25 5899.0
26 5812.0
27 5729.0
28 5649.0
29 5574.0
30 5501.0
31 5432.0
32 5361.0
33 5293.0
34 5225.0
35 5155.0
36 5088.0
37 5021.0
38 4957.0
39 4895.0
40 4833.0
41 4773.0
42 4718.0
43 4665.0
44 4620.0
45 4577.0
46 4535.0
47 4493.0
48 4452.0
49 4411.0
50 4371.0
51 4332.0
52 4293.0
53 4255.0
54 4218.0
55 4181.0
56 4145.0
57 4109.0
58 4073.0
59 4038.0
60 4004.0
61 3972.0
62 3939.0
63 3907.0
64 3875.0
65 3844.0
66 3812.0
67 3780.0
68 3749.0
69 3718.0
70 3687.0
71 3657.0
72 3628.0
73 3599.0
74 3570.0
75 3541.0
76 3513.0
77 3485.0
78 3458.0
79 3431.0
80 3403.0
81 3375.0
82 3348.0
83 3321.0
84 3294.0
85 3268.0
86 3243.0
87 3217.0
88 3192.0
89 3167.0
90 3142.0
91 3118.0
92 3094.0
93 3071.0
94 3049.0
95 3027.0
96 3006.0
97 2985.0
98 2964.0
99 2943.0
100 2922.0
101 2901.0
102 2881.0
103 2861.0
104 2840.0
105 2820.0
106 2800.0
107 2780.0
108 2760.0
109 2741.0
110 2722.0
111 2703.0
112 2685.0
113 2666.0
114 2648.0
115 2630.0
116 2612.0
117 2594.0
118 2576.0
119 2558.0
120 2540.0
121 2522.0
122 2504.0
123 2486.0
124 2469.0
125 2451.0
126 2434.0
127 2417.0
128 2400.0
129 2383.0
130 2366.0
131 2349.0
132 2332.0
133 2315.0
134 2299.0
135 2283.0
136 2267.0
137 2251.0
138 2235.0
139 2219.0
140 2203.0
141 2187.0
142 2171.0
143 2155.0
144 2139.0
145 2124.0
146 2109.0
147 2094.0
148 2079.0
149 2064.0
150 2049.0
151 2034.0
152 2019.0
153 2004.0
154 1989.0
155 1975.0
156 1961.0
157 1946.0
158 1932.0
159 1918.0
160 1904.0
161 1890.0
162 1876.0
163 1862.0
164 1848.0
165 1834.0
166 1820.0
167 1806.0
168 1792.0
169 1778.0
170 1764.0
171 1750.0
172 1737.0
173 1724.0
174 1711.0
175 1698.0
176 1685.0
177 1672.0
178 1659.0
179 1646.0
180 1634.0
181 1622.0
182 1610.0
183 1598.0
184 1586.0
185 1574.0
186 1562.0
187 1550.0
188 1538.0
189 1526.0
190 1514.0
191 1502.0
192 1490.0
193 1478.0
194 1467.0
195 1456.0
196 1445.0
197 1434.0
198 1423.0
199 1412.0
200 1401.0
201 1390.0
202 1379.0
203 1368.0
204 1357.0
205 1346.0
206 1335.0
207 1325.0
208 1315.0
209 1305.0
210 1295.0
211 1285.0
212 1275.0
213 1265.0
214 1255.0
215 1245.0
216 1235.0
217 1225.0
218 1215.0
219 1205.0
220 1195.0
221 1185.0
222 1175.0
223 1165.0
224 1156.0
225 1147.0
226 1138.0
227 1129.0
228 1120.0
229 1111.0
230 1102.0
231 1093.0
232 1084.0
233 1075.0
234 1066.0
235 1057.0
236 1048.0
237 1039.0
238 1030.0
239 1021.0
240 1012.0
241 1003.0
242 994.0
243 985.0
244 977.0
245 969.0
246 961.0
247 953.0
248 945.0
249 937.0
250 929.0
251 921.0
252 913.0
253 905.0
254 897.0
255 889.0
256 881.0
257 873.0
258 865.0
259 857.0
260 849.0
261 841.0
262 833.0
263 826.0
264 818.0
265 811.0
266 803.0
267 796.0
268 789.0
269 782.0
270 775.0
271 768.0
272 761.0
273 754.0
274 747.0
275 740.0
276 733.0
277 726.0
278 719.0
279 712.0
280 706.0
281 700.0
282 694.0
283 688.0
284 682.0
285 676.0
286 670.0
287 664.0
288 658.0
289 652.0
290 646.0
291 640.0
292 634.0
293 628.0
294 622.0
295 616.0
296 610.0
297 604.0
298 598.0
299 592.0
300 586.0
301 580.0
302 575.0
303 569.0
304 564.0
305 559.0
306 554.0
307 549.0
308 544.0
309 539.0
310 534.0
311 529.0
312 524.0
313 519.0
314 514.0
315 509.0
316 504.0
317 499.0
318 494.0
319 489.0
320 484.0
321 479.0
322 474.0
323 469.0
324 464.0
325 459.0
326 454.0
327 449.0
328 444.0
329 439.0
330 434.0
331 429.0
332 424.0
333 419.0
334 414.0
335 409.0
336 404.0
337 399.0
338 394.0
339 389.0
340 384.0
341 379.0
342 374.0
343 370.0
344 366.0
345 362.0
346 358.0
347 354.0
348 350.0
349 346.0
350 342.0
351 338.0
352 334.0
353 330.0
354 326.0
355 322.0
356 318.0
357 314.0
358 310.0
359 306.0
360 302.0
361 298.0
362 294.0
363 290.0
364 286.0
365 282.0
366 278.0
367 274.0
368 270.0
369 266.0
370 262.0
371 258.0
372 254.0
373 250.0
374 246.0
375 242.0
376 238.0
377 234.0
378 230.0
379 226.0
380 222.0
381 219.0
382 216.0
383 213.0
384 210.0
385 207.0
386 204.0
387 201.0
388 198.0
389 195.0
390 192.0
391 189.0
392 186.0
393 183.0
394 180.0
395 177.0
396 174.0
397 171.0
398 168.0
399 165.0
400 162.0
401 159.0
402 156.0
403 153.0
404 150.0
405 147.0
406 144.0
407 142.0
408 140.0
409 138.0
410 136.0
411 134.0
412 132.0
413 130.0
414 128.0
415 126.0
416 124.0
417 122.0
418 120.0
419 118.0
420 116.0
421 114.0
422 112.0
423 110.0
424 108.0
425 106.0
426 104.0
427 102.0
428 100.0
429 98.0
430 96.0
431 94.0
432 92.0
433 90.0
434 88.0
435 86.0
436 84.0
437 82.0
438 80.0
439 78.0
440 76.0
441 74.0
442 72.0
443 70.0
444 68.0
445 66.0
446 64.0
447 62.0
448 60.0
449 58.0
450 56.0
451 54.0
452 52.0
453 50.0
454 48.0
455 46.0
456 44.0
457 43.0
458 42.0
459 41.0
460 40.0
461 39.0
462 38.0
463 37.0
464 36.0
465 35.0
466 34.0
467 33.0
468 32.0
469 31.0
470 30.0
471 29.0
472 28.0
473 27.0
474 26.0
475 25.0
476 24.0
477 23.0
478 22.0
479 21.0
480 20.0
481 19.0
482 18.0
483 17.0
484 16.0
485 15.0
486 14.0
487 13.0
488 12.0
489 11.0
490 10.0
491 9.0
492 8.0
493 7.0
494 6.0
495 5.0
496 4.0
497 3.0
498 2.0
499 1.0
500 0.0
