1 13688.0
2 12161.0
3 11128.0
4 10347.0
5 9708.0
6 9253.0
7 8877.0
8 8559.0
9 8281.0
10 8040.0
11 7808.0
12 7640.0
13 7488.0
14 7349.0
15 7217.0
16 7094.0
17 6975.0
18 6862.0
19 6750.0
20 6643.0
21 6541.0
22 6444.0
23 6348.0
24 6263.0
25 6179.0
26 6095.0
27 6011.0
28 5937.0
29 5864.0
30 5791.0
31 5719.0
32 5649.0
33 5580.0
34 5515.0
35 5452.0
36 5389.0
37 5327.0
38 5266.0
39 5204.0
40 5146.0
41 5090.0
42 5034.0
43 4980.0
44 4926.0
45 4873.0
46 4821.0
47 4769.0
48 4718.0
49 4668.0
50 4619.0
51 4575.0
52 4531.0
53 4487.0
54 4444.0
55 4403.0
56 4363.0
57 4323.0
58 4284.0
59 4246.0
60 4209.0
61 4172.0
62 4136.0
63 4101.0
64 4065.0
65 4030.0
66 3998.0
67 3965.0
68 3933.0
69 3901.0
70 3869.0
71 3837.0
72 3805.0
73 3773.0
74 3742.0
75 3711.0
76 3680.0
77 3649.0
78 3619.0
79 3589.0
80 3559.0
81 3530.0
82 3501.0
83 3472.0
84 3443.0
85 3414.0
86 3386.0
87 3358.0
88 3330.0
89 3302.0
90 3274.0
91 3246.0
92 3218.0
93 3191.0
94 3164.0
95 3137.0
96 3111.0
97 3086.0
98 3061.0
99 3037.0
100 3013.0
101 2990.0
102 2967.0
103 2944.0
104 2921.0
105 2899.0
106 2877.0
107 2855.0
108 2833.0
109 2811.0
110 2790.0
111 2769.0
112 2748.0
113 2727.0
114 2706.0
115 2686.0
116 2666.0
117 2647.0
118 2628.0
119 2609.0
120 2590.0
121 2571.0
122 2552.0
123 2533.0
124 2514.0
125 2496.0
126 2478.0
127 2460.0
128 2442.0
129 2424.0
130 2406.0
131 2388.0
132 2370.0
133 2353.0
134 2336.0
135 2319.0
136 2302.0
137 2285.0
138 2269.0
139 2253.0
140 2236.0
141 2220.0
142 2204.0
143 2188.0
144 2172.0
145 2156.0
146 2140.0
147 2124.0
148 2109.0
149 2094.0
150 2079.0
151 2064.0
152 2049.0
153 2034.0
154 2019.0
155 2004.0
156 1990.0
157 1976.0
158 1962.0
159 1948.0
160 1934.0
161 1920.0
162 1906.0
163 1892.0
164 1878.0
165 1864.0
166 1850.0
167 1836.0
168 1822.0
169 1809.0
170 1796.0
171 1783.0
172 1770.0
173 1757.0
174 1744.0
175 1731.0
176 1718.0
177 1705.0
178 1692.0
179 1679.0
180 1666.0
181 1653.0
182 1640.0
183 1628.0
184 1616.0
185 1604.0
186 1592.0
187 1580.0
188 1568.0
189 1556.0
190 1544.0
191 1532.0
192 1520.0
193 1508.0
194 1496.0
195 1485.0
196 1473.0
197 1462.0
198 1451.0
199 1440.0
200 1429.0
201 1418.0
202 1407.0
203 1396.0
204 1385.0
205 1374.0
206 1363.0
207 1352.0
208 1341.0
209 1330.0
210 1319.0
211 1308.0
212 1297.0
213 1286.0
214 1275.0
215 1265.0
216 1254.0
217 1244.0
218 1234.0
219 1224.0
220 1214.0
221 1204.0
222 1194.0
223 1184.0
224 1174.0
225 1164.0
226 1154.0
227 1144.0
228 1134.0
229 1124.0
230 1115.0
231 1105.0
232 1096.0
233 1087.0
234 1078.0
235 1069.0
236 1060.0
237 1051.0
238 1042.0
239 1033.0
240 1024.0
241 1015.0
242 1006.0
243 997.0
244 988.0
245 979.0
246 970.0
247 961.0
248 952.0
249 943.0
250 935.0
251 927.0
252 919.0
253 911.0
254 903.0
255 895.0
256 887.0
257 879.0
258 871.0
259 863.0
260 855.0
261 847.0
262 839.0
263 831.0
264 823.0
265 815.0
266 807.0
267 799.0
268 791.0
269 784.0
270 777.0
271 770.0
272 763.0
273 756.0
274 749.0
275 742.0
276 735.0
277 728.0
278 721.0
279 714.0
280 707.0
281 700.0
282 693.0
283 686.0
284 679.0
285 673.0
286 667.0
287 661.0
288 655.0
289 649.0
290 643.0
291 637.0
292 631.0
293 625.0
294 619.0
295 613.0
296 607.0
297 601.0
298 595.0
299 589.0
300 583.0
301 577.0
302 571.0
303 565.0
304 559.0
305 553.0
306 547.0
307 541.0
308 535.0
309 529.0
310 523.0
311 518.0
312 513.0
313 508.0
314 503.0
315 498.0
316 493.0
317 488.0
318 483.0
319 478.0
320 473.0
321 468.0
322 463.0
323 458.0
324 453.0
325 448.0
326 443.0
327 438.0
328 433.0
329 428.0
330 423.0
331 418.0
332 413.0
333 408.0
334 403.0
335 398.0
336 393.0
337 388.0
338 383.0
339 378.0
340 373.0
341 368.0
342 364.0
343 359.0
344 355.0
345 351.0
346 346.0
347 342.0
348 338.0
349 334.0
350 330.0
351 326.0
352 322.0
353 318.0
354 314.0
355 310.0
356 306.0
357 302.0
358 298.0
359 294.0
360 290.0
361 286.0
362 282.0
363 278.0
364 274.0
365 270.0
366 266.0
367 262.0
368 258.0
369 255.0
370 252.0
371 249.0
372 246.0
373 243.0
374 240.0
375 237.0
376 234.0
377 231.0
378 228.0
379 225.0
380 222.0
381 219.0
382 216.0
383 213.0
384 210.0
385 207.0
386 204.0
387 201.0
388 198.0
389 195.0
390 192.0
391 189.0
392 186.0
393 183.0
394 180.0
395 177.0
396 174.0
397 171.0
398 168.0
399 165.0
400 162.0
401 159.0
402 156.0
403 153.0
404 150.0
405 147.0
406 144.0
407 141.0
408 138.0
409 135.0
410 132.0
411 130.0
412 128.0
413 126.0
414 124.0
415 122.0
416 120.0
417 118.0
418 116.0
419 114.0
420 112.0
421 110.0
422 108.0
423 106.0
424 104.0
425 102.0
426 100.0
427 98.0
428 96.0
429 94.0
430 92.0
431 90.0
432 88.0
433 86.0
434 84.0
435 82.0
436 80.0
437 78.0
438 76.0
439 74.0
440 72.0
441 70.0
442 68.0
443 66.0
444 64.0
445 62.0
446 60.0
447 58.0
448 56.0
449 54.0
450 52.0
451 50.0
452 48.0
453 47.0
454 46.0
455 45.0
456 44.0
457 43.0
458 42.0
459 41.0
460 40.0
461 39.0
462 38.0
463 37.0
464 36.0
465 35.0
466 34.0
467 33.0
468 32.0
469 31.0
470 30.0
471 29.0
472 28.0
473 27.0
474 26.0
475 25.0
476 24.0
477 23.0
478 22.0
479 21.0
480 20.0
481 19.0
482 18.0
483 17.0
484 16.0
485 15.0
486 14.0
487 13.0
488 12.0
489 11.0
490 10.0
491 9.0
492 8.0
493 7.0
494 6.0
495 5.0
496 4.0
497 3.0
498 2.0
499 1.0
500 0.0
