1 10994.0
2 9275.0
3 8390.0
4 7900.0
5 7484.0
6 7111.0
7 6766.0
8 6541.0
9 6342.0
10 6164.0
11 5988.0
12 5834.0
13 5701.0
14 5580.0
15 5465.0
16 5365.0
17 5259.0
18 5159.0
19 5059.0
20 4963.0
21 4870.0
22 4782.0
23 4703.0
24 4623.0
25 4544.0
26 4473.0
27 4403.0
28 4334.0
29 4269.0
30 4204.0
31 4142.0
32 4080.0
33 4021.0
34 3965.0
35 3908.0
36 3853.0
37 3800.0
38 3748.0
39 3697.0
40 3646.0
41 3597.0
42 3550.0
43 3503.0
44 3457.0
45 3413.0
46 3370.0
47 3327.0
48 3285.0
49 3244.0
50 3203.0
51 3162.0
52 3121.0
53 3081.0
54 3042.0
55 3004.0
56 2966.0
57 2931.0
58 2897.0
59 2861.0
60 2827.0
61 2793.0
62 2759.0
63 2725.0
64 2691.0
65 2658.0
66 2625.0
67 2593.0
68 2562.0
69 2531.0
70 2500.0
71 2470.0
72 2440.0
73 2410.0
74 2380.0
75 2351.0
76 2323.0
77 2295.0
78 2267.0
79 2240.0
80 2213.0
81 2186.0
82 2159.0
83 2133.0
84 2107.0
85 2081.0
86 2056.0
87 2031.0
88 2006.0
89 1981.0
90 1957.0
91 1932.0
92 1908.0
93 1884.0
94 1861.0
95 1838.0
96 1816.0
97 1794.0
98 1772.0
99 1751.0
100 1729.0
101 1708.0
102 1687.0
103 1667.0
104 1647.0
105 1627.0
106 1607.0
107 1587.0
108 1567.0
109 1547.0
110 1528.0
111 1509.0
112 1490.0
113 1471.0
114 1453.0
115 1435.0
116 1417.0
117 1399.0
118 1381.0
119 1363.0
120 1345.0
121 1327.0
122 1310.0
123 1293.0
124 1276.0
125 1260.0
126 1243.0
127 1227.0
128 1211.0
129 1195.0
130 1179.0
131 1163.0
132 1147.0
133 1131.0
134 1116.0
135 1101.0
136 1086.0
137 1071.0
138 1056.0
139 1041.0
140 1027.0
141 1013.0
142 999.0
143 985.0
144 971.0
145 957.0
146 943.0
147 929.0
148 916.0
149 902.0
150 889.0
151 876.0
152 863.0
153 850.0
154 837.0
155 824.0
156 811.0
157 799.0
158 787.0
159 775.0
160 763.0
161 751.0
162 739.0
163 727.0
164 715.0
165 703.0
166 691.0
167 679.0
168 667.0
169 655.0
170 644.0
171 633.0
172 622.0
173 611.0
174 601.0
175 590.0
176 580.0
177 569.0
178 559.0
179 549.0
180 539.0
181 529.0
182 520.0
183 511.0
184 502.0
185 493.0
186 484.0
187 475.0
188 466.0
189 458.0
190 449.0
191 441.0
192 433.0
193 425.0
194 417.0
195 409.0
196 401.0
197 393.0
198 385.0
199 377.0
200 370.0
201 363.0
202 356.0
203 349.0
204 342.0
205 335.0
206 328.0
207 321.0
208 314.0
209 308.0
210 302.0
211 296.0
212 290.0
213 284.0
214 278.0
215 272.0
216 266.0
217 260.0
218 254.0
219 248.0
220 242.0
221 236.0
222 230.0
223 224.0
224 218.0
225 213.0
226 207.0
227 202.0
228 197.0
229 192.0
230 187.0
231 182.0
232 177.0
233 172.0
234 167.0
235 162.0
236 157.0
237 152.0
238 147.0
239 143.0
240 139.0
241 135.0
242 131.0
243 127.0
244 123.0
245 119.0
246 115.0
247 111.0
248 107.0
249 103.0
250 99.0
251 95.0
252 91.0
253 87.0
254 83.0
255 80.0
256 77.0
257 74.0
258 71.0
259 68.0
260 65.0
261 62.0
262 59.0
263 56.0
264 53.0
265 50.0
266 48.0
267 46.0
268 44.0
269 42.0
270 40.0
271 38.0
272 36.0
273 34.0
274 32.0
275 30.0
276 28.0
277 26.0
278 24.0
279 22.0
280 20.0
281 19.0
282 18.0
283 17.0
284 16.0
285 15.0
286 14.0
287 13.0
288 12.0
289 11.0
290 10.0
291 9.0
292 8.0
293 7.0
294 6.0
295 5.0
296 4.0
297 3.0
298 2.0
299 1.0
300 0.0
