1 14814.0
2 13297.0
3 12275.0
4 11523.0
5 10887.0
6 10438.0
7 10039.0
8 9715.0
9 9445.0
10 9222.0
11 9015.0
12 8829.0
13 8649.0
14 8484.0
15 8330.0
16 8183.0
17 8039.0
18 7905.0
19 7783.0
20 7661.0
21 7546.0
22 7436.0
23 7331.0
24 7229.0
25 7135.0
26 7048.0
27 6959.0
28 6873.0
29 6787.0
30 6706.0
31 6626.0
32 6551.0
33 6480.0
34 6409.0
35 6341.0
36 6275.0
37 6209.0
38 6146.0
39 6083.0
40 6022.0
41 5964.0
42 5907.0
43 5850.0
44 5795.0
45 5740.0
46 5686.0
47 5633.0
48 5580.0
49 5530.0
50 5480.0
51 5430.0
52 5380.0
53 5334.0
54 5291.0
55 5248.0
56 5206.0
57 5164.0
58 5123.0
59 5082.0
60 5043.0
61 5006.0
62 4969.0
63 4934.0
64 4900.0
65 4866.0
66 4832.0
67 4799.0
68 4766.0
69 4733.0
70 4700.0
71 4667.0
72 4635.0
73 4603.0
74 4572.0
75 4541.0
76 4510.0
77 4480.0
78 4450.0
79 4420.0
80 4391.0
81 4362.0
82 4334.0
83 4306.0
84 4278.0
85 4250.0
86 4223.0
87 4196.0
88 4169.0
89 4143.0
90 4116.0
91 4090.0
92 4063.0
93 4037.0
94 4011.0
95 3985.0
96 3959.0
97 3934.0
98 3909.0
99 3884.0
100 3859.0
101 3834.0
102 3809.0
103 3784.0
104 3760.0
105 3736.0
106 3713.0
107 3689.0
108 3665.0
109 3642.0
110 3619.0
111 3597.0
112 3574.0
113 3552.0
114 3530.0
115 3509.0
116 3488.0
117 3468.0
118 3448.0
119 3428.0
120 3409.0
121 3389.0
122 3370.0
123 3351.0
124 3332.0
125 3313.0
126 3294.0
127 3275.0
128 3256.0
129 3238.0
130 3219.0
131 3201.0
132 3183.0
133 3165.0
134 3147.0
135 3129.0
136 3111.0
137 3093.0
138 3075.0
139 3057.0
140 3040.0
141 3023.0
142 3006.0
143 2989.0
144 2972.0
145 2955.0
146 2939.0
147 2922.0
148 2906.0
149 2890.0
150 2874.0
151 2858.0
152 2842.0
153 2826.0
154 2810.0
155 2795.0
156 2780.0
157 2765.0
158 2750.0
159 2735.0
160 2720.0
161 2705.0
162 2690.0
163 2676.0
164 2661.0
165 2647.0
166 2632.0
167 2618.0
168 2604.0
169 2590.0
170 2576.0
171 2562.0
172 2548.0
173 2534.0
174 2520.0
175 2506.0
176 2492.0
177 2478.0
178 2464.0
179 2451.0
180 2438.0
181 2425.0
182 2412.0
183 2399.0
184 2386.0
185 2373.0
186 2360.0
187 2347.0
188 2334.0
189 2321.0
190 2308.0
191 2295.0
192 2283.0
193 2271.0
194 2259.0
195 2247.0
196 2235.0
197 2223.0
198 2211.0
199 2199.0
200 2187.0
201 2175.0
202 2164.0
203 2153.0
204 2142.0
205 2131.0
206 2120.0
207 2109.0
208 2098.0
209 2087.0
210 2076.0
211 2065.0
212 2054.0
213 2043.0
214 2032.0
215 2021.0
216 2010.0
217 1999.0
218 1988.0
219 1977.0
220 1966.0
221 1955.0
222 1945.0
223 1935.0
224 1925.0
225 1915.0
226 1905.0
227 1895.0
228 1885.0
229 1875.0
230 1865.0
231 1855.0
232 1845.0
233 1835.0
234 1825.0
235 1815.0
236 1805.0
237 1795.0
238 1785.0
239 1775.0
240 1765.0
241 1755.0
242 1745.0
243 1735.0
244 1725.0
245 1715.0
246 1705.0
247 1696.0
248 1687.0
249 1678.0
250 1669.0
251 1660.0
252 1651.0
253 1642.0
254 1633.0
255 1624.0
256 1615.0
257 1606.0
258 1597.0
259 1588.0
260 1580.0
261 1571.0
262 1563.0
263 1555.0
264 1547.0
265 1539.0
266 1531.0
267 1523.0
268 1515.0
269 1507.0
270 1499.0
271 1491.0
272 1483.0
273 1475.0
274 1467.0
275 1459.0
276 1451.0
277 1443.0
278 1435.0
279 1427.0
280 1419.0
281 1411.0
282 1403.0
283 1395.0
284 1387.0
285 1379.0
286 1371.0
287 1364.0
288 1357.0
289 1350.0
290 1343.0
291 1336.0
292 1329.0
293 1322.0
294 1315.0
295 1308.0
296 1301.0
297 1294.0
298 1287.0
299 1280.0
300 1273.0
301 1266.0
302 1259.0
303 1252.0
304 1245.0
305 1238.0
306 1231.0
307 1224.0
308 1217.0
309 1210.0
310 1203.0
311 1196.0
312 1189.0
313 1182.0
314 1175.0
315 1168.0
316 1161.0
317 1154.0
318 1147.0
319 1140.0
320 1133.0
321 1126.0
322 1120.0
323 1114.0
324 1108.0
325 1102.0
326 1096.0
327 1090.0
328 1084.0
329 1078.0
330 1072.0
331 1066.0
332 1060.0
333 1054.0
334 1048.0
335 1042.0
336 1036.0
337 1030.0
338 1024.0
339 1018.0
340 1012.0
341 1006.0
342 1000.0
343 994.0
344 988.0
345 982.0
346 976.0
347 970.0
348 964.0
349 958.0
350 952.0
351 946.0
352 940.0
353 934.0
354 928.0
355 922.0
356 916.0
357 910.0
358 904.0
359 899.0
360 894.0
361 889.0
362 884.0
363 879.0
364 874.0
365 869.0
366 864.0
367 859.0
368 854.0
369 849.0
370 844.0
371 839.0
372 834.0
373 829.0
374 824.0
375 819.0
376 814.0
377 809.0
378 804.0
379 799.0
380 794.0
381 789.0
382 784.0
383 779.0
384 774.0
385 769.0
386 764.0
387 759.0
388 754.0
389 749.0
390 744.0
391 739.0
392 734.0
393 729.0
394 724.0
395 719.0
396 714.0
397 709.0
398 704.0
399 699.0
400 694.0
401 689.0
402 684.0
403 679.0
404 674.0
405 670.0
406 666.0
407 661.0
408 657.0
409 653.0
410 649.0
411 645.0
412 641.0
413 637.0
414 633.0
415 629.0
416 625.0
417 621.0
418 617.0
419 613.0
420 609.0
421 605.0
422 601.0
423 597.0
424 593.0
425 589.0
426 585.0
427 581.0
428 577.0
429 573.0
430 569.0
431 565.0
432 561.0
433 557.0
434 553.0
435 549.0
436 545.0
437 541.0
438 537.0
439 533.0
440 529.0
441 525.0
442 521.0
443 517.0
444 513.0
445 509.0
446 505.0
447 501.0
448 497.0
449 493.0
450 489.0
451 485.0
452 481.0
453 477.0
454 473.0
455 469.0
456 465.0
457 461.0
458 457.0
459 453.0
460 449.0
461 446.0
462 443.0
463 440.0
464 437.0
465 434.0
466 431.0
467 428.0
468 425.0
469 422.0
470 419.0
471 416.0
472 413.0
473 410.0
474 407.0
475 404.0
476 401.0
477 398.0
478 395.0
479 392.0
480 389.0
481 386.0
482 383.0
483 380.0
484 377.0
485 374.0
486 371.0
487 368.0
488 365.0
489 362.0
490 359.0
491 356.0
492 353.0
493 350.0
494 347.0
495 344.0
496 341.0
497 338.0
498 335.0
499 332.0
500 329.0
501 326.0
502 323.0
503 320.0
504 317.0
505 314.0
506 311.0
507 308.0
508 305.0
509 302.0
510 299.0
511 296.0
512 293.0
513 290.0
514 287.0
515 284.0
516 281.0
517 278.0
518 275.0
519 272.0
520 269.0
521 266.0
522 263.0
523 260.0
524 257.0
525 254.0
526 252.0
527 250.0
528 248.0
529 246.0
530 244.0
531 242.0
532 240.0
533 238.0
534 236.0
535 234.0
536 232.0
537 230.0
538 228.0
539 226.0
540 224.0
541 222.0
542 220.0
543 218.0
544 216.0
545 214.0
546 212.0
547 210.0
548 208.0
549 206.0
550 204.0
551 202.0
552 200.0
553 198.0
554 196.0
555 194.0
556 192.0
557 190.0
558 188.0
559 186.0
560 184.0
561 182.0
562 180.0
563 178.0
564 176.0
565 174.0
566 172.0
567 170.0
568 168.0
569 166.0
570 164.0
571 162.0
572 160.0
573 158.0
574 156.0
575 154.0
576 152.0
577 150.0
578 148.0
579 146.0
580 144.0
581 142.0
582 140.0
583 138.0
584 136.0
585 134.0
586 132.0
587 130.0
588 128.0
589 126.0
590 124.0
591 122.0
592 120.0
593 118.0
594 116.0
595 114.0
596 112.0
597 110.0
598 108.0
599 106.0
600 104.0
601 102.0
602 100.0
603 98.0
604 96.0
605 95.0
606 94.0
607 93.0
608 92.0
609 91.0
610 90.0
611 89.0
612 88.0
613 87.0
614 86.0
615 85.0
616 84.0
617 83.0
618 82.0
619 81.0
620 80.0
621 79.0
622 78.0
623 77.0
624 76.0
625 75.0
626 74.0
627 73.0
628 72.0
629 71.0
630 70.0
631 69.0
632 68.0
633 67.0
634 66.0
635 65.0
636 64.0
637 63.0
638 62.0
639 61.0
640 60.0
641 59.0
642 58.0
643 57.0
644 56.0
645 55.0
646 54.0
647 53.0
648 52.0
649 51.0
650 50.0
651 49.0
652 48.0
653 47.0
654 46.0
655 45.0
656 44.0
657 43.0
658 42.0
659 41.0
660 40.0
661 39.0
662 38.0
663 37.0
664 36.0
665 35.0
666 34.0
667 33.0
668 32.0
669 31.0
670 30.0
671 29.0
672 28.0
673 27.0
674 26.0
675 25.0
676 24.0
677 23.0
678 22.0
679 21.0
680 20.0
681 19.0
682 18.0
683 17.0
684 16.0
685 15.0
686 14.0
687 13.0
688 12.0
689 11.0
690 10.0
691 9.0
692 8.0
693 7.0
694 6.0
695 5.0
696 4.0
697 3.0
698 2.0
699 1.0
700 0.0
