1 14360.0
2 12195.0
3 11249.0
4 10625.0
5 10086.0
6 9617.0
7 9270.0
8 8994.0
9 8743.0
10 8537.0
11 8367.0
12 8203.0
13 8038.0
14 7899.0
15 7761.0
16 7630.0
17 7502.0
18 7390.0
19 7285.0
20 7189.0
21 7093.0
22 6998.0
23 6910.0
24 6824.0
25 6741.0
26 6657.0
27 6576.0
28 6497.0
29 6419.0
30 6343.0
31 6268.0
32 6197.0
33 6124.0
34 6055.0
35 5992.0
36 5925.0
37 5860.0
38 5799.0
39 5739.0
40 5685.0
41 5631.0
42 5575.0
43 5522.0
44 5470.0
45 5419.0
46 5369.0
47 5320.0
48 5271.0
49 5222.0
50 5174.0
51 5126.0
52 5082.0
53 5039.0
54 4996.0
55 4953.0
56 4911.0
57 4870.0
58 4830.0
59 4789.0
60 4749.0
61 4711.0
62 4676.0
63 4639.0
64 4603.0
65 4568.0
66 4533.0
67 4498.0
68 4464.0
69 4430.0
70 4396.0
71 4363.0
72 4330.0
73 4297.0
74 4265.0
75 4233.0
76 4201.0
77 4170.0
78 4140.0
79 4111.0
80 4083.0
81 4055.0
82 4027.0
83 4000.0
84 3974.0
85 3948.0
86 3922.0
87 3897.0
88 3872.0
89 3848.0
90 3824.0
91 3800.0
92 3777.0
93 3754.0
94 3731.0
95 3708.0
96 3686.0
97 3664.0
98 3642.0
99 3620.0
100 3598.0
101 3577.0
102 3556.0
103 3536.0
104 3516.0
105 3496.0
106 3476.0
107 3456.0
108 3436.0
109 3416.0
110 3397.0
111 3378.0
112 3359.0
113 3340.0
114 3322.0
115 3303.0
116 3285.0
117 3267.0
118 3249.0
119 3232.0
120 3214.0
121 3197.0
122 3180.0
123 3163.0
124 3146.0
125 3129.0
126 3112.0
127 3095.0
128 3078.0
129 3062.0
130 3046.0
131 3030.0
132 3014.0
133 2998.0
134 2982.0
135 2966.0
136 2950.0
137 2934.0
138 2919.0
139 2904.0
140 2889.0
141 2874.0
142 2859.0
143 2844.0
144 2829.0
145 2814.0
146 2799.0
147 2784.0
148 2769.0
149 2754.0
150 2740.0
151 2726.0
152 2712.0
153 2698.0
154 2684.0
155 2671.0
156 2657.0
157 2644.0
158 2631.0
159 2618.0
160 2605.0
161 2592.0
162 2579.0
163 2566.0
164 2553.0
165 2540.0
166 2527.0
167 2514.0
168 2501.0
169 2488.0
170 2475.0
171 2462.0
172 2449.0
173 2436.0
174 2424.0
175 2411.0
176 2398.0
177 2386.0
178 2374.0
179 2362.0
180 2350.0
181 2338.0
182 2326.0
183 2314.0
184 2302.0
185 2290.0
186 2278.0
187 2266.0
188 2254.0
189 2242.0
190 2230.0
191 2219.0
192 2207.0
193 2196.0
194 2185.0
195 2174.0
196 2163.0
197 2152.0
198 2141.0
199 2130.0
200 2119.0
201 2108.0
202 2097.0
203 2086.0
204 2075.0
205 2064.0
206 2053.0
207 2042.0
208 2031.0
209 2020.0
210 2009.0
211 1999.0
212 1989.0
213 1979.0
214 1969.0
215 1959.0
216 1949.0
217 1939.0
218 1929.0
219 1919.0
220 1909.0
221 1899.0
222 1889.0
223 1879.0
224 1869.0
225 1859.0
226 1849.0
227 1840.0
228 1830.0
229 1821.0
230 1812.0
231 1803.0
232 1794.0
233 1785.0
234 1776.0
235 1767.0
236 1758.0
237 1749.0
238 1740.0
239 1731.0
240 1722.0
241 1713.0
242 1704.0
243 1695.0
244 1686.0
245 1677.0
246 1668.0
247 1659.0
248 1650.0
249 1641.0
250 1632.0
251 1623.0
252 1614.0
253 1605.0
254 1596.0
255 1587.0
256 1578.0
257 1570.0
258 1562.0
259 1554.0
260 1546.0
261 1538.0
262 1530.0
263 1522.0
264 1514.0
265 1506.0
266 1498.0
267 1490.0
268 1482.0
269 1474.0
270 1466.0
271 1458.0
272 1450.0
273 1442.0
274 1434.0
275 1426.0
276 1418.0
277 1410.0
278 1402.0
279 1394.0
280 1386.0
281 1378.0
282 1371.0
283 1364.0
284 1357.0
285 1350.0
286 1343.0
287 1336.0
288 1329.0
289 1322.0
290 1315.0
291 1308.0
292 1301.0
293 1294.0
294 1287.0
295 1280.0
296 1273.0
297 1266.0
298 1259.0
299 1252.0
300 1245.0
301 1238.0
302 1231.0
303 1224.0
304 1217.0
305 1210.0
306 1203.0
307 1196.0
308 1189.0
309 1182.0
310 1175.0
311 1168.0
312 1162.0
313 1156.0
314 1150.0
315 1144.0
316 1138.0
317 1132.0
318 1126.0
319 1120.0
320 1114.0
321 1108.0
322 1102.0
323 1096.0
324 1090.0
325 1084.0
326 1078.0
327 1072.0
328 1066.0
329 1060.0
330 1054.0
331 1048.0
332 1042.0
333 1036.0
334 1030.0
335 1024.0
336 1018.0
337 1012.0
338 1006.0
339 1000.0
340 994.0
341 988.0
342 982.0
343 977.0
344 971.0
345 966.0
346 961.0
347 956.0
348 951.0
349 946.0
350 941.0
351 936.0
352 931.0
353 926.0
354 921.0
355 916.0
356 911.0
357 906.0
358 901.0
359 896.0
360 891.0
361 886.0
362 881.0
363 876.0
364 871.0
365 866.0
366 861.0
367 856.0
368 851.0
369 846.0
370 841.0
371 836.0
372 831.0
373 826.0
374 821.0
375 816.0
376 811.0
377 806.0
378 801.0
379 796.0
380 791.0
381 786.0
382 781.0
383 776.0
384 771.0
385 766.0
386 761.0
387 756.0
388 751.0
389 746.0
390 741.0
391 736.0
392 731.0
393 726.0
394 721.0
395 716.0
396 711.0
397 706.0
398 701.0
399 697.0
400 693.0
401 689.0
402 685.0
403 681.0
404 677.0
405 673.0
406 669.0
407 665.0
408 661.0
409 657.0
410 653.0
411 649.0
412 645.0
413 641.0
414 637.0
415 633.0
416 629.0
417 625.0
418 621.0
419 617.0
420 613.0
421 609.0
422 605.0
423 601.0
424 597.0
425 593.0
426 589.0
427 585.0
428 581.0
429 577.0
430 573.0
431 569.0
432 565.0
433 561.0
434 557.0
435 553.0
436 549.0
437 545.0
438 541.0
439 537.0
440 533.0
441 529.0
442 525.0
443 521.0
444 517.0
445 513.0
446 509.0
447 505.0
448 501.0
449 497.0
450 493.0
451 489.0
452 485.0
453 481.0
454 477.0
455 473.0
456 469.0
457 465.0
458 461.0
459 457.0
460 453.0
461 449.0
462 445.0
463 441.0
464 438.0
465 434.0
466 431.0
467 428.0
468 425.0
469 422.0
470 419.0
471 416.0
472 413.0
473 410.0
474 407.0
475 404.0
476 401.0
477 398.0
478 395.0
479 392.0
480 389.0
481 386.0
482 383.0
483 380.0
484 377.0
485 374.0
486 371.0
487 368.0
488 365.0
489 362.0
490 359.0
491 356.0
492 353.0
493 350.0
494 347.0
495 344.0
496 341.0
497 338.0
498 335.0
499 332.0
500 329.0
501 326.0
502 323.0
503 320.0
504 317.0
505 314.0
506 311.0
507 308.0
508 305.0
509 302.0
510 299.0
511 296.0
512 293.0
513 290.0
514 287.0
515 284.0
516 281.0
517 278.0
518 275.0
519 272.0
520 269.0
521 266.0
522 263.0
523 260.0
524 257.0
525 254.0
526 251.0
527 248.0
528 246.0
529 244.0
530 242.0
531 240.0
532 238.0
533 236.0
534 234.0
535 232.0
536 230.0
537 228.0
538 226.0
539 224.0
540 222.0
541 220.0
542 218.0
543 216.0
544 214.0
545 212.0
546 210.0
547 208.0
548 206.0
549 204.0
550 202.0
551 200.0
552 198.0
553 196.0
554 194.0
555 192.0
556 190.0
557 188.0
558 186.0
559 184.0
560 182.0
561 180.0
562 178.0
563 176.0
564 174.0
565 172.0
566 170.0
567 168.0
568 166.0
569 164.0
570 162.0
571 160.0
572 158.0
573 156.0
574 154.0
575 152.0
576 150.0
577 148.0
578 146.0
579 144.0
580 142.0
581 140.0
582 138.0
583 136.0
584 134.0
585 132.0
586 130.0
587 128.0
588 126.0
589 124.0
590 122.0
591 120.0
592 118.0
593 116.0
594 114.0
595 112.0
596 110.0
597 108.0
598 106.0
599 104.0
600 102.0
601 100.0
602 98.0
603 97.0
604 96.0
605 95.0
606 94.0
607 93.0
608 92.0
609 91.0
610 90.0
611 89.0
612 88.0
613 87.0
614 86.0
615 85.0
616 84.0
617 83.0
618 82.0
619 81.0
620 80.0
621 79.0
622 78.0
623 77.0
624 76.0
625 75.0
626 74.0
627 73.0
628 72.0
629 71.0
630 70.0
631 69.0
632 68.0
633 67.0
634 66.0
635 65.0
636 64.0
637 63.0
638 62.0
639 61.0
640 60.0
641 59.0
642 58.0
643 57.0
644 56.0
645 55.0
646 54.0
647 53.0
648 52.0
649 51.0
650 50.0
651 49.0
652 48.0
653 47.0
654 46.0
655 45.0
656 44.0
657 43.0
658 42.0
659 41.0
660 40.0
661 39.0
662 38.0
663 37.0
664 36.0
665 35.0
666 34.0
667 33.0
668 32.0
669 31.0
670 30.0
671 29.0
672 28.0
673 27.0
674 26.0
675 25.0
676 24.0
677 23.0
678 22.0
679 21.0
680 20.0
681 19.0
682 18.0
683 17.0
684 16.0
685 15.0
686 14.0
687 13.0
688 12.0
689 11.0
690 10.0
691 9.0
692 8.0
693 7.0
694 6.0
695 5.0
696 4.0
697 3.0
698 2.0
699 1.0
700 0.0
