1 12058.0
2 10863.0
3 10107.0
4 9493.0
5 9167.0
6 8868.0
7 8596.0
8 8359.0
9 8149.0
10 7956.0
11 7768.0
12 7591.0
13 7427.0
14 7267.0
15 7126.0
16 6987.0
17 6855.0
18 6742.0
19 6630.0
20 6526.0
21 6424.0
22 6335.0
23 6247.0
24 6163.0
25 6081.0
26 6001.0
27 5923.0
28 5846.0
29 5770.0
30 5706.0
31 5642.0
32 5578.0
33 5515.0
34 5453.0
35 5392.0
36 5332.0
37 5273.0
38 5215.0
39 5159.0
40 5106.0
41 5053.0
42 5001.0
43 4949.0
44 4898.0
45 4847.0
46 4796.0
47 4747.0
48 4702.0
49 4657.0
50 4614.0
51 4571.0
52 4529.0
53 4488.0
54 4449.0
55 4408.0
56 4369.0
57 4330.0
58 4293.0
59 4257.0
60 4221.0
61 4186.0
62 4151.0
63 4117.0
64 4083.0
65 4050.0
66 4017.0
67 3984.0
68 3951.0
69 3918.0
70 3886.0
71 3854.0
72 3823.0
73 3792.0
74 3761.0
75 3730.0
76 3700.0
77 3670.0
78 3640.0
79 3610.0
80 3581.0
81 3553.0
82 3524.0
83 3497.0
84 3470.0
85 3444.0
86 3418.0
87 3392.0
88 3366.0
89 3340.0
90 3314.0
91 3288.0
92 3263.0
93 3238.0
94 3213.0
95 3188.0
96 3164.0
97 3139.0
98 3115.0
99 3091.0
100 3067.0
101 3043.0
102 3020.0
103 2996.0
104 2973.0
105 2950.0
106 2927.0
107 2905.0
108 2883.0
109 2861.0
110 2839.0
111 2817.0
112 2796.0
113 2775.0
114 2754.0
115 2733.0
116 2712.0
117 2692.0
118 2672.0
119 2652.0
120 2632.0
121 2612.0
122 2592.0
123 2572.0
124 2552.0
125 2532.0
126 2512.0
127 2493.0
128 2474.0
129 2455.0
130 2436.0
131 2417.0
132 2398.0
133 2380.0
134 2362.0
135 2344.0
136 2326.0
137 2308.0
138 2290.0
139 2273.0
140 2256.0
141 2239.0
142 2222.0
143 2205.0
144 2188.0
145 2171.0
146 2154.0
147 2137.0
148 2121.0
149 2105.0
150 2089.0
151 2073.0
152 2057.0
153 2041.0
154 2025.0
155 2009.0
156 1994.0
157 1978.0
158 1963.0
159 1948.0
160 1933.0
161 1918.0
162 1903.0
163 1888.0
164 1873.0
165 1858.0
166 1843.0
167 1828.0
168 1813.0
169 1799.0
170 1785.0
171 1771.0
172 1757.0
173 1743.0
174 1729.0
175 1715.0
176 1701.0
177 1687.0
178 1673.0
179 1659.0
180 1645.0
181 1631.0
182 1618.0
183 1605.0
184 1592.0
185 1579.0
186 1566.0
187 1553.0
188 1540.0
189 1527.0
190 1514.0
191 1501.0
192 1488.0
193 1476.0
194 1464.0
195 1452.0
196 1440.0
197 1428.0
198 1416.0
199 1404.0
200 1392.0
201 1381.0
202 1370.0
203 1359.0
204 1348.0
205 1337.0
206 1326.0
207 1315.0
208 1304.0
209 1293.0
210 1282.0
211 1271.0
212 1260.0
213 1250.0
214 1240.0
215 1230.0
216 1220.0
217 1210.0
218 1200.0
219 1190.0
220 1180.0
221 1170.0
222 1160.0
223 1150.0
224 1141.0
225 1132.0
226 1123.0
227 1114.0
228 1105.0
229 1096.0
230 1087.0
231 1078.0
232 1069.0
233 1060.0
234 1052.0
235 1043.0
236 1035.0
237 1027.0
238 1019.0
239 1011.0
240 1003.0
241 995.0
242 987.0
243 979.0
244 971.0
245 963.0
246 955.0
247 947.0
248 939.0
249 931.0
250 923.0
251 915.0
252 907.0
253 899.0
254 891.0
255 883.0
256 875.0
257 867.0
258 859.0
259 851.0
260 844.0
261 836.0
262 829.0
263 822.0
264 815.0
265 808.0
266 801.0
267 794.0
268 787.0
269 780.0
270 773.0
271 766.0
272 759.0
273 752.0
274 745.0
275 738.0
276 731.0
277 724.0
278 717.0
279 710.0
280 703.0
281 696.0
282 689.0
283 682.0
284 675.0
285 669.0
286 663.0
287 657.0
288 651.0
289 645.0
290 639.0
291 633.0
292 627.0
293 621.0
294 615.0
295 609.0
296 603.0
297 597.0
298 591.0
299 585.0
300 579.0
301 573.0
302 567.0
303 561.0
304 555.0
305 549.0
306 543.0
307 537.0
308 531.0
309 525.0
310 520.0
311 515.0
312 510.0
313 505.0
314 500.0
315 495.0
316 490.0
317 485.0
318 480.0
319 475.0
320 470.0
321 465.0
322 460.0
323 455.0
324 450.0
325 445.0
326 440.0
327 435.0
328 430.0
329 425.0
330 420.0
331 415.0
332 410.0
333 405.0
334 400.0
335 395.0
336 390.0
337 385.0
338 380.0
339 375.0
340 370.0
341 365.0
342 361.0
343 357.0
344 353.0
345 349.0
346 345.0
347 341.0
348 337.0
349 333.0
350 329.0
351 325.0
352 321.0
353 317.0
354 313.0
355 309.0
356 305.0
357 301.0
358 297.0
359 293.0
360 289.0
361 285.0
362 281.0
363 277.0
364 273.0
365 269.0
366 265.0
367 261.0
368 257.0
369 253.0
370 249.0
371 245.0
372 241.0
373 237.0
374 233.0
375 229.0
376 226.0
377 223.0
378 220.0
379 217.0
380 214.0
381 211.0
382 208.0
383 205.0
384 202.0
385 199.0
386 196.0
387 193.0
388 190.0
389 187.0
390 184.0
391 181.0
392 178.0
393 175.0
394 172.0
395 169.0
396 166.0
397 163.0
398 160.0
399 157.0
400 154.0
401 151.0
402 148.0
403 145.0
404 142.0
405 139.0
406 136.0
407 133.0
408 131.0
409 129.0
410 127.0
411 125.0
412 123.0
413 121.0
414 119.0
415 117.0
416 115.0
417 113.0
418 111.0
419 109.0
420 107.0
421 105.0
422 103.0
423 101.0
424 99.0
425 97.0
426 95.0
427 93.0
428 91.0
429 89.0
430 87.0
431 85.0
432 83.0
433 81.0
434 79.0
435 77.0
436 75.0
437 73.0
438 71.0
439 69.0
440 67.0
441 65.0
442 63.0
443 61.0
444 59.0
445 57.0
446 55.0
447 53.0
448 52.0
449 51.0
450 50.0
451 49.0
452 48.0
453 47.0
454 46.0
455 45.0
456 44.0
457 43.0
458 42.0
459 41.0
460 40.0
461 39.0
462 38.0
463 37.0
464 36.0
465 35.0
466 34.0
467 33.0
468 32.0
469 31.0
470 30.0
471 29.0
472 28.0
473 27.0
474 26.0
475 25.0
476 24.0
477 23.0
478 22.0
479 21.0
480 20.0
481 19.0
482 18.0
483 17.0
484 16.0
485 15.0
486 14.0
487 13.0
488 12.0
489 11.0
490 10.0
491 9.0
492 8.0
493 7.0
494 6.0
495 5.0
496 4.0
497 3.0
498 2.0
499 1.0
500 0.0
