1 11975.0
2 10344.0
3 9186.0
4 8440.0
5 7824.0
6 7332.0
7 6957.0
8 6639.0
9 6337.0
10 6083.0
11 5850.0
12 5623.0
13 5433.0
14 5266.0
15 5103.0
16 4940.0
17 4785.0
18 4642.0
19 4500.0
20 4366.0
21 4232.0
22 4102.0
23 3983.0
24 3876.0
25 3786.0
26 3695.0
27 3611.0
28 3529.0
29 3451.0
30 3374.0
31 3301.0
32 3231.0
33 3161.0
34 3092.0
35 3025.0
36 2956.0
37 2896.0
38 2831.0
39 2773.0
40 2718.0
41 2664.0
42 2615.0
43 2567.0
44 2519.0
45 2472.0
46 2425.0
47 2379.0
48 2334.0
49 2290.0
50 2247.0
51 2204.0
52 2162.0
53 2120.0
54 2078.0
55 2036.0
56 1995.0
57 1956.0
58 1917.0
59 1879.0
60 1843.0
61 1808.0
62 1773.0
63 1738.0
64 1703.0
65 1670.0
66 1637.0
67 1604.0
68 1571.0
69 1539.0
70 1507.0
71 1475.0
72 1445.0
73 1415.0
74 1386.0
75 1357.0
76 1328.0
77 1301.0
78 1274.0
79 1248.0
80 1222.0
81 1197.0
82 1172.0
83 1147.0
84 1123.0
85 1100.0
86 1077.0
87 1054.0
88 1031.0
89 1008.0
90 985.0
91 963.0
92 942.0
93 921.0
94 900.0
95 880.0
96 860.0
97 841.0
98 822.0
99 804.0
100 786.0
101 768.0
102 751.0
103 734.0
104 718.0
105 702.0
106 686.0
107 670.0
108 655.0
109 640.0
110 625.0
111 610.0
112 596.0
113 582.0
114 568.0
115 554.0
116 541.0
117 528.0
118 515.0
119 502.0
120 490.0
121 478.0
122 466.0
123 454.0
124 443.0
125 432.0
126 421.0
127 410.0
128 399.0
129 388.0
130 377.0
131 366.0
132 355.0
133 345.0
134 335.0
135 325.0
136 315.0
137 305.0
138 295.0
139 286.0
140 277.0
141 268.0
142 259.0
143 250.0
144 241.0
145 232.0
146 224.0
147 216.0
148 208.0
149 200.0
150 192.0
151 184.0
152 177.0
153 170.0
154 163.0
155 156.0
156 149.0
157 143.0
158 137.0
159 131.0
160 125.0
161 119.0
162 113.0
163 107.0
164 101.0
165 96.0
166 91.0
167 86.0
168 81.0
169 76.0
170 71.0
171 66.0
172 62.0
173 58.0
174 54.0
175 50.0
176 46.0
177 42.0
178 38.0
179 35.0
180 32.0
181 29.0
182 26.0
183 24.0
184 22.0
185 20.0
186 18.0
187 16.0
188 14.0
189 12.0
190 10.0
191 9.0
192 8.0
193 7.0
194 6.0
195 5.0
196 4.0
197 3.0
198 2.0
199 1.0
200 0.0
