1 15129.0
2 13669.0
3 12635.0
4 11847.0
5 11246.0
6 10715.0
7 10258.0
8 9848.0
9 9554.0
10 9297.0
11 9097.0
12 8899.0
13 8715.0
14 8546.0
15 8395.0
16 8249.0
17 8115.0
18 7994.0
19 7874.0
20 7757.0
21 7644.0
22 7529.0
23 7421.0
24 7325.0
25 7230.0
26 7137.0
27 7045.0
28 6956.0
29 6867.0
30 6780.0
31 6692.0
32 6614.0
33 6538.0
34 6467.0
35 6391.0
36 6321.0
37 6252.0
38 6186.0
39 6122.0
40 6062.0
41 6002.0
42 5945.0
43 5887.0
44 5832.0
45 5779.0
46 5728.0
47 5677.0
48 5626.0
49 5579.0
50 5532.0
51 5485.0
52 5439.0
53 5393.0
54 5350.0
55 5308.0
56 5267.0
57 5226.0
58 5185.0
59 5145.0
60 5106.0
61 5068.0
62 5030.0
63 4992.0
64 4955.0
65 4919.0
66 4884.0
67 4850.0
68 4816.0
69 4783.0
70 4750.0
71 4717.0
72 4685.0
73 4654.0
74 4623.0
75 4593.0
76 4563.0
77 4533.0
78 4503.0
79 4473.0
80 4444.0
81 4415.0
82 4385.0
83 4355.0
84 4326.0
85 4298.0
86 4270.0
87 4243.0
88 4215.0
89 4188.0
90 4161.0
91 4134.0
92 4107.0
93 4081.0
94 4055.0
95 4030.0
96 4005.0
97 3980.0
98 3955.0
99 3931.0
100 3907.0
101 3883.0
102 3859.0
103 3836.0
104 3813.0
105 3790.0
106 3767.0
107 3745.0
108 3722.0
109 3700.0
110 3679.0
111 3658.0
112 3637.0
113 3616.0
114 3595.0
115 3575.0
116 3554.0
117 3534.0
118 3514.0
119 3494.0
120 3474.0
121 3454.0
122 3434.0
123 3414.0
124 3394.0
125 3375.0
126 3355.0
127 3336.0
128 3317.0
129 3298.0
130 3279.0
131 3260.0
132 3241.0
133 3222.0
134 3204.0
135 3186.0
136 3168.0
137 3150.0
138 3132.0
139 3114.0
140 3096.0
141 3078.0
142 3061.0
143 3043.0
144 3026.0
145 3009.0
146 2992.0
147 2975.0
148 2958.0
149 2941.0
150 2925.0
151 2909.0
152 2893.0
153 2877.0
154 2861.0
155 2845.0
156 2829.0
157 2813.0
158 2798.0
159 2782.0
160 2767.0
161 2752.0
162 2737.0
163 2722.0
164 2708.0
165 2694.0
166 2680.0
167 2666.0
168 2652.0
169 2638.0
170 2624.0
171 2610.0
172 2596.0
173 2582.0
174 2568.0
175 2554.0
176 2540.0
177 2526.0
178 2512.0
179 2498.0
180 2484.0
181 2470.0
182 2456.0
183 2442.0
184 2429.0
185 2416.0
186 2403.0
187 2390.0
188 2377.0
189 2364.0
190 2351.0
191 2338.0
192 2325.0
193 2312.0
194 2299.0
195 2287.0
196 2275.0
197 2263.0
198 2251.0
199 2239.0
200 2227.0
201 2215.0
202 2203.0
203 2191.0
204 2179.0
205 2167.0
206 2155.0
207 2143.0
208 2131.0
209 2120.0
210 2109.0
211 2098.0
212 2087.0
213 2076.0
214 2065.0
215 2054.0
216 2043.0
217 2032.0
218 2021.0
219 2010.0
220 1999.0
221 1988.0
222 1977.0
223 1966.0
224 1955.0
225 1945.0
226 1935.0
227 1925.0
228 1915.0
229 1905.0
230 1895.0
231 1885.0
232 1875.0
233 1865.0
234 1855.0
235 1845.0
236 1835.0
237 1825.0
238 1815.0
239 1805.0
240 1795.0
241 1785.0
242 1775.0
243 1765.0
244 1756.0
245 1747.0
246 1738.0
247 1729.0
248 1720.0
249 1711.0
250 1702.0
251 1693.0
252 1684.0
253 1675.0
254 1666.0
255 1657.0
256 1648.0
257 1639.0
258 1630.0
259 1621.0
260 1612.0
261 1603.0
262 1594.0
263 1585.0
264 1576.0
265 1567.0
266 1558.0
267 1549.0
268 1541.0
269 1532.0
270 1524.0
271 1516.0
272 1508.0
273 1500.0
274 1492.0
275 1484.0
276 1476.0
277 1468.0
278 1460.0
279 1452.0
280 1444.0
281 1436.0
282 1428.0
283 1420.0
284 1412.0
285 1404.0
286 1396.0
287 1388.0
288 1380.0
289 1372.0
290 1364.0
291 1356.0
292 1348.0
293 1340.0
294 1332.0
295 1324.0
296 1316.0
297 1308.0
298 1300.0
299 1292.0
300 1284.0
301 1276.0
302 1268.0
303 1260.0
304 1253.0
305 1245.0
306 1238.0
307 1231.0
308 1224.0
309 1217.0
310 1210.0
311 1203.0
312 1196.0
313 1189.0
314 1182.0
315 1175.0
316 1168.0
317 1161.0
318 1154.0
319 1147.0
320 1140.0
321 1133.0
322 1126.0
323 1119.0
324 1112.0
325 1105.0
326 1098.0
327 1091.0
328 1084.0
329 1077.0
330 1070.0
331 1063.0
332 1056.0
333 1049.0
334 1043.0
335 1037.0
336 1031.0
337 1025.0
338 1019.0
339 1013.0
340 1007.0
341 1001.0
342 995.0
343 989.0
344 983.0
345 977.0
346 971.0
347 965.0
348 959.0
349 953.0
350 947.0
351 941.0
352 935.0
353 929.0
354 923.0
355 917.0
356 911.0
357 905.0
358 899.0
359 893.0
360 887.0
361 881.0
362 875.0
363 869.0
364 864.0
365 859.0
366 854.0
367 849.0
368 844.0
369 839.0
370 834.0
371 829.0
372 824.0
373 819.0
374 814.0
375 809.0
376 804.0
377 799.0
378 794.0
379 789.0
380 784.0
381 779.0
382 774.0
383 769.0
384 764.0
385 759.0
386 754.0
387 749.0
388 744.0
389 739.0
390 734.0
391 729.0
392 724.0
393 719.0
394 714.0
395 709.0
396 704.0
397 699.0
398 694.0
399 689.0
400 684.0
401 680.0
402 676.0
403 672.0
404 668.0
405 664.0
406 660.0
407 656.0
408 652.0
409 648.0
410 644.0
411 640.0
412 636.0
413 632.0
414 628.0
415 624.0
416 620.0
417 616.0
418 612.0
419 608.0
420 604.0
421 600.0
422 596.0
423 592.0
424 588.0
425 584.0
426 580.0
427 576.0
428 572.0
429 568.0
430 564.0
431 560.0
432 556.0
433 552.0
434 548.0
435 544.0
436 540.0
437 536.0
438 532.0
439 528.0
440 524.0
441 520.0
442 516.0
443 512.0
444 508.0
445 504.0
446 500.0
447 496.0
448 492.0
449 488.0
450 484.0
451 480.0
452 476.0
453 472.0
454 469.0
455 466.0
456 463.0
457 460.0
458 457.0
459 454.0
460 451.0
461 448.0
462 445.0
463 442.0
464 439.0
465 436.0
466 433.0
467 430.0
468 427.0
469 424.0
470 421.0
471 418.0
472 415.0
473 412.0
474 409.0
475 406.0
476 403.0
477 400.0
478 397.0
479 394.0
480 391.0
481 388.0
482 385.0
483 382.0
484 379.0
485 376.0
486 373.0
487 370.0
488 367.0
489 364.0
490 361.0
491 358.0
492 355.0
493 352.0
494 349.0
495 346.0
496 343.0
497 340.0
498 337.0
499 334.0
500 331.0
501 328.0
502 325.0
503 322.0
504 319.0
505 316.0
506 313.0
507 310.0
508 307.0
509 304.0
510 301.0
511 298.0
512 295.0
513 292.0
514 289.0
515 286.0
516 283.0
517 280.0
518 277.0
519 274.0
520 271.0
521 268.0
522 265.0
523 262.0
524 259.0
525 256.0
526 254.0
527 251.0
528 249.0
529 247.0
530 245.0
531 243.0
532 241.0
533 239.0
534 237.0
535 235.0
536 233.0
537 231.0
538 229.0
539 227.0
540 225.0
541 223.0
542 221.0
543 219.0
544 217.0
545 215.0
546 213.0
547 211.0
548 209.0
549 207.0
550 205.0
551 203.0
552 201.0
553 199.0
554 197.0
555 195.0
556 193.0
557 191.0
558 189.0
559 187.0
560 185.0
561 183.0
562 181.0
563 179.0
564 177.0
565 175.0
566 173.0
567 171.0
568 169.0
569 167.0
570 165.0
571 163.0
572 161.0
573 159.0
574 157.0
575 155.0
576 153.0
577 151.0
578 149.0
579 147.0
580 145.0
581 143.0
582 141.0
583 139.0
584 137.0
585 135.0
586 133.0
587 131.0
588 129.0
589 127.0
590 125.0
591 123.0
592 121.0
593 119.0
594 117.0
595 115.0
596 113.0
597 111.0
598 109.0
599 107.0
600 105.0
601 103.0
602 101.0
603 99.0
604 97.0
605 95.0
606 94.0
607 93.0
608 92.0
609 91.0
610 90.0
611 89.0
612 88.0
613 87.0
614 86.0
615 85.0
616 84.0
617 83.0
618 82.0
619 81.0
620 80.0
621 79.0
622 78.0
623 77.0
624 76.0
625 75.0
626 74.0
627 73.0
628 72.0
629 71.0
630 70.0
631 69.0
632 68.0
633 67.0
634 66.0
635 65.0
636 64.0
637 63.0
638 62.0
639 61.0
640 60.0
641 59.0
642 58.0
643 57.0
644 56.0
645 55.0
646 54.0
647 53.0
648 52.0
649 51.0
650 50.0
651 49.0
652 48.0
653 47.0
654 46.0
655 45.0
656 44.0
657 43.0
658 42.0
659 41.0
660 40.0
661 39.0
662 38.0
663 37.0
664 36.0
665 35.0
666 34.0
667 33.0
668 32.0
669 31.0
670 30.0
671 29.0
672 28.0
673 27.0
674 26.0
675 25.0
676 24.0
677 23.0
678 22.0
679 21.0
680 20.0
681 19.0
682 18.0
683 17.0
684 16.0
685 15.0
686 14.0
687 13.0
688 12.0
689 11.0
690 10.0
691 9.0
692 8.0
693 7.0
694 6.0
695 5.0
696 4.0
697 3.0
698 2.0
699 1.0
700 0.0
