1 196.93245277
2 158.035197744
3 129.903627854
4 113.804769483
5 106.97984647
6 100.273936499
7 93.6348350892
8 88.8144907247
9 84.1229008676
10 79.8280804715
11 75.9550971253
12 72.0947887856
13 68.8566783273
14 65.643256562
15 62.7442770765
16 59.9158499517
17 57.2700986407
18 54.8206088979
19 52.3711191551
20 49.9216294123
21 47.4721396695
22 45.1543024243
23 42.9182344468
24 40.6821664693
25 38.4460984918
26 36.2100305143
27 33.9739625368
28 31.9739625368
29 29.9739625368
30 27.9739625368
31 25.9739625368
32 23.9739625368
33 21.9739625368
34 19.9739625368
35 18.2419117293
36 16.5098609217
37 14.7778101141
38 13.0457593066
39 11.313708499
40 9.89949493661
41 8.48528137424
42 7.07106781187
43 5.65685424949
44 4.24264068712
45 2.82842712475
46 1.41421356237
47 0.0
